995                 
BP STK SMART,20150323,80732,40.14,1,0,0,0,0,0
BP STK SMART,20150323,80834,40.14,2,0,0,0,0,0
BP STK SMART,20150323,83956,40.15,1,0,0,0,0,0
BP STK SMART,20150323,84109,40.14,1,0,0,0,0,0
BP STK SMART,20150323,84329,40.11,1,0,0,0,0,0
BP STK SMART,20150323,84556,40.1,2,0,0,0,0,0
BP STK SMART,20150323,85224,40.14,2,0,0,0,0,0
BP STK SMART,20150323,85538,40.16,2,0,0,0,0,0
BP STK SMART,20150323,90028,40.18,1,0,0,0,0,0
BP STK SMART,20150323,90415,40.2,4,0,0,0,0,0
BP STK SMART,20150323,90415,40.22,1,0,0,0,0,0
BP STK SMART,20150323,91813,40.26,1,0,0,0,0,0
BP STK SMART,20150323,91909,40.29,1,0,0,0,0,0
BP STK SMART,20150323,91928,40.26,1,0,0,0,0,0
BP STK SMART,20150323,92527,40.26,4,0,0,0,0,0
BP STK SMART,20150323,92543,40.26,2,0,0,0,0,0
BP STK SMART,20150323,92559,40.28,3,0,0,0,0,0
BP STK SMART,20150323,92613,40.3,3,0,0,0,0,0
BP STK SMART,20150323,92628,40.3,1,0,0,0,0,0
BP STK SMART,20150323,92643,40.3,2,0,0,0,0,0
BP STK SMART,20150323,92654,40.3,1,0,0,0,0,0
BP STK SMART,20150323,92729,40.33,2,0,0,0,0,0
BP STK SMART,20150323,92813,40.32,1,0,0,0,0,0
BP STK SMART,20150323,92934,40.32,1,0,0,0,0,0
BP STK SMART,20150323,92956,40.3,2,0,0,0,0,0
BP STK SMART,20150323,93006,40.3,1,0,0,0,0,0
BP STK SMART,20150323,93023,40.31,2,0,0,0,0,0
BP STK SMART,20150323,93036,40.32,1,0,0,0,0,0
BP STK SMART,20150323,93045,40.35,3,0,0,0,0,0
BP STK SMART,20150323,93054,40.34,1,0,0,0,0,0
BP STK SMART,20150323,93059,40.33,1,0,0,0,0,0
BP STK SMART,20150323,93116,40.34,1,0,0,0,0,0
BP STK SMART,20150323,93133,40.34,1,0,0,0,0,0
BP STK SMART,20150323,93146,40.3,1,0,0,0,0,0
BP STK SMART,20150323,93157,40.29,3,0,0,0,0,0
BP STK SMART,20150323,93206,40.29,1,0,0,0,0,0
BP STK SMART,20150323,93210,40.28,1,0,0,0,0,0
BP STK SMART,20150323,93225,40.27,1,0,0,0,0,0
BP STK SMART,20150323,93231,40.26,1,0,0,0,0,0
BP STK SMART,20150323,93248,40.26,2,0,0,0,0,0
BP STK SMART,20150323,93306,40.29,1,0,0,0,0,0
BP STK SMART,20150323,93307,40.29,2,0,0,0,0,0
BP STK SMART,20150323,93321,40.31,1,0,0,0,0,0
BP STK SMART,20150323,93328,40.32,1,0,0,0,0,0
BP STK SMART,20150323,93338,40.32,1,0,0,0,0,0
BP STK SMART,20150323,93351,40.3,1,0,0,0,0,0
BP STK SMART,20150323,93426,40.27,1,0,0,0,0,0
BP STK SMART,20150323,93435,40.29,1,0,0,0,0,0
BP STK SMART,20150323,93441,40.31,1,0,0,0,0,0
BP STK SMART,20150323,93504,40.31,1,0,0,0,0,0
BP STK SMART,20150323,93513,40.3,1,0,0,0,0,0
BP STK SMART,20150323,93520,40.3,1,0,0,0,0,0
BP STK SMART,20150323,93535,40.29,1,0,0,0,0,0
BP STK SMART,20150323,93547,40.3,1,0,0,0,0,0
BP STK SMART,20150323,93600,40.29,14,0,0,0,0,0
BP STK SMART,20150323,93613,40.29,3,0,0,0,0,0
BP STK SMART,20150323,93623,40.31,1,0,0,0,0,0
BP STK SMART,20150323,93636,40.29,1,0,0,0,0,0
BP STK SMART,20150323,93657,40.3,10,0,0,0,0,0
BP STK SMART,20150323,93705,40.31,1,0,0,0,0,0
BP STK SMART,20150323,93721,40.3,1,0,0,0,0,0
BP STK SMART,20150323,93736,40.3,2,0,0,0,0,0
BP STK SMART,20150323,93741,40.28,1,0,0,0,0,0
BP STK SMART,20150323,93751,40.3,2,0,0,0,0,0
BP STK SMART,20150323,93837,40.32,2,0,0,0,0,0
BP STK SMART,20150323,93837,40.32,1,0,0,0,0,0
BP STK SMART,20150323,93850,40.33,1,0,0,0,0,0
BP STK SMART,20150323,93911,40.31,3,0,0,0,0,0
BP STK SMART,20150323,93926,40.33,1,0,0,0,0,0
BP STK SMART,20150323,93934,40.35,1,0,0,0,0,0
BP STK SMART,20150323,93943,40.35,4,0,0,0,0,0
BP STK SMART,20150323,93957,40.38,3,0,0,0,0,0
BP STK SMART,20150323,94026,40.35,2,0,0,0,0,0
BP STK SMART,20150323,94037,40.34,2,0,0,0,0,0
BP STK SMART,20150323,94038,40.34,1,0,0,0,0,0
BP STK SMART,20150323,94051,40.33,1,0,0,0,0,0
BP STK SMART,20150323,94103,40.33,2,0,0,0,0,0
BP STK SMART,20150323,94111,40.33,1,0,0,0,0,0
BP STK SMART,20150323,94127,40.33,4,0,0,0,0,0
BP STK SMART,20150323,94137,40.31,1,0,0,0,0,0
BP STK SMART,20150323,94142,40.3,4,0,0,0,0,0
BP STK SMART,20150323,94155,40.31,1,0,0,0,0,0
BP STK SMART,20150323,94204,40.34,1,0,0,0,0,0
BP STK SMART,20150323,94209,40.33,1,0,0,0,0,0
BP STK SMART,20150323,94226,40.35,1,0,0,0,0,0
BP STK SMART,20150323,94256,40.35,3,0,0,0,0,0
BP STK SMART,20150323,94303,40.34,1,0,0,0,0,0
BP STK SMART,20150323,94311,40.33,2,0,0,0,0,0
BP STK SMART,20150323,94323,40.34,1,0,0,0,0,0
BP STK SMART,20150323,94333,40.35,1,0,0,0,0,0
BP STK SMART,20150323,94347,40.34,1,0,0,0,0,0
BP STK SMART,20150323,94406,40.33,1,0,0,0,0,0
BP STK SMART,20150323,94416,40.35,1,0,0,0,0,0
BP STK SMART,20150323,94432,40.36,2,0,0,0,0,0
BP STK SMART,20150323,94445,40.37,7,0,0,0,0,0
BP STK SMART,20150323,94456,40.38,1,0,0,0,0,0
BP STK SMART,20150323,94513,40.39,1,0,0,0,0,0
BP STK SMART,20150323,94523,40.4,1,0,0,0,0,0
BP STK SMART,20150323,94535,40.4,1,0,0,0,0,0
BP STK SMART,20150323,94548,40.39,1,0,0,0,0,0
BP STK SMART,20150323,94604,40.38,1,0,0,0,0,0
BP STK SMART,20150323,94610,40.37,1,0,0,0,0,0
BP STK SMART,20150323,94641,40.36,2,0,0,0,0,0
BP STK SMART,20150323,94651,40.37,1,0,0,0,0,0
BP STK SMART,20150323,94713,40.37,1,0,0,0,0,0
BP STK SMART,20150323,94726,40.36,1,0,0,0,0,0
BP STK SMART,20150323,94736,40.36,2,0,0,0,0,0
BP STK SMART,20150323,94741,40.35,2,0,0,0,0,0
BP STK SMART,20150323,94811,40.36,1,0,0,0,0,0
BP STK SMART,20150323,94826,40.35,1,0,0,0,0,0
BP STK SMART,20150323,94831,40.35,1,0,0,0,0,0
BP STK SMART,20150323,94844,40.36,1,0,0,0,0,0
BP STK SMART,20150323,94902,40.36,3,0,0,0,0,0
BP STK SMART,20150323,94917,40.33,2,0,0,0,0,0
BP STK SMART,20150323,94924,40.35,2,0,0,0,0,0
BP STK SMART,20150323,94937,40.37,1,0,0,0,0,0
BP STK SMART,20150323,94945,40.36,2,0,0,0,0,0
BP STK SMART,20150323,94956,40.35,1,0,0,0,0,0
BP STK SMART,20150323,95003,40.35,2,0,0,0,0,0
BP STK SMART,20150323,95011,40.33,2,0,0,0,0,0
BP STK SMART,20150323,95026,40.32,1,0,0,0,0,0
BP STK SMART,20150323,95033,40.32,1,0,0,0,0,0
BP STK SMART,20150323,95057,40.32,2,0,0,0,0,0
BP STK SMART,20150323,95104,40.32,1,0,0,0,0,0
BP STK SMART,20150323,95111,40.33,1,0,0,0,0,0
BP STK SMART,20150323,95127,40.31,1,0,0,0,0,0
BP STK SMART,20150323,95134,40.32,1,0,0,0,0,0
BP STK SMART,20150323,95141,40.31,2,0,0,0,0,0
BP STK SMART,20150323,95156,40.31,1,0,0,0,0,0
BP STK SMART,20150323,95213,40.32,1,0,0,0,0,0
BP STK SMART,20150323,95236,40.32,2,0,0,0,0,0
BP STK SMART,20150323,95241,40.32,1,0,0,0,0,0
BP STK SMART,20150323,95314,40.3,1,0,0,0,0,0
BP STK SMART,20150323,95329,40.31,1,0,0,0,0,0
BP STK SMART,20150323,95339,40.3,1,0,0,0,0,0
BP STK SMART,20150323,95355,40.29,1,0,0,0,0,0
BP STK SMART,20150323,95415,40.27,1,0,0,0,0,0
BP STK SMART,20150323,95438,40.27,4,0,0,0,0,0
BP STK SMART,20150323,95440,40.27,1,0,0,0,0,0
BP STK SMART,20150323,95449,40.27,2,0,0,0,0,0
BP STK SMART,20150323,95527,40.26,1,0,0,0,0,0
BP STK SMART,20150323,95548,40.25,2,0,0,0,0,0
BP STK SMART,20150323,95548,40.25,1,0,0,0,0,0
BP STK SMART,20150323,95602,40.26,1,0,0,0,0,0
BP STK SMART,20150323,95618,40.27,1,0,0,0,0,0
BP STK SMART,20150323,95629,40.28,1,0,0,0,0,0
BP STK SMART,20150323,95647,40.32,1,0,0,0,0,0
BP STK SMART,20150323,95652,40.31,1,0,0,0,0,0
BP STK SMART,20150323,95710,40.3,1,0,0,0,0,0
BP STK SMART,20150323,95738,40.3,2,0,0,0,0,0
BP STK SMART,20150323,95804,40.31,2,0,0,0,0,0
BP STK SMART,20150323,95816,40.32,1,0,0,0,0,0
BP STK SMART,20150323,95830,40.31,1,0,0,0,0,0
BP STK SMART,20150323,95857,40.32,2,0,0,0,0,0
BP STK SMART,20150323,95915,40.34,1,0,0,0,0,0
BP STK SMART,20150323,95936,40.36,1,0,0,0,0,0
BP STK SMART,20150323,95946,40.35,1,0,0,0,0,0
BP STK SMART,20150323,100000,40.35,1,0,0,0,0,0
BP STK SMART,20150323,100018,40.33,1,0,0,0,0,0
BP STK SMART,20150323,100041,40.32,1,0,0,0,0,0
BP STK SMART,20150323,100058,40.31,2,0,0,0,0,0
BP STK SMART,20150323,100100,40.3,5,0,0,0,0,0
BP STK SMART,20150323,100122,40.28,1,0,0,0,0,0
BP STK SMART,20150323,100148,40.29,1,0,0,0,0,0
BP STK SMART,20150323,100218,40.3,1,0,0,0,0,0
BP STK SMART,20150323,100322,40.34,1,0,0,0,0,0
BP STK SMART,20150323,100351,40.33,1,0,0,0,0,0
BP STK SMART,20150323,100434,40.34,2,0,0,0,0,0
BP STK SMART,20150323,100440,40.33,1,0,0,0,0,0
BP STK SMART,20150323,100502,40.33,2,0,0,0,0,0
BP STK SMART,20150323,100528,40.33,1,0,0,0,0,0
BP STK SMART,20150323,100534,40.35,2,0,0,0,0,0
BP STK SMART,20150323,100546,40.34,1,0,0,0,0,0
BP STK SMART,20150323,100602,40.35,1,0,0,0,0,0
BP STK SMART,20150323,100613,40.36,1,0,0,0,0,0
BP STK SMART,20150323,100621,40.37,1,0,0,0,0,0
BP STK SMART,20150323,100634,40.36,1,0,0,0,0,0
BP STK SMART,20150323,100645,40.38,1,0,0,0,0,0
BP STK SMART,20150323,100702,40.39,1,0,0,0,0,0
BP STK SMART,20150323,100718,40.38,1,0,0,0,0,0
BP STK SMART,20150323,100721,40.38,2,0,0,0,0,0
BP STK SMART,20150323,100734,40.37,1,0,0,0,0,0
BP STK SMART,20150323,100806,40.36,1,0,0,0,0,0
BP STK SMART,20150323,100817,40.36,1,0,0,0,0,0
BP STK SMART,20150323,100826,40.35,1,0,0,0,0,0
BP STK SMART,20150323,100838,40.36,5,0,0,0,0,0
BP STK SMART,20150323,100840,40.35,2,0,0,0,0,0
BP STK SMART,20150323,100853,40.36,3,0,0,0,0,0
BP STK SMART,20150323,100904,40.37,1,0,0,0,0,0
BP STK SMART,20150323,100933,40.39,1,0,0,0,0,0
BP STK SMART,20150323,100953,40.37,1,0,0,0,0,0
BP STK SMART,20150323,101004,40.36,1,0,0,0,0,0
BP STK SMART,20150323,101109,40.37,1,0,0,0,0,0
BP STK SMART,20150323,101138,40.38,2,0,0,0,0,0
BP STK SMART,20150323,101151,40.35,1,0,0,0,0,0
BP STK SMART,20150323,101208,40.36,1,0,0,0,0,0
BP STK SMART,20150323,101223,40.34,1,0,0,0,0,0
BP STK SMART,20150323,101238,40.35,1,0,0,0,0,0
BP STK SMART,20150323,101241,40.36,1,0,0,0,0,0
BP STK SMART,20150323,101318,40.37,1,0,0,0,0,0
BP STK SMART,20150323,101321,40.39,1,0,0,0,0,0
BP STK SMART,20150323,101332,40.38,1,0,0,0,0,0
BP STK SMART,20150323,101451,40.37,1,0,0,0,0,0
BP STK SMART,20150323,101516,40.34,1,0,0,0,0,0
BP STK SMART,20150323,101543,40.33,1,0,0,0,0,0
BP STK SMART,20150323,101559,40.35,1,0,0,0,0,0
BP STK SMART,20150323,101608,40.36,1,0,0,0,0,0
BP STK SMART,20150323,101629,40.37,1,0,0,0,0,0
BP STK SMART,20150323,101629,40.36,1,0,0,0,0,0
BP STK SMART,20150323,101728,40.35,2,0,0,0,0,0
BP STK SMART,20150323,101732,40.35,1,0,0,0,0,0
BP STK SMART,20150323,101757,40.38,1,0,0,0,0,0
BP STK SMART,20150323,101835,40.37,1,0,0,0,0,0
BP STK SMART,20150323,101846,40.36,2,0,0,0,0,0
BP STK SMART,20150323,101856,40.36,1,0,0,0,0,0
BP STK SMART,20150323,101917,40.38,1,0,0,0,0,0
BP STK SMART,20150323,101933,40.38,1,0,0,0,0,0
BP STK SMART,20150323,101947,40.38,1,0,0,0,0,0
BP STK SMART,20150323,101951,40.37,1,0,0,0,0,0
BP STK SMART,20150323,102018,40.38,1,0,0,0,0,0
BP STK SMART,20150323,102024,40.38,1,0,0,0,0,0
BP STK SMART,20150323,102045,40.38,1,0,0,0,0,0
BP STK SMART,20150323,102118,40.36,1,0,0,0,0,0
BP STK SMART,20150323,102124,40.37,3,0,0,0,0,0
BP STK SMART,20150323,102129,40.38,1,0,0,0,0,0
BP STK SMART,20150323,102149,40.38,1,0,0,0,0,0
BP STK SMART,20150323,102153,40.37,1,0,0,0,0,0
BP STK SMART,20150323,102212,40.37,1,0,0,0,0,0
BP STK SMART,20150323,102236,40.36,1,0,0,0,0,0
BP STK SMART,20150323,102301,40.38,1,0,0,0,0,0
BP STK SMART,20150323,102311,40.37,2,0,0,0,0,0
BP STK SMART,20150323,102331,40.38,1,0,0,0,0,0
BP STK SMART,20150323,102342,40.39,1,0,0,0,0,0
BP STK SMART,20150323,102404,40.38,1,0,0,0,0,0
BP STK SMART,20150323,102420,40.39,1,0,0,0,0,0
BP STK SMART,20150323,102442,40.4,1,0,0,0,0,0
BP STK SMART,20150323,102456,40.39,2,0,0,0,0,0
BP STK SMART,20150323,102502,40.38,1,0,0,0,0,0
BP STK SMART,20150323,102523,40.37,1,0,0,0,0,0
BP STK SMART,20150323,102535,40.36,1,0,0,0,0,0
BP STK SMART,20150323,102548,40.38,1,0,0,0,0,0
BP STK SMART,20150323,102618,40.36,1,0,0,0,0,0
BP STK SMART,20150323,102653,40.35,1,0,0,0,0,0
BP STK SMART,20150323,102715,40.34,1,0,0,0,0,0
BP STK SMART,20150323,102728,40.33,1,0,0,0,0,0
BP STK SMART,20150323,102733,40.32,1,0,0,0,0,0
BP STK SMART,20150323,102753,40.31,2,0,0,0,0,0
BP STK SMART,20150323,102811,40.31,1,0,0,0,0,0
BP STK SMART,20150323,102829,40.32,1,0,0,0,0,0
BP STK SMART,20150323,102841,40.31,1,0,0,0,0,0
BP STK SMART,20150323,102852,40.31,2,0,0,0,0,0
BP STK SMART,20150323,102903,40.29,2,0,0,0,0,0
BP STK SMART,20150323,102911,40.29,1,0,0,0,0,0
BP STK SMART,20150323,102928,40.28,1,0,0,0,0,0
BP STK SMART,20150323,102939,40.29,1,0,0,0,0,0
BP STK SMART,20150323,102940,40.3,1,0,0,0,0,0
BP STK SMART,20150323,103023,40.28,1,0,0,0,0,0
BP STK SMART,20150323,103034,40.27,2,0,0,0,0,0
BP STK SMART,20150323,103049,40.26,2,0,0,0,0,0
BP STK SMART,20150323,103050,40.26,1,0,0,0,0,0
BP STK SMART,20150323,103134,40.27,2,0,0,0,0,0
BP STK SMART,20150323,103207,40.26,1,0,0,0,0,0
BP STK SMART,20150323,103219,40.25,2,0,0,0,0,0
BP STK SMART,20150323,103244,40.25,2,0,0,0,0,0
BP STK SMART,20150323,103255,40.25,1,0,0,0,0,0
BP STK SMART,20150323,103302,40.26,1,0,0,0,0,0
BP STK SMART,20150323,103329,40.25,1,0,0,0,0,0
BP STK SMART,20150323,103348,40.26,1,0,0,0,0,0
BP STK SMART,20150323,103422,40.25,1,0,0,0,0,0
BP STK SMART,20150323,103456,40.25,1,0,0,0,0,0
BP STK SMART,20150323,103504,40.24,1,0,0,0,0,0
BP STK SMART,20150323,103543,40.23,1,0,0,0,0,0
BP STK SMART,20150323,103628,40.21,1,0,0,0,0,0
BP STK SMART,20150323,103645,40.23,3,0,0,0,0,0
BP STK SMART,20150323,103705,40.24,5,0,0,0,0,0
BP STK SMART,20150323,103738,40.25,1,0,0,0,0,0
BP STK SMART,20150323,103751,40.26,1,0,0,0,0,0
BP STK SMART,20150323,103814,40.25,1,0,0,0,0,0
BP STK SMART,20150323,103901,40.25,1,0,0,0,0,0
BP STK SMART,20150323,103917,40.26,1,0,0,0,0,0
BP STK SMART,20150323,104019,40.25,2,0,0,0,0,0
BP STK SMART,20150323,104027,40.24,1,0,0,0,0,0
BP STK SMART,20150323,104044,40.25,1,0,0,0,0,0
BP STK SMART,20150323,104058,40.25,1,0,0,0,0,0
BP STK SMART,20150323,104107,40.23,1,0,0,0,0,0
BP STK SMART,20150323,104149,40.24,2,0,0,0,0,0
BP STK SMART,20150323,104156,40.24,1,0,0,0,0,0
BP STK SMART,20150323,104209,40.23,1,0,0,0,0,0
BP STK SMART,20150323,104215,40.23,2,0,0,0,0,0
BP STK SMART,20150323,104225,40.23,1,0,0,0,0,0
BP STK SMART,20150323,104316,40.23,1,0,0,0,0,0
BP STK SMART,20150323,104330,40.23,1,0,0,0,0,0
BP STK SMART,20150323,104345,40.24,1,0,0,0,0,0
BP STK SMART,20150323,104409,40.24,1,0,0,0,0,0
BP STK SMART,20150323,104417,40.23,1,0,0,0,0,0
BP STK SMART,20150323,104440,40.24,1,0,0,0,0,0
BP STK SMART,20150323,104507,40.23,1,0,0,0,0,0
BP STK SMART,20150323,104551,40.22,1,0,0,0,0,0
BP STK SMART,20150323,104611,40.2,1,0,0,0,0,0
BP STK SMART,20150323,104700,40.19,3,0,0,0,0,0
BP STK SMART,20150323,104710,40.18,1,0,0,0,0,0
BP STK SMART,20150323,104719,40.17,1,0,0,0,0,0
BP STK SMART,20150323,104727,40.16,1,0,0,0,0,0
BP STK SMART,20150323,104735,40.15,1,0,0,0,0,0
BP STK SMART,20150323,104806,40.13,2,0,0,0,0,0
BP STK SMART,20150323,104818,40.14,1,0,0,0,0,0
BP STK SMART,20150323,104915,40.15,1,0,0,0,0,0
BP STK SMART,20150323,104929,40.17,2,0,0,0,0,0
BP STK SMART,20150323,104938,40.18,2,0,0,0,0,0
BP STK SMART,20150323,104949,40.19,1,0,0,0,0,0
BP STK SMART,20150323,105005,40.22,1,0,0,0,0,0
BP STK SMART,20150323,105037,40.2,1,0,0,0,0,0
BP STK SMART,20150323,105100,40.22,1,0,0,0,0,0
BP STK SMART,20150323,105119,40.22,2,0,0,0,0,0
BP STK SMART,20150323,105123,40.2,1,0,0,0,0,0
BP STK SMART,20150323,105153,40.18,1,0,0,0,0,0
BP STK SMART,20150323,105209,40.18,1,0,0,0,0,0
BP STK SMART,20150323,105216,40.17,1,0,0,0,0,0
BP STK SMART,20150323,105224,40.18,1,0,0,0,0,0
BP STK SMART,20150323,105300,40.2,2,0,0,0,0,0
BP STK SMART,20150323,105307,40.2,4,0,0,0,0,0
BP STK SMART,20150323,105320,40.21,1,0,0,0,0,0
BP STK SMART,20150323,105346,40.23,1,0,0,0,0,0
BP STK SMART,20150323,105355,40.24,1,0,0,0,0,0
BP STK SMART,20150323,105428,40.23,1,0,0,0,0,0
BP STK SMART,20150323,105436,40.23,1,0,0,0,0,0
BP STK SMART,20150323,105457,40.22,1,0,0,0,0,0
BP STK SMART,20150323,105505,40.21,1,0,0,0,0,0
BP STK SMART,20150323,105518,40.2,1,0,0,0,0,0
BP STK SMART,20150323,105530,40.21,1,0,0,0,0,0
BP STK SMART,20150323,105540,40.21,2,0,0,0,0,0
BP STK SMART,20150323,105601,40.21,1,0,0,0,0,0
BP STK SMART,20150323,105625,40.22,3,0,0,0,0,0
BP STK SMART,20150323,105646,40.21,1,0,0,0,0,0
BP STK SMART,20150323,105707,40.2,1,0,0,0,0,0
BP STK SMART,20150323,105730,40.19,2,0,0,0,0,0
BP STK SMART,20150323,105749,40.19,1,0,0,0,0,0
BP STK SMART,20150323,105753,40.19,1,0,0,0,0,0
BP STK SMART,20150323,105811,40.18,2,0,0,0,0,0
BP STK SMART,20150323,105811,40.18,1,0,0,0,0,0
BP STK SMART,20150323,105832,40.17,2,0,0,0,0,0
BP STK SMART,20150323,105850,40.17,1,0,0,0,0,0
BP STK SMART,20150323,105901,40.15,1,0,0,0,0,0
BP STK SMART,20150323,105902,40.15,3,0,0,0,0,0
BP STK SMART,20150323,105929,40.14,1,0,0,0,0,0
BP STK SMART,20150323,105941,40.13,2,0,0,0,0,0
BP STK SMART,20150323,105946,40.13,1,0,0,0,0,0
BP STK SMART,20150323,110003,40.11,1,0,0,0,0,0
BP STK SMART,20150323,110016,40.11,5,0,0,0,0,0
BP STK SMART,20150323,110023,40.1,1,0,0,0,0,0
BP STK SMART,20150323,110155,40.06,1,0,0,0,0,0
BP STK SMART,20150323,110221,40.05,1,0,0,0,0,0
BP STK SMART,20150323,110346,40.06,2,0,0,0,0,0
BP STK SMART,20150323,110358,40.08,1,0,0,0,0,0
BP STK SMART,20150323,110403,40.07,1,0,0,0,0,0
BP STK SMART,20150323,110419,40.06,1,0,0,0,0,0
BP STK SMART,20150323,110424,40.08,1,0,0,0,0,0
BP STK SMART,20150323,110440,40.08,8,0,0,0,0,0
BP STK SMART,20150323,110454,40.05,1,0,0,0,0,0
BP STK SMART,20150323,110505,40.04,1,0,0,0,0,0
BP STK SMART,20150323,110529,40.05,1,0,0,0,0,0
BP STK SMART,20150323,110545,40.05,1,0,0,0,0,0
BP STK SMART,20150323,110639,40.06,1,0,0,0,0,0
BP STK SMART,20150323,110658,40.07,1,0,0,0,0,0
BP STK SMART,20150323,110706,40.06,1,0,0,0,0,0
BP STK SMART,20150323,110740,40.08,1,0,0,0,0,0
BP STK SMART,20150323,110751,40.09,1,0,0,0,0,0
BP STK SMART,20150323,110811,40.1,1,0,0,0,0,0
BP STK SMART,20150323,110815,40.11,1,0,0,0,0,0
BP STK SMART,20150323,111018,40.12,1,0,0,0,0,0
BP STK SMART,20150323,111118,40.1,1,0,0,0,0,0
BP STK SMART,20150323,111129,40.11,2,0,0,0,0,0
BP STK SMART,20150323,111138,40.11,1,0,0,0,0,0
BP STK SMART,20150323,111144,40.12,1,0,0,0,0,0
BP STK SMART,20150323,111219,40.13,1,0,0,0,0,0
BP STK SMART,20150323,111225,40.12,1,0,0,0,0,0
BP STK SMART,20150323,111241,40.13,1,0,0,0,0,0
BP STK SMART,20150323,111304,40.14,1,0,0,0,0,0
BP STK SMART,20150323,111354,40.14,1,0,0,0,0,0
BP STK SMART,20150323,111411,40.11,2,0,0,0,0,0
BP STK SMART,20150323,111426,40.09,1,0,0,0,0,0
BP STK SMART,20150323,111440,40.11,1,0,0,0,0,0
BP STK SMART,20150323,111450,40.12,1,0,0,0,0,0
BP STK SMART,20150323,111521,40.13,1,0,0,0,0,0
BP STK SMART,20150323,111602,40.14,3,0,0,0,0,0
BP STK SMART,20150323,111603,40.14,7,0,0,0,0,0
BP STK SMART,20150323,111651,40.15,1,0,0,0,0,0
BP STK SMART,20150323,111652,40.15,2,0,0,0,0,0
BP STK SMART,20150323,111721,40.15,1,0,0,0,0,0
BP STK SMART,20150323,111736,40.14,1,0,0,0,0,0
BP STK SMART,20150323,111756,40.15,1,0,0,0,0,0
BP STK SMART,20150323,111839,40.12,1,0,0,0,0,0
BP STK SMART,20150323,111903,40.13,1,0,0,0,0,0
BP STK SMART,20150323,111928,40.12,1,0,0,0,0,0
BP STK SMART,20150323,111939,40.13,1,0,0,0,0,0
BP STK SMART,20150323,112006,40.14,2,0,0,0,0,0
BP STK SMART,20150323,112038,40.13,1,0,0,0,0,0
BP STK SMART,20150323,112045,40.11,1,0,0,0,0,0
BP STK SMART,20150323,112110,40.1,1,0,0,0,0,0
BP STK SMART,20150323,112119,40.11,1,0,0,0,0,0
BP STK SMART,20150323,112135,40.12,1,0,0,0,0,0
BP STK SMART,20150323,112220,40.11,1,0,0,0,0,0
BP STK SMART,20150323,112225,40.11,1,0,0,0,0,0
BP STK SMART,20150323,112234,40.12,2,0,0,0,0,0
BP STK SMART,20150323,112245,40.13,2,0,0,0,0,0
BP STK SMART,20150323,112300,40.14,1,0,0,0,0,0
BP STK SMART,20150323,112312,40.14,2,0,0,0,0,0
BP STK SMART,20150323,112313,40.14,1,0,0,0,0,0
BP STK SMART,20150323,112341,40.14,5,0,0,0,0,0
BP STK SMART,20150323,112354,40.16,1,0,0,0,0,0
BP STK SMART,20150323,112432,40.16,1,0,0,0,0,0
BP STK SMART,20150323,112434,40.15,1,0,0,0,0,0
BP STK SMART,20150323,112446,40.16,1,0,0,0,0,0
BP STK SMART,20150323,112522,40.17,3,0,0,0,0,0
BP STK SMART,20150323,112523,40.17,1,0,0,0,0,0
BP STK SMART,20150323,112548,40.18,1,0,0,0,0,0
BP STK SMART,20150323,112702,40.17,1,0,0,0,0,0
BP STK SMART,20150323,112751,40.17,2,0,0,0,0,0
BP STK SMART,20150323,112802,40.18,1,0,0,0,0,0
BP STK SMART,20150323,112844,40.19,1,0,0,0,0,0
BP STK SMART,20150323,112910,40.18,3,0,0,0,0,0
BP STK SMART,20150323,112915,40.17,2,0,0,0,0,0
BP STK SMART,20150323,112927,40.17,1,0,0,0,0,0
BP STK SMART,20150323,112942,40.18,1,0,0,0,0,0
BP STK SMART,20150323,112946,40.19,1,0,0,0,0,0
BP STK SMART,20150323,113000,40.18,2,0,0,0,0,0
BP STK SMART,20150323,113013,40.18,1,0,0,0,0,0
BP STK SMART,20150323,113221,40.17,1,0,0,0,0,0
BP STK SMART,20150323,113238,40.18,1,0,0,0,0,0
BP STK SMART,20150323,113408,40.16,1,0,0,0,0,0
BP STK SMART,20150323,113416,40.15,3,0,0,0,0,0
BP STK SMART,20150323,113430,40.13,2,0,0,0,0,0
BP STK SMART,20150323,113433,40.12,1,0,0,0,0,0
BP STK SMART,20150323,113534,40.13,1,0,0,0,0,0
BP STK SMART,20150323,113552,40.14,1,0,0,0,0,0
BP STK SMART,20150323,113722,40.13,1,0,0,0,0,0
BP STK SMART,20150323,113746,40.14,1,0,0,0,0,0
BP STK SMART,20150323,113759,40.14,3,0,0,0,0,0
BP STK SMART,20150323,113822,40.13,2,0,0,0,0,0
BP STK SMART,20150323,113835,40.12,1,0,0,0,0,0
BP STK SMART,20150323,113902,40.13,1,0,0,0,0,0
BP STK SMART,20150323,113909,40.15,2,0,0,0,0,0
BP STK SMART,20150323,113953,40.14,4,0,0,0,0,0
BP STK SMART,20150323,114000,40.13,1,0,0,0,0,0
BP STK SMART,20150323,114016,40.14,1,0,0,0,0,0
BP STK SMART,20150323,114033,40.15,1,0,0,0,0,0
BP STK SMART,20150323,114111,40.15,3,0,0,0,0,0
BP STK SMART,20150323,114127,40.15,1,0,0,0,0,0
BP STK SMART,20150323,114222,40.16,1,0,0,0,0,0
BP STK SMART,20150323,114253,40.15,1,0,0,0,0,0
BP STK SMART,20150323,114302,40.15,1,0,0,0,0,0
BP STK SMART,20150323,114347,40.14,1,0,0,0,0,0
BP STK SMART,20150323,114423,40.15,1,0,0,0,0,0
BP STK SMART,20150323,114426,40.15,1,0,0,0,0,0
BP STK SMART,20150323,114516,40.14,2,0,0,0,0,0
BP STK SMART,20150323,114538,40.14,1,0,0,0,0,0
BP STK SMART,20150323,114612,40.15,2,0,0,0,0,0
BP STK SMART,20150323,114620,40.15,2,0,0,0,0,0
BP STK SMART,20150323,114624,40.15,1,0,0,0,0,0
BP STK SMART,20150323,114721,40.15,1,0,0,0,0,0
BP STK SMART,20150323,114824,40.15,1,0,0,0,0,0
BP STK SMART,20150323,114902,40.14,1,0,0,0,0,0
BP STK SMART,20150323,114935,40.13,1,0,0,0,0,0
BP STK SMART,20150323,114952,40.14,1,0,0,0,0,0
BP STK SMART,20150323,115003,40.15,1,0,0,0,0,0
BP STK SMART,20150323,115142,40.16,1,0,0,0,0,0
BP STK SMART,20150323,115216,40.17,1,0,0,0,0,0
BP STK SMART,20150323,115246,40.17,1,0,0,0,0,0
BP STK SMART,20150323,115342,40.2,2,0,0,0,0,0
BP STK SMART,20150323,115401,40.18,1,0,0,0,0,0
BP STK SMART,20150323,115424,40.17,2,0,0,0,0,0
BP STK SMART,20150323,115506,40.18,2,0,0,0,0,0
BP STK SMART,20150323,115524,40.16,1,0,0,0,0,0
BP STK SMART,20150323,115530,40.15,3,0,0,0,0,0
BP STK SMART,20150323,115550,40.16,1,0,0,0,0,0
BP STK SMART,20150323,115616,40.15,1,0,0,0,0,0
BP STK SMART,20150323,115708,40.16,1,0,0,0,0,0
BP STK SMART,20150323,115731,40.18,1,0,0,0,0,0
BP STK SMART,20150323,115746,40.17,1,0,0,0,0,0
BP STK SMART,20150323,115759,40.19,1,0,0,0,0,0
BP STK SMART,20150323,115807,40.18,1,0,0,0,0,0
BP STK SMART,20150323,115819,40.19,1,0,0,0,0,0
BP STK SMART,20150323,115837,40.18,1,0,0,0,0,0
BP STK SMART,20150323,115851,40.17,1,0,0,0,0,0
BP STK SMART,20150323,115856,40.17,1,0,0,0,0,0
BP STK SMART,20150323,115913,40.17,1,0,0,0,0,0
BP STK SMART,20150323,115943,40.16,1,0,0,0,0,0
BP STK SMART,20150323,120001,40.14,3,0,0,0,0,0
BP STK SMART,20150323,120024,40.13,1,0,0,0,0,0
BP STK SMART,20150323,120024,40.13,2,0,0,0,0,0
BP STK SMART,20150323,120051,40.12,1,0,0,0,0,0
BP STK SMART,20150323,120102,40.13,1,0,0,0,0,0
BP STK SMART,20150323,120143,40.12,1,0,0,0,0,0
BP STK SMART,20150323,120154,40.1,2,0,0,0,0,0
BP STK SMART,20150323,120155,40.1,1,0,0,0,0,0
BP STK SMART,20150323,120208,40.11,1,0,0,0,0,0
BP STK SMART,20150323,120231,40.11,2,0,0,0,0,0
BP STK SMART,20150323,120244,40.12,1,0,0,0,0,0
BP STK SMART,20150323,120255,40.13,2,0,0,0,0,0
BP STK SMART,20150323,120311,40.14,1,0,0,0,0,0
BP STK SMART,20150323,120330,40.13,4,0,0,0,0,0
BP STK SMART,20150323,120354,40.14,1,0,0,0,0,0
BP STK SMART,20150323,120358,40.15,1,0,0,0,0,0
BP STK SMART,20150323,120433,40.16,1,0,0,0,0,0
BP STK SMART,20150323,120527,40.14,1,0,0,0,0,0
BP STK SMART,20150323,120557,40.13,1,0,0,0,0,0
BP STK SMART,20150323,120644,40.12,1,0,0,0,0,0
BP STK SMART,20150323,120712,40.13,1,0,0,0,0,0
BP STK SMART,20150323,120756,40.13,2,0,0,0,0,0
BP STK SMART,20150323,120921,40.1,1,0,0,0,0,0
BP STK SMART,20150323,121011,40.11,1,0,0,0,0,0
BP STK SMART,20150323,121015,40.11,2,0,0,0,0,0
BP STK SMART,20150323,121030,40.11,1,0,0,0,0,0
BP STK SMART,20150323,121044,40.12,1,0,0,0,0,0
BP STK SMART,20150323,121107,40.12,7,0,0,0,0,0
BP STK SMART,20150323,121139,40.1,1,0,0,0,0,0
BP STK SMART,20150323,121201,40.1,8,0,0,0,0,0
BP STK SMART,20150323,121312,40.09,1,0,0,0,0,0
BP STK SMART,20150323,121319,40.08,1,0,0,0,0,0
BP STK SMART,20150323,121433,40.09,1,0,0,0,0,0
BP STK SMART,20150323,121447,40.08,1,0,0,0,0,0
BP STK SMART,20150323,121604,40.09,1,0,0,0,0,0
BP STK SMART,20150323,121611,40.08,2,0,0,0,0,0
BP STK SMART,20150323,121622,40.07,1,0,0,0,0,0
BP STK SMART,20150323,121630,40.08,1,0,0,0,0,0
BP STK SMART,20150323,121635,40.07,1,0,0,0,0,0
BP STK SMART,20150323,121717,40.05,1,0,0,0,0,0
BP STK SMART,20150323,121738,40.04,1,0,0,0,0,0
BP STK SMART,20150323,121819,40.06,1,0,0,0,0,0
BP STK SMART,20150323,121850,40.06,1,0,0,0,0,0
BP STK SMART,20150323,121907,40.08,1,0,0,0,0,0
BP STK SMART,20150323,121918,40.07,1,0,0,0,0,0
BP STK SMART,20150323,121938,40.08,1,0,0,0,0,0
BP STK SMART,20150323,121953,40.07,1,0,0,0,0,0
BP STK SMART,20150323,122004,40.08,1,0,0,0,0,0
BP STK SMART,20150323,122028,40.09,1,0,0,0,0,0
BP STK SMART,20150323,122044,40.1,1,0,0,0,0,0
BP STK SMART,20150323,122052,40.12,2,0,0,0,0,0
BP STK SMART,20150323,122111,40.13,1,0,0,0,0,0
BP STK SMART,20150323,122121,40.13,1,0,0,0,0,0
BP STK SMART,20150323,122129,40.12,2,0,0,0,0,0
BP STK SMART,20150323,122139,40.12,1,0,0,0,0,0
BP STK SMART,20150323,122150,40.13,1,0,0,0,0,0
BP STK SMART,20150323,122205,40.14,1,0,0,0,0,0
BP STK SMART,20150323,122230,40.16,1,0,0,0,0,0
BP STK SMART,20150323,122238,40.16,1,0,0,0,0,0
BP STK SMART,20150323,122255,40.17,1,0,0,0,0,0
BP STK SMART,20150323,122306,40.17,2,0,0,0,0,0
BP STK SMART,20150323,122327,40.19,2,0,0,0,0,0
BP STK SMART,20150323,122337,40.19,1,0,0,0,0,0
BP STK SMART,20150323,122352,40.19,2,0,0,0,0,0
BP STK SMART,20150323,122412,40.2,2,0,0,0,0,0
BP STK SMART,20150323,122416,40.19,1,0,0,0,0,0
BP STK SMART,20150323,122445,40.18,1,0,0,0,0,0
BP STK SMART,20150323,122455,40.18,2,0,0,0,0,0
BP STK SMART,20150323,122514,40.18,2,0,0,0,0,0
BP STK SMART,20150323,122517,40.16,2,0,0,0,0,0
BP STK SMART,20150323,122605,40.15,1,0,0,0,0,0
BP STK SMART,20150323,122615,40.16,1,0,0,0,0,0
BP STK SMART,20150323,122630,40.16,3,0,0,0,0,0
BP STK SMART,20150323,122638,40.16,1,0,0,0,0,0
BP STK SMART,20150323,122732,40.14,1,0,0,0,0,0
BP STK SMART,20150323,122808,40.13,1,0,0,0,0,0
BP STK SMART,20150323,122851,40.11,1,0,0,0,0,0
BP STK SMART,20150323,122923,40.12,1,0,0,0,0,0
BP STK SMART,20150323,123034,40.13,1,0,0,0,0,0
BP STK SMART,20150323,123039,40.14,1,0,0,0,0,0
BP STK SMART,20150323,123110,40.16,1,0,0,0,0,0
BP STK SMART,20150323,123155,40.17,2,0,0,0,0,0
BP STK SMART,20150323,123218,40.16,1,0,0,0,0,0
BP STK SMART,20150323,123232,40.17,2,0,0,0,0,0
BP STK SMART,20150323,123245,40.17,1,0,0,0,0,0
BP STK SMART,20150323,123249,40.18,1,0,0,0,0,0
BP STK SMART,20150323,123257,40.17,1,0,0,0,0,0
BP STK SMART,20150323,123334,40.15,1,0,0,0,0,0
BP STK SMART,20150323,123340,40.16,2,0,0,0,0,0
BP STK SMART,20150323,123348,40.17,1,0,0,0,0,0
BP STK SMART,20150323,123405,40.18,1,0,0,0,0,0
BP STK SMART,20150323,123425,40.21,2,0,0,0,0,0
BP STK SMART,20150323,123427,40.22,1,0,0,0,0,0
BP STK SMART,20150323,123516,40.21,1,0,0,0,0,0
BP STK SMART,20150323,123518,40.22,1,0,0,0,0,0
BP STK SMART,20150323,123535,40.22,2,0,0,0,0,0
BP STK SMART,20150323,123544,40.21,1,0,0,0,0,0
BP STK SMART,20150323,123552,40.21,2,0,0,0,0,0
BP STK SMART,20150323,123624,40.21,4,0,0,0,0,0
BP STK SMART,20150323,123634,40.21,1,0,0,0,0,0
BP STK SMART,20150323,123637,40.22,1,0,0,0,0,0
BP STK SMART,20150323,123656,40.21,1,0,0,0,0,0
BP STK SMART,20150323,123727,40.22,1,0,0,0,0,0
BP STK SMART,20150323,123802,40.22,1,0,0,0,0,0
BP STK SMART,20150323,123829,40.22,1,0,0,0,0,0
BP STK SMART,20150323,123838,40.23,1,0,0,0,0,0
BP STK SMART,20150323,123855,40.21,1,0,0,0,0,0
BP STK SMART,20150323,123906,40.2,1,0,0,0,0,0
BP STK SMART,20150323,123948,40.21,1,0,0,0,0,0
BP STK SMART,20150323,124000,40.22,1,0,0,0,0,0
BP STK SMART,20150323,124026,40.22,2,0,0,0,0,0
BP STK SMART,20150323,124036,40.22,1,0,0,0,0,0
BP STK SMART,20150323,124053,40.2,1,0,0,0,0,0
BP STK SMART,20150323,124101,40.2,1,0,0,0,0,0
BP STK SMART,20150323,124209,40.18,1,0,0,0,0,0
BP STK SMART,20150323,124306,40.17,1,0,0,0,0,0
BP STK SMART,20150323,124307,40.17,2,0,0,0,0,0
BP STK SMART,20150323,124334,40.18,1,0,0,0,0,0
BP STK SMART,20150323,124405,40.17,1,0,0,0,0,0
BP STK SMART,20150323,124514,40.19,1,0,0,0,0,0
BP STK SMART,20150323,124632,40.18,1,0,0,0,0,0
BP STK SMART,20150323,124828,40.17,1,0,0,0,0,0
BP STK SMART,20150323,124838,40.18,1,0,0,0,0,0
BP STK SMART,20150323,125025,40.17,1,0,0,0,0,0
BP STK SMART,20150323,125109,40.16,1,0,0,0,0,0
BP STK SMART,20150323,125128,40.17,1,0,0,0,0,0
BP STK SMART,20150323,125240,40.15,1,0,0,0,0,0
BP STK SMART,20150323,125343,40.16,1,0,0,0,0,0
BP STK SMART,20150323,125402,40.15,1,0,0,0,0,0
BP STK SMART,20150323,125414,40.14,1,0,0,0,0,0
BP STK SMART,20150323,125420,40.14,1,0,0,0,0,0
BP STK SMART,20150323,125614,40.13,1,0,0,0,0,0
BP STK SMART,20150323,125656,40.12,1,0,0,0,0,0
BP STK SMART,20150323,125707,40.13,1,0,0,0,0,0
BP STK SMART,20150323,125750,40.13,2,0,0,0,0,0
BP STK SMART,20150323,125902,40.12,1,0,0,0,0,0
BP STK SMART,20150323,125915,40.13,1,0,0,0,0,0
BP STK SMART,20150323,130001,40.12,2,0,0,0,0,0
BP STK SMART,20150323,130029,40.11,1,0,0,0,0,0
BP STK SMART,20150323,130213,40.11,1,0,0,0,0,0
BP STK SMART,20150323,130236,40.1,1,0,0,0,0,0
BP STK SMART,20150323,130316,40.1,1,0,0,0,0,0
BP STK SMART,20150323,130347,40.11,1,0,0,0,0,0
BP STK SMART,20150323,130356,40.12,3,0,0,0,0,0
BP STK SMART,20150323,130436,40.11,1,0,0,0,0,0
BP STK SMART,20150323,130608,40.11,1,0,0,0,0,0
BP STK SMART,20150323,130628,40.11,2,0,0,0,0,0
BP STK SMART,20150323,130703,40.1,1,0,0,0,0,0
BP STK SMART,20150323,130811,40.11,2,0,0,0,0,0
BP STK SMART,20150323,130819,40.12,1,0,0,0,0,0
BP STK SMART,20150323,130913,40.1,1,0,0,0,0,0
BP STK SMART,20150323,130922,40.11,1,0,0,0,0,0
BP STK SMART,20150323,131002,40.12,1,0,0,0,0,0
BP STK SMART,20150323,131026,40.11,2,0,0,0,0,0
BP STK SMART,20150323,131031,40.11,1,0,0,0,0,0
BP STK SMART,20150323,131117,40.1,1,0,0,0,0,0
BP STK SMART,20150323,131122,40.11,1,0,0,0,0,0
BP STK SMART,20150323,131237,40.12,1,0,0,0,0,0
BP STK SMART,20150323,131339,40.11,1,0,0,0,0,0
BP STK SMART,20150323,131442,40.1,2,0,0,0,0,0
BP STK SMART,20150323,131555,40.09,1,0,0,0,0,0
BP STK SMART,20150323,131657,40.1,1,0,0,0,0,0
BP STK SMART,20150323,131705,40.1,1,0,0,0,0,0
BP STK SMART,20150323,131854,40.1,4,0,0,0,0,0
BP STK SMART,20150323,131942,40.1,1,0,0,0,0,0
BP STK SMART,20150323,131953,40.11,1,0,0,0,0,0
BP STK SMART,20150323,132020,40.12,1,0,0,0,0,0
BP STK SMART,20150323,132048,40.11,1,0,0,0,0,0
BP STK SMART,20150323,132054,40.13,1,0,0,0,0,0
BP STK SMART,20150323,132106,40.13,1,0,0,0,0,0
BP STK SMART,20150323,132156,40.12,1,0,0,0,0,0
BP STK SMART,20150323,132202,40.13,1,0,0,0,0,0
BP STK SMART,20150323,132230,40.12,1,0,0,0,0,0
BP STK SMART,20150323,132642,40.12,2,0,0,0,0,0
BP STK SMART,20150323,132920,40.12,1,0,0,0,0,0
BP STK SMART,20150323,133002,40.13,1,0,0,0,0,0
BP STK SMART,20150323,133053,40.12,1,0,0,0,0,0
BP STK SMART,20150323,133108,40.12,1,0,0,0,0,0
BP STK SMART,20150323,133220,40.12,2,0,0,0,0,0
BP STK SMART,20150323,133238,40.12,3,0,0,0,0,0
BP STK SMART,20150323,133323,40.12,1,0,0,0,0,0
BP STK SMART,20150323,133343,40.13,4,0,0,0,0,0
BP STK SMART,20150323,133411,40.13,1,0,0,0,0,0
BP STK SMART,20150323,133547,40.14,1,0,0,0,0,0
BP STK SMART,20150323,133608,40.16,1,0,0,0,0,0
BP STK SMART,20150323,133718,40.16,1,0,0,0,0,0
BP STK SMART,20150323,133721,40.16,1,0,0,0,0,0
BP STK SMART,20150323,133830,40.17,1,0,0,0,0,0
BP STK SMART,20150323,133853,40.18,1,0,0,0,0,0
BP STK SMART,20150323,133934,40.19,1,0,0,0,0,0
BP STK SMART,20150323,133944,40.2,1,0,0,0,0,0
BP STK SMART,20150323,134039,40.21,1,0,0,0,0,0
BP STK SMART,20150323,134136,40.22,1,0,0,0,0,0
BP STK SMART,20150323,134219,40.23,1,0,0,0,0,0
BP STK SMART,20150323,134225,40.22,1,0,0,0,0,0
BP STK SMART,20150323,134232,40.22,1,0,0,0,0,0
BP STK SMART,20150323,134317,40.23,1,0,0,0,0,0
BP STK SMART,20150323,134413,40.24,1,0,0,0,0,0
BP STK SMART,20150323,134557,40.24,2,0,0,0,0,0
BP STK SMART,20150323,134616,40.24,1,0,0,0,0,0
BP STK SMART,20150323,134634,40.23,1,0,0,0,0,0
BP STK SMART,20150323,134646,40.24,2,0,0,0,0,0
BP STK SMART,20150323,134653,40.23,1,0,0,0,0,0
BP STK SMART,20150323,134734,40.22,1,0,0,0,0,0
BP STK SMART,20150323,134815,40.2,1,0,0,0,0,0
BP STK SMART,20150323,134922,40.19,2,0,0,0,0,0
BP STK SMART,20150323,134943,40.19,2,0,0,0,0,0
BP STK SMART,20150323,135002,40.19,1,0,0,0,0,0
BP STK SMART,20150323,135029,40.2,1,0,0,0,0,0
BP STK SMART,20150323,135038,40.19,3,0,0,0,0,0
BP STK SMART,20150323,135051,40.18,2,0,0,0,0,0
BP STK SMART,20150323,135103,40.18,1,0,0,0,0,0
BP STK SMART,20150323,135123,40.18,2,0,0,0,0,0
BP STK SMART,20150323,135134,40.18,1,0,0,0,0,0
BP STK SMART,20150323,135323,40.17,1,0,0,0,0,0
BP STK SMART,20150323,135425,40.16,1,0,0,0,0,0
BP STK SMART,20150323,135556,40.15,1,0,0,0,0,0
BP STK SMART,20150323,135615,40.16,1,0,0,0,0,0
BP STK SMART,20150323,135723,40.15,1,0,0,0,0,0
BP STK SMART,20150323,135818,40.14,1,0,0,0,0,0
BP STK SMART,20150323,135834,40.14,1,0,0,0,0,0
BP STK SMART,20150323,135848,40.15,1,0,0,0,0,0
BP STK SMART,20150323,135902,40.14,1,0,0,0,0,0
BP STK SMART,20150323,135926,40.13,1,0,0,0,0,0
BP STK SMART,20150323,135950,40.13,2,0,0,0,0,0
BP STK SMART,20150323,140018,40.15,1,0,0,0,0,0
BP STK SMART,20150323,140050,40.13,1,0,0,0,0,0
BP STK SMART,20150323,140209,40.14,1,0,0,0,0,0
BP STK SMART,20150323,140216,40.14,2,0,0,0,0,0
BP STK SMART,20150323,140227,40.15,1,0,0,0,0,0
BP STK SMART,20150323,140345,40.15,2,0,0,0,0,0
BP STK SMART,20150323,140516,40.15,3,0,0,0,0,0
BP STK SMART,20150323,140524,40.15,2,0,0,0,0,0
BP STK SMART,20150323,140545,40.16,1,0,0,0,0,0
BP STK SMART,20150323,140637,40.15,1,0,0,0,0,0
BP STK SMART,20150323,140703,40.16,4,0,0,0,0,0
BP STK SMART,20150323,140738,40.15,1,0,0,0,0,0
BP STK SMART,20150323,140749,40.14,1,0,0,0,0,0
BP STK SMART,20150323,140755,40.14,1,0,0,0,0,0
BP STK SMART,20150323,140850,40.14,3,0,0,0,0,0
BP STK SMART,20150323,140919,40.14,1,0,0,0,0,0
BP STK SMART,20150323,140935,40.14,1,0,0,0,0,0
BP STK SMART,20150323,140952,40.15,1,0,0,0,0,0
BP STK SMART,20150323,141020,40.15,5,0,0,0,0,0
BP STK SMART,20150323,141027,40.16,1,0,0,0,0,0
BP STK SMART,20150323,141057,40.15,1,0,0,0,0,0
BP STK SMART,20150323,141113,40.15,1,0,0,0,0,0
BP STK SMART,20150323,141159,40.14,2,0,0,0,0,0
BP STK SMART,20150323,141228,40.13,1,0,0,0,0,0
BP STK SMART,20150323,141317,40.15,1,0,0,0,0,0
BP STK SMART,20150323,141334,40.16,1,0,0,0,0,0
BP STK SMART,20150323,141349,40.17,1,0,0,0,0,0
BP STK SMART,20150323,141410,40.18,1,0,0,0,0,0
BP STK SMART,20150323,141418,40.18,4,0,0,0,0,0
BP STK SMART,20150323,141429,40.19,1,0,0,0,0,0
BP STK SMART,20150323,141440,40.17,1,0,0,0,0,0
BP STK SMART,20150323,141511,40.17,3,0,0,0,0,0
BP STK SMART,20150323,141511,40.17,1,0,0,0,0,0
BP STK SMART,20150323,141606,40.18,1,0,0,0,0,0
BP STK SMART,20150323,141650,40.18,5,0,0,0,0,0
BP STK SMART,20150323,141711,40.17,1,0,0,0,0,0
BP STK SMART,20150323,141739,40.18,1,0,0,0,0,0
BP STK SMART,20150323,141746,40.18,1,0,0,0,0,0
BP STK SMART,20150323,141850,40.15,1,0,0,0,0,0
BP STK SMART,20150323,141920,40.16,2,0,0,0,0,0
BP STK SMART,20150323,141941,40.16,1,0,0,0,0,0
BP STK SMART,20150323,142013,40.17,1,0,0,0,0,0
BP STK SMART,20150323,142101,40.16,1,0,0,0,0,0
BP STK SMART,20150323,142108,40.16,1,0,0,0,0,0
BP STK SMART,20150323,142141,40.16,2,0,0,0,0,0
BP STK SMART,20150323,142148,40.17,1,0,0,0,0,0
BP STK SMART,20150323,142302,40.18,1,0,0,0,0,0
BP STK SMART,20150323,142351,40.19,1,0,0,0,0,0
BP STK SMART,20150323,142409,40.18,3,0,0,0,0,0
BP STK SMART,20150323,142426,40.19,1,0,0,0,0,0
BP STK SMART,20150323,142441,40.19,2,0,0,0,0,0
BP STK SMART,20150323,142457,40.18,1,0,0,0,0,0
BP STK SMART,20150323,142507,40.19,1,0,0,0,0,0
BP STK SMART,20150323,142544,40.2,2,0,0,0,0,0
BP STK SMART,20150323,142552,40.2,1,0,0,0,0,0
BP STK SMART,20150323,142610,40.19,1,0,0,0,0,0
BP STK SMART,20150323,142629,40.2,1,0,0,0,0,0
BP STK SMART,20150323,142641,40.22,2,0,0,0,0,0
BP STK SMART,20150323,142651,40.22,1,0,0,0,0,0
BP STK SMART,20150323,142729,40.22,2,0,0,0,0,0
BP STK SMART,20150323,142737,40.22,1,0,0,0,0,0
BP STK SMART,20150323,142744,40.23,1,0,0,0,0,0
BP STK SMART,20150323,142758,40.23,1,0,0,0,0,0
BP STK SMART,20150323,142824,40.23,1,0,0,0,0,0
BP STK SMART,20150323,142850,40.22,1,0,0,0,0,0
BP STK SMART,20150323,142854,40.22,1,0,0,0,0,0
BP STK SMART,20150323,142906,40.23,1,0,0,0,0,0
BP STK SMART,20150323,142929,40.24,1,0,0,0,0,0
BP STK SMART,20150323,142955,40.23,1,0,0,0,0,0
BP STK SMART,20150323,143011,40.23,1,0,0,0,0,0
BP STK SMART,20150323,143031,40.22,2,0,0,0,0,0
BP STK SMART,20150323,143114,40.21,1,0,0,0,0,0
BP STK SMART,20150323,143200,40.2,1,0,0,0,0,0
BP STK SMART,20150323,143250,40.19,1,0,0,0,0,0
BP STK SMART,20150323,143449,40.19,1,0,0,0,0,0
BP STK SMART,20150323,143504,40.2,1,0,0,0,0,0
BP STK SMART,20150323,143554,40.19,1,0,0,0,0,0
BP STK SMART,20150323,143712,40.19,3,0,0,0,0,0
BP STK SMART,20150323,143720,40.2,1,0,0,0,0,0
BP STK SMART,20150323,143726,40.2,1,0,0,0,0,0
BP STK SMART,20150323,143741,40.21,1,0,0,0,0,0
BP STK SMART,20150323,143812,40.2,1,0,0,0,0,0
BP STK SMART,20150323,143922,40.19,1,0,0,0,0,0
BP STK SMART,20150323,144011,40.2,1,0,0,0,0,0
BP STK SMART,20150323,144029,40.19,1,0,0,0,0,0
BP STK SMART,20150323,144039,40.19,2,0,0,0,0,0
BP STK SMART,20150323,144055,40.19,1,0,0,0,0,0
BP STK SMART,20150323,144121,40.2,1,0,0,0,0,0
BP STK SMART,20150323,144146,40.2,1,0,0,0,0,0
BP STK SMART,20150323,144222,40.19,2,0,0,0,0,0
BP STK SMART,20150323,144225,40.2,1,0,0,0,0,0
BP STK SMART,20150323,144239,40.2,1,0,0,0,0,0
BP STK SMART,20150323,144418,40.2,1,0,0,0,0,0
BP STK SMART,20150323,144432,40.19,1,0,0,0,0,0
BP STK SMART,20150323,144457,40.19,2,0,0,0,0,0
BP STK SMART,20150323,144508,40.19,1,0,0,0,0,0
BP STK SMART,20150323,144534,40.19,2,0,0,0,0,0
BP STK SMART,20150323,144603,40.18,1,0,0,0,0,0
BP STK SMART,20150323,144637,40.17,1,0,0,0,0,0
BP STK SMART,20150323,144646,40.18,1,0,0,0,0,0
BP STK SMART,20150323,144653,40.18,2,0,0,0,0,0
BP STK SMART,20150323,144712,40.17,1,0,0,0,0,0
BP STK SMART,20150323,144756,40.17,3,0,0,0,0,0
BP STK SMART,20150323,144821,40.16,3,0,0,0,0,0
BP STK SMART,20150323,144856,40.14,1,0,0,0,0,0
BP STK SMART,20150323,144952,40.12,1,0,0,0,0,0
BP STK SMART,20150323,145000,40.13,1,0,0,0,0,0
BP STK SMART,20150323,145037,40.14,1,0,0,0,0,0
BP STK SMART,20150323,145045,40.15,1,0,0,0,0,0
BP STK SMART,20150323,145115,40.15,2,0,0,0,0,0
BP STK SMART,20150323,145124,40.15,2,0,0,0,0,0
BP STK SMART,20150323,145140,40.14,1,0,0,0,0,0
BP STK SMART,20150323,145308,40.14,1,0,0,0,0,0
BP STK SMART,20150323,145316,40.14,2,0,0,0,0,0
BP STK SMART,20150323,145341,40.14,2,0,0,0,0,0
BP STK SMART,20150323,145417,40.15,1,0,0,0,0,0
BP STK SMART,20150323,145508,40.16,1,0,0,0,0,0
BP STK SMART,20150323,145522,40.15,2,0,0,0,0,0
BP STK SMART,20150323,145611,40.15,1,0,0,0,0,0
BP STK SMART,20150323,145635,40.14,1,0,0,0,0,0
BP STK SMART,20150323,145647,40.15,1,0,0,0,0,0
BP STK SMART,20150323,145705,40.15,1,0,0,0,0,0
BP STK SMART,20150323,145722,40.14,1,0,0,0,0,0
BP STK SMART,20150323,145739,40.13,1,0,0,0,0,0
BP STK SMART,20150323,145859,40.14,1,0,0,0,0,0
BP STK SMART,20150323,145909,40.13,2,0,0,0,0,0
BP STK SMART,20150323,145922,40.14,1,0,0,0,0,0
BP STK SMART,20150323,145935,40.15,2,0,0,0,0,0
BP STK SMART,20150323,145957,40.15,1,0,0,0,0,0
BP STK SMART,20150323,150009,40.15,2,0,0,0,0,0
BP STK SMART,20150323,150015,40.15,1,0,0,0,0,0
BP STK SMART,20150323,150028,40.14,1,0,0,0,0,0
BP STK SMART,20150323,150111,40.15,1,0,0,0,0,0
BP STK SMART,20150323,150152,40.14,1,0,0,0,0,0
BP STK SMART,20150323,150223,40.15,1,0,0,0,0,0
BP STK SMART,20150323,150229,40.15,2,0,0,0,0,0
BP STK SMART,20150323,150248,40.16,1,0,0,0,0,0
BP STK SMART,20150323,150257,40.17,2,0,0,0,0,0
BP STK SMART,20150323,150337,40.17,2,0,0,0,0,0
BP STK SMART,20150323,150349,40.18,2,0,0,0,0,0
BP STK SMART,20150323,150405,40.18,1,0,0,0,0,0
BP STK SMART,20150323,150420,40.18,1,0,0,0,0,0
BP STK SMART,20150323,150427,40.18,1,0,0,0,0,0
BP STK SMART,20150323,150604,40.17,2,0,0,0,0,0
BP STK SMART,20150323,150604,40.17,1,0,0,0,0,0
BP STK SMART,20150323,150619,40.17,2,0,0,0,0,0
BP STK SMART,20150323,150700,40.16,1,0,0,0,0,0
BP STK SMART,20150323,150813,40.17,1,0,0,0,0,0
BP STK SMART,20150323,150827,40.17,2,0,0,0,0,0
BP STK SMART,20150323,150841,40.17,3,0,0,0,0,0
BP STK SMART,20150323,150908,40.18,1,0,0,0,0,0
BP STK SMART,20150323,150937,40.19,1,0,0,0,0,0
BP STK SMART,20150323,150948,40.18,1,0,0,0,0,0
BP STK SMART,20150323,150957,40.17,1,0,0,0,0,0
BP STK SMART,20150323,151021,40.18,1,0,0,0,0,0
BP STK SMART,20150323,151054,40.17,1,0,0,0,0,0
BP STK SMART,20150323,151114,40.18,1,0,0,0,0,0
BP STK SMART,20150323,151129,40.18,2,0,0,0,0,0
BP STK SMART,20150323,151144,40.17,1,0,0,0,0,0
BP STK SMART,20150323,151232,40.16,1,0,0,0,0,0
BP STK SMART,20150323,151304,40.16,1,0,0,0,0,0
BP STK SMART,20150323,151323,40.15,1,0,0,0,0,0
BP STK SMART,20150323,151331,40.15,2,0,0,0,0,0
BP STK SMART,20150323,151336,40.15,1,0,0,0,0,0
BP STK SMART,20150323,151506,40.14,1,0,0,0,0,0
BP STK SMART,20150323,151556,40.14,1,0,0,0,0,0
BP STK SMART,20150323,151728,40.14,1,0,0,0,0,0
BP STK SMART,20150323,151823,40.13,1,0,0,0,0,0
BP STK SMART,20150323,151833,40.14,1,0,0,0,0,0
BP STK SMART,20150323,151908,40.14,1,0,0,0,0,0
BP STK SMART,20150323,151938,40.15,1,0,0,0,0,0
BP STK SMART,20150323,151954,40.13,1,0,0,0,0,0
BP STK SMART,20150323,151954,40.13,2,0,0,0,0,0
BP STK SMART,20150323,152042,40.13,1,0,0,0,0,0
BP STK SMART,20150323,152053,40.13,3,0,0,0,0,0
BP STK SMART,20150323,152054,40.13,1,0,0,0,0,0
BP STK SMART,20150323,152135,40.14,1,0,0,0,0,0
BP STK SMART,20150323,152242,40.15,1,0,0,0,0,0
BP STK SMART,20150323,152310,40.15,2,0,0,0,0,0
BP STK SMART,20150323,152333,40.16,2,0,0,0,0,0
BP STK SMART,20150323,152351,40.16,3,0,0,0,0,0
BP STK SMART,20150323,152512,40.17,1,0,0,0,0,0
BP STK SMART,20150323,152544,40.19,1,0,0,0,0,0
BP STK SMART,20150323,152607,40.18,1,0,0,0,0,0
BP STK SMART,20150323,152734,40.18,3,0,0,0,0,0
BP STK SMART,20150323,152756,40.17,1,0,0,0,0,0
BP STK SMART,20150323,152857,40.16,1,0,0,0,0,0
BP STK SMART,20150323,152941,40.15,1,0,0,0,0,0
BP STK SMART,20150323,152948,40.16,1,0,0,0,0,0
BP STK SMART,20150323,153055,40.15,1,0,0,0,0,0
BP STK SMART,20150323,153104,40.15,2,0,0,0,0,0
BP STK SMART,20150323,153106,40.15,1,0,0,0,0,0
BP STK SMART,20150323,153124,40.16,1,0,0,0,0,0
BP STK SMART,20150323,153144,40.16,2,0,0,0,0,0
BP STK SMART,20150323,153224,40.16,1,0,0,0,0,0
BP STK SMART,20150323,153325,40.15,5,0,0,0,0,0
BP STK SMART,20150323,153414,40.15,2,0,0,0,0,0
BP STK SMART,20150323,153418,40.15,2,0,0,0,0,0
BP STK SMART,20150323,153455,40.15,5,0,0,0,0,0
BP STK SMART,20150323,153455,40.15,4,0,0,0,0,0
BP STK SMART,20150323,153513,40.15,2,0,0,0,0,0
BP STK SMART,20150323,153524,40.15,2,0,0,0,0,0
BP STK SMART,20150323,153532,40.15,1,0,0,0,0,0
BP STK SMART,20150323,153554,40.14,1,0,0,0,0,0
BP STK SMART,20150323,153625,40.15,2,0,0,0,0,0
BP STK SMART,20150323,153633,40.15,1,0,0,0,0,0
BP STK SMART,20150323,153638,40.15,2,0,0,0,0,0
BP STK SMART,20150323,153804,40.16,1,0,0,0,0,0
BP STK SMART,20150323,153825,40.16,4,0,0,0,0,0
BP STK SMART,20150323,153854,40.15,3,0,0,0,0,0
BP STK SMART,20150323,153902,40.15,1,0,0,0,0,0
BP STK SMART,20150323,153925,40.15,1,0,0,0,0,0
BP STK SMART,20150323,153926,40.15,2,0,0,0,0,0
BP STK SMART,20150323,153943,40.14,1,0,0,0,0,0
BP STK SMART,20150323,153951,40.14,2,0,0,0,0,0
BP STK SMART,20150323,154005,40.14,1,0,0,0,0,0
BP STK SMART,20150323,154014,40.15,2,0,0,0,0,0
BP STK SMART,20150323,154024,40.15,1,0,0,0,0,0
BP STK SMART,20150323,154043,40.14,1,0,0,0,0,0
BP STK SMART,20150323,154101,40.13,1,0,0,0,0,0
BP STK SMART,20150323,154147,40.14,1,0,0,0,0,0
BP STK SMART,20150323,154157,40.14,1,0,0,0,0,0
BP STK SMART,20150323,154219,40.14,1,0,0,0,0,0
BP STK SMART,20150323,154345,40.15,1,0,0,0,0,0
BP STK SMART,20150323,154346,40.14,1,0,0,0,0,0
BP STK SMART,20150323,154448,40.15,1,0,0,0,0,0
BP STK SMART,20150323,154655,40.15,1,0,0,0,0,0
BP STK SMART,20150323,154733,40.16,1,0,0,0,0,0
BP STK SMART,20150323,154743,40.17,1,0,0,0,0,0
BP STK SMART,20150323,154845,40.16,1,0,0,0,0,0
BP STK SMART,20150323,154846,40.16,1,0,0,0,0,0
BP STK SMART,20150323,154906,40.17,2,0,0,0,0,0
BP STK SMART,20150323,154925,40.16,3,0,0,0,0,0
BP STK SMART,20150323,154934,40.15,1,0,0,0,0,0
BP STK SMART,20150323,155006,40.16,1,0,0,0,0,0
BP STK SMART,20150323,155006,40.15,1,0,0,0,0,0
BP STK SMART,20150323,155035,40.16,1,0,0,0,0,0
BP STK SMART,20150323,155110,40.15,1,0,0,0,0,0
BP STK SMART,20150323,155126,40.16,1,0,0,0,0,0
BP STK SMART,20150323,155208,40.15,1,0,0,0,0,0
BP STK SMART,20150323,155236,40.16,1,0,0,0,0,0
BP STK SMART,20150323,155241,40.15,1,0,0,0,0,0
BP STK SMART,20150323,155249,40.15,1,0,0,0,0,0
BP STK SMART,20150323,155310,40.16,1,0,0,0,0,0
BP STK SMART,20150323,155322,40.16,1,0,0,0,0,0
BP STK SMART,20150323,155329,40.15,3,0,0,0,0,0
BP STK SMART,20150323,155337,40.15,1,0,0,0,0,0
BP STK SMART,20150323,155416,40.15,2,0,0,0,0,0
BP STK SMART,20150323,155420,40.16,1,0,0,0,0,0
BP STK SMART,20150323,155437,40.15,1,0,0,0,0,0
BP STK SMART,20150323,155454,40.15,1,0,0,0,0,0
BP STK SMART,20150323,155506,40.15,1,0,0,0,0,0
BP STK SMART,20150323,155510,40.15,1,0,0,0,0,0
BP STK SMART,20150323,155522,40.14,1,0,0,0,0,0
BP STK SMART,20150323,155530,40.15,1,0,0,0,0,0
BP STK SMART,20150323,155541,40.14,1,0,0,0,0,0
BP STK SMART,20150323,155552,40.15,1,0,0,0,0,0
BP STK SMART,20150323,155600,40.14,1,0,0,0,0,0
BP STK SMART,20150323,155615,40.15,1,0,0,0,0,0
BP STK SMART,20150323,155630,40.14,1,0,0,0,0,0
BP STK SMART,20150323,155638,40.15,1,0,0,0,0,0
BP STK SMART,20150323,155650,40.14,1,0,0,0,0,0
BP STK SMART,20150323,155700,40.15,1,0,0,0,0,0
BP STK SMART,20150323,155716,40.14,2,0,0,0,0,0
BP STK SMART,20150323,155716,40.14,1,0,0,0,0,0
BP STK SMART,20150323,155729,40.14,1,0,0,0,0,0
BP STK SMART,20150323,155740,40.13,1,0,0,0,0,0
BP STK SMART,20150323,155753,40.13,1,0,0,0,0,0
BP STK SMART,20150323,155802,40.12,1,0,0,0,0,0
BP STK SMART,20150323,155814,40.13,2,0,0,0,0,0
BP STK SMART,20150323,155825,40.12,1,0,0,0,0,0
BP STK SMART,20150323,155835,40.13,1,0,0,0,0,0
BP STK SMART,20150323,155843,40.12,1,0,0,0,0,0
BP STK SMART,20150323,155852,40.13,1,0,0,0,0,0
BP STK SMART,20150323,155905,40.14,1,0,0,0,0,0
BP STK SMART,20150323,155916,40.14,2,0,0,0,0,0
BP STK SMART,20150323,155925,40.13,6,0,0,0,0,0
BP STK SMART,20150323,155928,40.13,1,0,0,0,0,0
BP STK SMART,20150323,172443,40.12,1,0,0,0,0,0
BP STK SMART,20150323,180240,40.14,2,0,0,0,0,0
BP STK SMART,20150323,180804,40.25,1,0,0,0,0,0
BP STK SMART,20150323,182633,40.14,5,0,0,0,0,0
BP STK SMART,20150323,182821,40.14,2,0,0,0,0,0
