519                 
CLN5 FUT NYMEX 1000,20150323,70501,49.24,1,0,0,0,0,0
CLN5 FUT NYMEX 1000,20150323,71121,49.16,1,0,0,0,0,0
CLN5 FUT NYMEX 1000,20150323,71222,49.2,1,0,0,0,0,0
CLN5 FUT NYMEX 1000,20150323,71816,49.07,1,0,0,0,0,0
CLN5 FUT NYMEX 1000,20150323,71843,49.05,7,0,0,0,0,0
CLN5 FUT NYMEX 1000,20150323,71919,49.03,3,0,0,0,0,0
CLN5 FUT NYMEX 1000,20150323,71951,49.03,1,0,0,0,0,0
CLN5 FUT NYMEX 1000,20150323,72019,49.03,7,0,0,0,0,0
CLN5 FUT NYMEX 1000,20150323,72109,49.02,15,0,0,0,0,0
CLN5 FUT NYMEX 1000,20150323,72209,49.07,1,0,0,0,0,0
CLN5 FUT NYMEX 1000,20150323,72850,49.32,1,0,0,0,0,0
CLN5 FUT NYMEX 1000,20150323,72910,49.28,2,0,0,0,0,0
CLN5 FUT NYMEX 1000,20150323,72931,49.35,1,0,0,0,0,0
CLN5 FUT NYMEX 1000,20150323,72949,49.4,2,0,0,0,0,0
CLN5 FUT NYMEX 1000,20150323,73001,49.4,1,0,0,0,0,0
CLN5 FUT NYMEX 1000,20150323,73233,49.4,2,0,0,0,0,0
CLN5 FUT NYMEX 1000,20150323,73256,49.35,1,0,0,0,0,0
CLN5 FUT NYMEX 1000,20150323,73339,49.37,1,0,0,0,0,0
CLN5 FUT NYMEX 1000,20150323,73411,49.48,1,0,0,0,0,0
CLN5 FUT NYMEX 1000,20150323,73424,49.53,1,0,0,0,0,0
CLN5 FUT NYMEX 1000,20150323,73440,49.57,2,0,0,0,0,0
CLN5 FUT NYMEX 1000,20150323,73511,49.69,1,0,0,0,0,0
CLN5 FUT NYMEX 1000,20150323,73517,49.68,1,0,0,0,0,0
CLN5 FUT NYMEX 1000,20150323,73527,49.71,4,0,0,0,0,0
CLN5 FUT NYMEX 1000,20150323,73612,49.76,1,0,0,0,0,0
CLN5 FUT NYMEX 1000,20150323,73618,49.75,6,0,0,0,0,0
CLN5 FUT NYMEX 1000,20150323,73644,49.75,1,0,0,0,0,0
CLN5 FUT NYMEX 1000,20150323,73654,49.7,1,0,0,0,0,0
CLN5 FUT NYMEX 1000,20150323,73713,49.66,1,0,0,0,0,0
CLN5 FUT NYMEX 1000,20150323,73718,49.67,2,0,0,0,0,0
CLN5 FUT NYMEX 1000,20150323,73726,49.65,1,0,0,0,0,0
CLN5 FUT NYMEX 1000,20150323,73738,49.64,1,0,0,0,0,0
CLN5 FUT NYMEX 1000,20150323,74032,49.59,1,0,0,0,0,0
CLN5 FUT NYMEX 1000,20150323,74039,49.63,2,0,0,0,0,0
CLN5 FUT NYMEX 1000,20150323,74044,49.6,1,0,0,0,0,0
CLN5 FUT NYMEX 1000,20150323,74343,49.52,1,0,0,0,0,0
CLN5 FUT NYMEX 1000,20150323,74639,49.54,1,0,0,0,0,0
CLN5 FUT NYMEX 1000,20150323,74728,49.55,1,0,0,0,0,0
CLN5 FUT NYMEX 1000,20150323,74830,49.65,1,0,0,0,0,0
CLN5 FUT NYMEX 1000,20150323,74913,49.61,1,0,0,0,0,0
CLN5 FUT NYMEX 1000,20150323,75229,49.57,2,0,0,0,0,0
CLN5 FUT NYMEX 1000,20150323,75346,49.64,1,0,0,0,0,0
CLN5 FUT NYMEX 1000,20150323,75519,49.73,1,0,0,0,0,0
CLN5 FUT NYMEX 1000,20150323,80018,49.56,3,0,0,0,0,0
CLN5 FUT NYMEX 1000,20150323,80236,49.56,1,0,0,0,0,0
CLN5 FUT NYMEX 1000,20150323,80306,49.62,2,0,0,0,0,0
CLN5 FUT NYMEX 1000,20150323,80543,49.6,1,0,0,0,0,0
CLN5 FUT NYMEX 1000,20150323,80557,49.62,2,0,0,0,0,0
CLN5 FUT NYMEX 1000,20150323,80611,49.62,23,0,0,0,0,0
CLN5 FUT NYMEX 1000,20150323,81017,49.61,1,0,0,0,0,0
CLN5 FUT NYMEX 1000,20150323,81105,49.52,1,0,0,0,0,0
CLN5 FUT NYMEX 1000,20150323,81116,49.49,2,0,0,0,0,0
CLN5 FUT NYMEX 1000,20150323,81213,49.43,2,0,0,0,0,0
CLN5 FUT NYMEX 1000,20150323,81531,49.47,1,0,0,0,0,0
CLN5 FUT NYMEX 1000,20150323,82329,49.36,1,0,0,0,0,0
CLN5 FUT NYMEX 1000,20150323,82654,49.37,10,0,0,0,0,0
CLN5 FUT NYMEX 1000,20150323,82749,49.32,1,0,0,0,0,0
CLN5 FUT NYMEX 1000,20150323,83159,49.36,1,0,0,0,0,0
CLN5 FUT NYMEX 1000,20150323,83941,49.43,1,0,0,0,0,0
CLN5 FUT NYMEX 1000,20150323,84040,49.44,1,0,0,0,0,0
CLN5 FUT NYMEX 1000,20150323,84331,49.39,1,0,0,0,0,0
CLN5 FUT NYMEX 1000,20150323,84453,49.38,1,0,0,0,0,0
CLN5 FUT NYMEX 1000,20150323,84635,49.37,1,0,0,0,0,0
CLN5 FUT NYMEX 1000,20150323,84656,49.39,2,0,0,0,0,0
CLN5 FUT NYMEX 1000,20150323,84728,49.39,1,0,0,0,0,0
CLN5 FUT NYMEX 1000,20150323,84737,49.39,2,0,0,0,0,0
CLN5 FUT NYMEX 1000,20150323,84825,49.38,1,0,0,0,0,0
CLN5 FUT NYMEX 1000,20150323,84941,49.39,1,0,0,0,0,0
CLN5 FUT NYMEX 1000,20150323,85034,49.37,1,0,0,0,0,0
CLN5 FUT NYMEX 1000,20150323,85043,49.38,2,0,0,0,0,0
CLN5 FUT NYMEX 1000,20150323,85055,49.38,2,0,0,0,0,0
CLN5 FUT NYMEX 1000,20150323,85106,49.37,1,0,0,0,0,0
CLN5 FUT NYMEX 1000,20150323,85200,49.39,3,0,0,0,0,0
CLN5 FUT NYMEX 1000,20150323,85207,49.4,1,0,0,0,0,0
CLN5 FUT NYMEX 1000,20150323,85232,49.41,1,0,0,0,0,0
CLN5 FUT NYMEX 1000,20150323,85254,49.42,1,0,0,0,0,0
CLN5 FUT NYMEX 1000,20150323,85321,49.45,1,0,0,0,0,0
CLN5 FUT NYMEX 1000,20150323,85353,49.47,2,0,0,0,0,0
CLN5 FUT NYMEX 1000,20150323,85458,49.45,3,0,0,0,0,0
CLN5 FUT NYMEX 1000,20150323,85524,49.46,2,0,0,0,0,0
CLN5 FUT NYMEX 1000,20150323,85527,49.47,1,0,0,0,0,0
CLN5 FUT NYMEX 1000,20150323,85653,49.45,1,0,0,0,0,0
CLN5 FUT NYMEX 1000,20150323,85710,49.43,2,0,0,0,0,0
CLN5 FUT NYMEX 1000,20150323,85753,49.41,3,0,0,0,0,0
CLN5 FUT NYMEX 1000,20150323,85805,49.42,2,0,0,0,0,0
CLN5 FUT NYMEX 1000,20150323,85812,49.44,3,0,0,0,0,0
CLN5 FUT NYMEX 1000,20150323,85906,49.38,1,0,0,0,0,0
CLN5 FUT NYMEX 1000,20150323,85933,49.27,1,0,0,0,0,0
CLN5 FUT NYMEX 1000,20150323,85948,49.28,1,0,0,0,0,0
CLN5 FUT NYMEX 1000,20150323,90005,49.26,2,0,0,0,0,0
CLN5 FUT NYMEX 1000,20150323,90015,49.25,2,0,0,0,0,0
CLN5 FUT NYMEX 1000,20150323,90024,49.26,1,0,0,0,0,0
CLN5 FUT NYMEX 1000,20150323,90042,49.23,2,0,0,0,0,0
CLN5 FUT NYMEX 1000,20150323,90105,49.24,3,0,0,0,0,0
CLN5 FUT NYMEX 1000,20150323,90115,49.25,1,0,0,0,0,0
CLN5 FUT NYMEX 1000,20150323,90203,49.24,1,0,0,0,0,0
CLN5 FUT NYMEX 1000,20150323,90211,49.25,3,0,0,0,0,0
CLN5 FUT NYMEX 1000,20150323,90227,49.26,1,0,0,0,0,0
CLN5 FUT NYMEX 1000,20150323,90247,49.28,1,0,0,0,0,0
CLN5 FUT NYMEX 1000,20150323,90306,49.28,2,0,0,0,0,0
CLN5 FUT NYMEX 1000,20150323,90316,49.31,2,0,0,0,0,0
CLN5 FUT NYMEX 1000,20150323,90322,49.33,1,0,0,0,0,0
CLN5 FUT NYMEX 1000,20150323,90332,49.35,1,0,0,0,0,0
CLN5 FUT NYMEX 1000,20150323,90348,49.37,1,0,0,0,0,0
CLN5 FUT NYMEX 1000,20150323,90400,49.4,1,0,0,0,0,0
CLN5 FUT NYMEX 1000,20150323,90407,49.44,2,0,0,0,0,0
CLN5 FUT NYMEX 1000,20150323,90427,49.45,1,0,0,0,0,0
CLN5 FUT NYMEX 1000,20150323,90436,49.53,1,0,0,0,0,0
CLN5 FUT NYMEX 1000,20150323,90444,49.56,2,0,0,0,0,0
CLN5 FUT NYMEX 1000,20150323,90449,49.55,2,0,0,0,0,0
CLN5 FUT NYMEX 1000,20150323,90535,49.53,2,0,0,0,0,0
CLN5 FUT NYMEX 1000,20150323,90543,49.54,2,0,0,0,0,0
CLN5 FUT NYMEX 1000,20150323,90601,49.57,2,0,0,0,0,0
CLN5 FUT NYMEX 1000,20150323,90613,49.59,1,0,0,0,0,0
CLN5 FUT NYMEX 1000,20150323,90619,49.62,1,0,0,0,0,0
CLN5 FUT NYMEX 1000,20150323,90633,49.59,1,0,0,0,0,0
CLN5 FUT NYMEX 1000,20150323,90655,49.56,1,0,0,0,0,0
CLN5 FUT NYMEX 1000,20150323,90721,49.58,1,0,0,0,0,0
CLN5 FUT NYMEX 1000,20150323,90736,49.57,3,0,0,0,0,0
CLN5 FUT NYMEX 1000,20150323,90746,49.59,1,0,0,0,0,0
CLN5 FUT NYMEX 1000,20150323,90805,49.63,1,0,0,0,0,0
CLN5 FUT NYMEX 1000,20150323,90837,49.6,1,0,0,0,0,0
CLN5 FUT NYMEX 1000,20150323,90844,49.61,6,0,0,0,0,0
CLN5 FUT NYMEX 1000,20150323,90848,49.63,1,0,0,0,0,0
CLN5 FUT NYMEX 1000,20150323,90936,49.61,1,0,0,0,0,0
CLN5 FUT NYMEX 1000,20150323,91056,49.59,1,0,0,0,0,0
CLN5 FUT NYMEX 1000,20150323,91106,49.6,1,0,0,0,0,0
CLN5 FUT NYMEX 1000,20150323,91115,49.62,2,0,0,0,0,0
CLN5 FUT NYMEX 1000,20150323,91155,49.62,2,0,0,0,0,0
CLN5 FUT NYMEX 1000,20150323,91205,49.66,1,0,0,0,0,0
CLN5 FUT NYMEX 1000,20150323,91216,49.67,2,0,0,0,0,0
CLN5 FUT NYMEX 1000,20150323,91324,49.63,2,0,0,0,0,0
CLN5 FUT NYMEX 1000,20150323,91345,49.64,1,0,0,0,0,0
CLN5 FUT NYMEX 1000,20150323,91352,49.65,1,0,0,0,0,0
CLN5 FUT NYMEX 1000,20150323,91445,49.67,1,0,0,0,0,0
CLN5 FUT NYMEX 1000,20150323,91457,49.73,1,0,0,0,0,0
CLN5 FUT NYMEX 1000,20150323,91524,49.72,1,0,0,0,0,0
CLN5 FUT NYMEX 1000,20150323,91533,49.71,1,0,0,0,0,0
CLN5 FUT NYMEX 1000,20150323,91550,49.73,2,0,0,0,0,0
CLN5 FUT NYMEX 1000,20150323,91617,49.72,1,0,0,0,0,0
CLN5 FUT NYMEX 1000,20150323,91707,49.68,1,0,0,0,0,0
CLN5 FUT NYMEX 1000,20150323,91717,49.69,1,0,0,0,0,0
CLN5 FUT NYMEX 1000,20150323,91736,49.73,1,0,0,0,0,0
CLN5 FUT NYMEX 1000,20150323,91743,49.82,2,0,0,0,0,0
CLN5 FUT NYMEX 1000,20150323,91827,49.84,1,0,0,0,0,0
CLN5 FUT NYMEX 1000,20150323,91844,49.86,2,0,0,0,0,0
CLN5 FUT NYMEX 1000,20150323,91854,49.92,1,0,0,0,0,0
CLN5 FUT NYMEX 1000,20150323,91930,49.87,1,0,0,0,0,0
CLN5 FUT NYMEX 1000,20150323,91941,49.9,1,0,0,0,0,0
CLN5 FUT NYMEX 1000,20150323,91959,49.92,1,0,0,0,0,0
CLN5 FUT NYMEX 1000,20150323,92140,49.87,4,0,0,0,0,0
CLN5 FUT NYMEX 1000,20150323,92753,49.83,3,0,0,0,0,0
CLN5 FUT NYMEX 1000,20150323,92824,49.81,1,0,0,0,0,0
CLN5 FUT NYMEX 1000,20150323,92943,49.79,1,0,0,0,0,0
CLN5 FUT NYMEX 1000,20150323,92957,49.76,4,0,0,0,0,0
CLN5 FUT NYMEX 1000,20150323,93148,49.88,2,0,0,0,0,0
CLN5 FUT NYMEX 1000,20150323,93151,49.89,1,0,0,0,0,0
CLN5 FUT NYMEX 1000,20150323,93307,50.05,2,0,0,0,0,0
CLN5 FUT NYMEX 1000,20150323,93345,50.07,1,0,0,0,0,0
CLN5 FUT NYMEX 1000,20150323,93452,50.04,1,0,0,0,0,0
CLN5 FUT NYMEX 1000,20150323,93601,50,1,0,0,0,0,0
CLN5 FUT NYMEX 1000,20150323,93623,50,33,0,0,0,0,0
CLN5 FUT NYMEX 1000,20150323,93707,50,3,0,0,0,0,0
CLN5 FUT NYMEX 1000,20150323,93730,50,1,0,0,0,0,0
CLN5 FUT NYMEX 1000,20150323,93841,50.1,2,0,0,0,0,0
CLN5 FUT NYMEX 1000,20150323,93857,50.1,1,0,0,0,0,0
CLN5 FUT NYMEX 1000,20150323,93912,50.09,1,0,0,0,0,0
CLN5 FUT NYMEX 1000,20150323,93923,50.06,2,0,0,0,0,0
CLN5 FUT NYMEX 1000,20150323,94045,50.03,2,0,0,0,0,0
CLN5 FUT NYMEX 1000,20150323,94111,50.03,1,0,0,0,0,0
CLN5 FUT NYMEX 1000,20150323,94231,50.18,1,0,0,0,0,0
CLN5 FUT NYMEX 1000,20150323,94247,50.15,2,0,0,0,0,0
CLN5 FUT NYMEX 1000,20150323,94355,50.18,1,0,0,0,0,0
CLN5 FUT NYMEX 1000,20150323,94523,50.25,2,0,0,0,0,0
CLN5 FUT NYMEX 1000,20150323,94635,50.24,5,0,0,0,0,0
CLN5 FUT NYMEX 1000,20150323,94724,50.2,2,0,0,0,0,0
CLN5 FUT NYMEX 1000,20150323,94752,50.15,3,0,0,0,0,0
CLN5 FUT NYMEX 1000,20150323,94814,50.15,1,0,0,0,0,0
CLN5 FUT NYMEX 1000,20150323,95035,50.09,1,0,0,0,0,0
CLN5 FUT NYMEX 1000,20150323,95057,50.11,2,0,0,0,0,0
CLN5 FUT NYMEX 1000,20150323,95206,50.1,2,0,0,0,0,0
CLN5 FUT NYMEX 1000,20150323,95334,50.06,2,0,0,0,0,0
CLN5 FUT NYMEX 1000,20150323,95405,50.04,2,0,0,0,0,0
CLN5 FUT NYMEX 1000,20150323,95412,50.04,1,0,0,0,0,0
CLN5 FUT NYMEX 1000,20150323,95616,50.08,1,0,0,0,0,0
CLN5 FUT NYMEX 1000,20150323,95622,50.11,1,0,0,0,0,0
CLN5 FUT NYMEX 1000,20150323,95642,50.14,4,0,0,0,0,0
CLN5 FUT NYMEX 1000,20150323,95720,50.1,5,0,0,0,0,0
CLN5 FUT NYMEX 1000,20150323,95737,50.11,1,0,0,0,0,0
CLN5 FUT NYMEX 1000,20150323,95956,50.14,1,0,0,0,0,0
CLN5 FUT NYMEX 1000,20150323,100036,50.07,7,0,0,0,0,0
CLN5 FUT NYMEX 1000,20150323,100040,50.08,3,0,0,0,0,0
CLN5 FUT NYMEX 1000,20150323,100232,50.08,1,0,0,0,0,0
CLN5 FUT NYMEX 1000,20150323,100618,50.16,1,0,0,0,0,0
CLN5 FUT NYMEX 1000,20150323,100638,50.18,1,0,0,0,0,0
CLN5 FUT NYMEX 1000,20150323,100643,50.2,1,0,0,0,0,0
CLN5 FUT NYMEX 1000,20150323,100700,50.29,1,0,0,0,0,0
CLN5 FUT NYMEX 1000,20150323,100707,50.27,1,0,0,0,0,0
CLN5 FUT NYMEX 1000,20150323,100812,50.28,2,0,0,0,0,0
CLN5 FUT NYMEX 1000,20150323,100829,50.28,1,0,0,0,0,0
CLN5 FUT NYMEX 1000,20150323,100856,50.29,1,0,0,0,0,0
CLN5 FUT NYMEX 1000,20150323,101044,50.23,2,0,0,0,0,0
CLN5 FUT NYMEX 1000,20150323,101318,50.3,1,0,0,0,0,0
CLN5 FUT NYMEX 1000,20150323,101329,50.36,1,0,0,0,0,0
CLN5 FUT NYMEX 1000,20150323,101336,50.34,1,0,0,0,0,0
CLN5 FUT NYMEX 1000,20150323,101404,50.35,1,0,0,0,0,0
CLN5 FUT NYMEX 1000,20150323,101451,50.37,1,0,0,0,0,0
CLN5 FUT NYMEX 1000,20150323,101503,50.33,1,0,0,0,0,0
CLN5 FUT NYMEX 1000,20150323,101540,50.33,3,0,0,0,0,0
CLN5 FUT NYMEX 1000,20150323,101550,50.32,1,0,0,0,0,0
CLN5 FUT NYMEX 1000,20150323,101600,50.34,12,0,0,0,0,0
CLN5 FUT NYMEX 1000,20150323,101602,50.36,1,0,0,0,0,0
CLN5 FUT NYMEX 1000,20150323,101613,50.37,7,0,0,0,0,0
CLN5 FUT NYMEX 1000,20150323,101635,50.38,1,0,0,0,0,0
CLN5 FUT NYMEX 1000,20150323,101649,50.4,2,0,0,0,0,0
CLN5 FUT NYMEX 1000,20150323,101658,50.36,1,0,0,0,0,0
CLN5 FUT NYMEX 1000,20150323,102030,50.43,1,0,0,0,0,0
CLN5 FUT NYMEX 1000,20150323,102410,50.44,1,0,0,0,0,0
CLN5 FUT NYMEX 1000,20150323,102533,50.35,1,0,0,0,0,0
CLN5 FUT NYMEX 1000,20150323,102545,50.39,1,0,0,0,0,0
CLN5 FUT NYMEX 1000,20150323,102613,50.35,1,0,0,0,0,0
CLN5 FUT NYMEX 1000,20150323,102710,50.34,1,0,0,0,0,0
CLN5 FUT NYMEX 1000,20150323,102753,50.29,1,0,0,0,0,0
CLN5 FUT NYMEX 1000,20150323,102925,50.24,4,0,0,0,0,0
CLN5 FUT NYMEX 1000,20150323,103030,50.21,1,0,0,0,0,0
CLN5 FUT NYMEX 1000,20150323,103101,50.12,1,0,0,0,0,0
CLN5 FUT NYMEX 1000,20150323,103105,50.14,6,0,0,0,0,0
CLN5 FUT NYMEX 1000,20150323,103120,50.14,1,0,0,0,0,0
CLN5 FUT NYMEX 1000,20150323,103132,50.16,1,0,0,0,0,0
CLN5 FUT NYMEX 1000,20150323,103142,50.17,1,0,0,0,0,0
CLN5 FUT NYMEX 1000,20150323,103220,50.18,1,0,0,0,0,0
CLN5 FUT NYMEX 1000,20150323,103253,50.12,1,0,0,0,0,0
CLN5 FUT NYMEX 1000,20150323,103438,50.16,1,0,0,0,0,0
CLN5 FUT NYMEX 1000,20150323,103459,50.17,1,0,0,0,0,0
CLN5 FUT NYMEX 1000,20150323,103519,50.16,2,0,0,0,0,0
CLN5 FUT NYMEX 1000,20150323,103603,50.15,1,0,0,0,0,0
CLN5 FUT NYMEX 1000,20150323,103758,50.19,3,0,0,0,0,0
CLN5 FUT NYMEX 1000,20150323,103916,50.21,4,0,0,0,0,0
CLN5 FUT NYMEX 1000,20150323,104007,50.21,1,0,0,0,0,0
CLN5 FUT NYMEX 1000,20150323,104405,50.24,1,0,0,0,0,0
CLN5 FUT NYMEX 1000,20150323,104504,50.27,2,0,0,0,0,0
CLN5 FUT NYMEX 1000,20150323,104727,50.15,1,0,0,0,0,0
CLN5 FUT NYMEX 1000,20150323,104933,50.22,1,0,0,0,0,0
CLN5 FUT NYMEX 1000,20150323,105057,50.25,2,0,0,0,0,0
CLN5 FUT NYMEX 1000,20150323,105703,50.17,1,0,0,0,0,0
CLN5 FUT NYMEX 1000,20150323,105726,50.18,1,0,0,0,0,0
CLN5 FUT NYMEX 1000,20150323,105940,50.1,1,0,0,0,0,0
CLN5 FUT NYMEX 1000,20150323,105956,50.06,1,0,0,0,0,0
CLN5 FUT NYMEX 1000,20150323,110021,50.03,2,0,0,0,0,0
CLN5 FUT NYMEX 1000,20150323,110103,50.01,1,0,0,0,0,0
CLN5 FUT NYMEX 1000,20150323,110355,50.11,1,0,0,0,0,0
CLN5 FUT NYMEX 1000,20150323,110439,50,1,0,0,0,0,0
CLN5 FUT NYMEX 1000,20150323,110502,49.98,4,0,0,0,0,0
CLN5 FUT NYMEX 1000,20150323,110513,49.97,2,0,0,0,0,0
CLN5 FUT NYMEX 1000,20150323,110522,49.95,2,0,0,0,0,0
CLN5 FUT NYMEX 1000,20150323,110524,49.96,2,0,0,0,0,0
CLN5 FUT NYMEX 1000,20150323,110702,50.02,1,0,0,0,0,0
CLN5 FUT NYMEX 1000,20150323,110813,50.05,1,0,0,0,0,0
CLN5 FUT NYMEX 1000,20150323,110902,50.06,1,0,0,0,0,0
CLN5 FUT NYMEX 1000,20150323,110930,50.01,1,0,0,0,0,0
CLN5 FUT NYMEX 1000,20150323,110940,49.98,1,0,0,0,0,0
CLN5 FUT NYMEX 1000,20150323,111111,50.02,8,0,0,0,0,0
CLN5 FUT NYMEX 1000,20150323,111244,50.01,1,0,0,0,0,0
CLN5 FUT NYMEX 1000,20150323,111257,50.02,1,0,0,0,0,0
CLN5 FUT NYMEX 1000,20150323,111305,50.01,1,0,0,0,0,0
CLN5 FUT NYMEX 1000,20150323,111318,49.98,1,0,0,0,0,0
CLN5 FUT NYMEX 1000,20150323,111437,49.97,1,0,0,0,0,0
CLN5 FUT NYMEX 1000,20150323,111536,50.02,1,0,0,0,0,0
CLN5 FUT NYMEX 1000,20150323,111641,50,2,0,0,0,0,0
CLN5 FUT NYMEX 1000,20150323,112157,50.03,1,0,0,0,0,0
CLN5 FUT NYMEX 1000,20150323,112255,50.13,1,0,0,0,0,0
CLN5 FUT NYMEX 1000,20150323,112540,50.17,1,0,0,0,0,0
CLN5 FUT NYMEX 1000,20150323,112644,50.15,1,0,0,0,0,0
CLN5 FUT NYMEX 1000,20150323,112808,50.16,1,0,0,0,0,0
CLN5 FUT NYMEX 1000,20150323,112831,50.17,1,0,0,0,0,0
CLN5 FUT NYMEX 1000,20150323,112850,50.16,1,0,0,0,0,0
CLN5 FUT NYMEX 1000,20150323,112911,50.13,2,0,0,0,0,0
CLN5 FUT NYMEX 1000,20150323,113021,50.22,1,0,0,0,0,0
CLN5 FUT NYMEX 1000,20150323,113244,50.18,1,0,0,0,0,0
CLN5 FUT NYMEX 1000,20150323,113252,50.21,2,0,0,0,0,0
CLN5 FUT NYMEX 1000,20150323,113547,50.11,2,0,0,0,0,0
CLN5 FUT NYMEX 1000,20150323,113824,50.12,1,0,0,0,0,0
CLN5 FUT NYMEX 1000,20150323,113828,50.15,1,0,0,0,0,0
CLN5 FUT NYMEX 1000,20150323,113858,50.17,1,0,0,0,0,0
CLN5 FUT NYMEX 1000,20150323,113909,50.22,1,0,0,0,0,0
CLN5 FUT NYMEX 1000,20150323,114000,50.22,1,0,0,0,0,0
CLN5 FUT NYMEX 1000,20150323,114111,50.25,2,0,0,0,0,0
CLN5 FUT NYMEX 1000,20150323,114124,50.23,1,0,0,0,0,0
CLN5 FUT NYMEX 1000,20150323,114204,50.27,1,0,0,0,0,0
CLN5 FUT NYMEX 1000,20150323,114208,50.24,1,0,0,0,0,0
CLN5 FUT NYMEX 1000,20150323,114235,50.3,1,0,0,0,0,0
CLN5 FUT NYMEX 1000,20150323,114942,50.33,2,0,0,0,0,0
CLN5 FUT NYMEX 1000,20150323,115223,50.38,1,0,0,0,0,0
CLN5 FUT NYMEX 1000,20150323,115243,50.41,1,0,0,0,0,0
CLN5 FUT NYMEX 1000,20150323,115515,50.3,1,0,0,0,0,0
CLN5 FUT NYMEX 1000,20150323,115748,50.22,1,0,0,0,0,0
CLN5 FUT NYMEX 1000,20150323,115811,50.17,3,0,0,0,0,0
CLN5 FUT NYMEX 1000,20150323,120110,50.13,1,0,0,0,0,0
CLN5 FUT NYMEX 1000,20150323,120134,50.11,2,0,0,0,0,0
CLN5 FUT NYMEX 1000,20150323,120143,50.14,1,0,0,0,0,0
CLN5 FUT NYMEX 1000,20150323,120510,50.13,5,0,0,0,0,0
CLN5 FUT NYMEX 1000,20150323,120604,50.07,12,0,0,0,0,0
CLN5 FUT NYMEX 1000,20150323,121048,50.1,3,0,0,0,0,0
CLN5 FUT NYMEX 1000,20150323,121110,50.07,2,0,0,0,0,0
CLN5 FUT NYMEX 1000,20150323,121119,50.07,7,0,0,0,0,0
CLN5 FUT NYMEX 1000,20150323,121207,50.04,1,0,0,0,0,0
CLN5 FUT NYMEX 1000,20150323,121212,50.03,2,0,0,0,0,0
CLN5 FUT NYMEX 1000,20150323,121228,50.03,2,0,0,0,0,0
CLN5 FUT NYMEX 1000,20150323,121709,50.09,1,0,0,0,0,0
CLN5 FUT NYMEX 1000,20150323,121837,50.11,1,0,0,0,0,0
CLN5 FUT NYMEX 1000,20150323,121920,50.22,2,0,0,0,0,0
CLN5 FUT NYMEX 1000,20150323,122006,50.22,1,0,0,0,0,0
CLN5 FUT NYMEX 1000,20150323,122009,50.23,1,0,0,0,0,0
CLN5 FUT NYMEX 1000,20150323,122049,50.26,2,0,0,0,0,0
CLN5 FUT NYMEX 1000,20150323,122434,50.22,1,0,0,0,0,0
CLN5 FUT NYMEX 1000,20150323,122542,50.17,2,0,0,0,0,0
CLN5 FUT NYMEX 1000,20150323,122755,50.12,2,0,0,0,0,0
CLN5 FUT NYMEX 1000,20150323,122809,50.12,6,0,0,0,0,0
CLN5 FUT NYMEX 1000,20150323,122832,50.12,1,0,0,0,0,0
CLN5 FUT NYMEX 1000,20150323,122846,50.12,3,0,0,0,0,0
CLN5 FUT NYMEX 1000,20150323,122920,50.05,1,0,0,0,0,0
CLN5 FUT NYMEX 1000,20150323,122936,50.01,1,0,0,0,0,0
CLN5 FUT NYMEX 1000,20150323,123032,50.06,1,0,0,0,0,0
CLN5 FUT NYMEX 1000,20150323,123142,50.1,1,0,0,0,0,0
CLN5 FUT NYMEX 1000,20150323,123340,50.08,2,0,0,0,0,0
CLN5 FUT NYMEX 1000,20150323,123446,50.16,1,0,0,0,0,0
CLN5 FUT NYMEX 1000,20150323,123522,50.16,2,0,0,0,0,0
CLN5 FUT NYMEX 1000,20150323,123606,50.12,2,0,0,0,0,0
CLN5 FUT NYMEX 1000,20150323,124056,50.12,2,0,0,0,0,0
CLN5 FUT NYMEX 1000,20150323,124143,50.09,1,0,0,0,0,0
CLN5 FUT NYMEX 1000,20150323,124226,50.07,22,0,0,0,0,0
CLN5 FUT NYMEX 1000,20150323,124358,50.1,2,0,0,0,0,0
CLN5 FUT NYMEX 1000,20150323,124548,50.12,2,0,0,0,0,0
CLN5 FUT NYMEX 1000,20150323,124926,50.07,2,0,0,0,0,0
CLN5 FUT NYMEX 1000,20150323,124938,50.07,1,0,0,0,0,0
CLN5 FUT NYMEX 1000,20150323,125050,50.07,25,0,0,0,0,0
CLN5 FUT NYMEX 1000,20150323,125103,50.06,1,0,0,0,0,0
CLN5 FUT NYMEX 1000,20150323,125304,50.11,1,0,0,0,0,0
CLN5 FUT NYMEX 1000,20150323,130251,50.07,1,0,0,0,0,0
CLN5 FUT NYMEX 1000,20150323,130317,50.03,23,0,0,0,0,0
CLN5 FUT NYMEX 1000,20150323,130843,50.04,1,0,0,0,0,0
CLN5 FUT NYMEX 1000,20150323,131232,50.02,1,0,0,0,0,0
CLN5 FUT NYMEX 1000,20150323,131337,49.98,1,0,0,0,0,0
CLN5 FUT NYMEX 1000,20150323,131441,50.01,1,0,0,0,0,0
CLN5 FUT NYMEX 1000,20150323,131616,50.03,21,0,0,0,0,0
CLN5 FUT NYMEX 1000,20150323,131638,50.03,1,0,0,0,0,0
CLN5 FUT NYMEX 1000,20150323,131656,50.04,1,0,0,0,0,0
CLN5 FUT NYMEX 1000,20150323,131757,49.95,2,0,0,0,0,0
CLN5 FUT NYMEX 1000,20150323,131840,49.87,5,0,0,0,0,0
CLN5 FUT NYMEX 1000,20150323,131900,49.89,3,0,0,0,0,0
CLN5 FUT NYMEX 1000,20150323,131917,49.85,2,0,0,0,0,0
CLN5 FUT NYMEX 1000,20150323,131942,49.87,1,0,0,0,0,0
CLN5 FUT NYMEX 1000,20150323,132022,49.87,5,0,0,0,0,0
CLN5 FUT NYMEX 1000,20150323,132356,49.93,1,0,0,0,0,0
CLN5 FUT NYMEX 1000,20150323,132515,49.95,2,0,0,0,0,0
CLN5 FUT NYMEX 1000,20150323,132817,49.9,1,0,0,0,0,0
CLN5 FUT NYMEX 1000,20150323,132910,49.87,12,0,0,0,0,0
CLN5 FUT NYMEX 1000,20150323,133015,49.89,8,0,0,0,0,0
CLN5 FUT NYMEX 1000,20150323,133045,49.8,1,0,0,0,0,0
CLN5 FUT NYMEX 1000,20150323,133149,49.86,1,0,0,0,0,0
CLN5 FUT NYMEX 1000,20150323,133215,49.84,1,0,0,0,0,0
CLN5 FUT NYMEX 1000,20150323,133236,49.84,14,0,0,0,0,0
CLN5 FUT NYMEX 1000,20150323,133245,49.84,12,0,0,0,0,0
CLN5 FUT NYMEX 1000,20150323,133304,49.84,2,0,0,0,0,0
CLN5 FUT NYMEX 1000,20150323,133433,49.84,3,0,0,0,0,0
CLN5 FUT NYMEX 1000,20150323,133450,49.85,6,0,0,0,0,0
CLN5 FUT NYMEX 1000,20150323,133546,49.87,1,0,0,0,0,0
CLN5 FUT NYMEX 1000,20150323,133555,49.88,1,0,0,0,0,0
CLN5 FUT NYMEX 1000,20150323,133819,49.87,9,0,0,0,0,0
CLN5 FUT NYMEX 1000,20150323,133822,49.88,1,0,0,0,0,0
CLN5 FUT NYMEX 1000,20150323,134013,49.86,7,0,0,0,0,0
CLN5 FUT NYMEX 1000,20150323,134023,49.88,1,0,0,0,0,0
CLN5 FUT NYMEX 1000,20150323,134122,49.89,5,0,0,0,0,0
CLN5 FUT NYMEX 1000,20150323,134141,49.9,1,0,0,0,0,0
CLN5 FUT NYMEX 1000,20150323,134231,49.87,2,0,0,0,0,0
CLN5 FUT NYMEX 1000,20150323,134244,49.87,1,0,0,0,0,0
CLN5 FUT NYMEX 1000,20150323,134300,49.87,12,0,0,0,0,0
CLN5 FUT NYMEX 1000,20150323,134321,49.87,4,0,0,0,0,0
CLN5 FUT NYMEX 1000,20150323,134402,49.92,1,0,0,0,0,0
CLN5 FUT NYMEX 1000,20150323,134551,49.91,1,0,0,0,0,0
CLN5 FUT NYMEX 1000,20150323,134601,49.91,17,0,0,0,0,0
CLN5 FUT NYMEX 1000,20150323,134602,49.91,9,0,0,0,0,0
CLN5 FUT NYMEX 1000,20150323,134710,49.84,2,0,0,0,0,0
CLN5 FUT NYMEX 1000,20150323,134713,49.84,1,0,0,0,0,0
CLN5 FUT NYMEX 1000,20150323,134723,49.84,4,0,0,0,0,0
CLN5 FUT NYMEX 1000,20150323,134754,49.8,1,0,0,0,0,0
CLN5 FUT NYMEX 1000,20150323,134816,49.76,2,0,0,0,0,0
CLN5 FUT NYMEX 1000,20150323,134836,49.81,1,0,0,0,0,0
CLN5 FUT NYMEX 1000,20150323,134909,49.78,1,0,0,0,0,0
CLN5 FUT NYMEX 1000,20150323,135001,49.82,1,0,0,0,0,0
CLN5 FUT NYMEX 1000,20150323,135004,49.83,4,0,0,0,0,0
CLN5 FUT NYMEX 1000,20150323,135016,49.82,1,0,0,0,0,0
CLN5 FUT NYMEX 1000,20150323,135121,49.77,2,0,0,0,0,0
CLN5 FUT NYMEX 1000,20150323,135655,49.78,1,0,0,0,0,0
CLN5 FUT NYMEX 1000,20150323,140011,49.85,2,0,0,0,0,0
CLN5 FUT NYMEX 1000,20150323,140043,49.84,1,0,0,0,0,0
CLN5 FUT NYMEX 1000,20150323,140204,49.85,1,0,0,0,0,0
CLN5 FUT NYMEX 1000,20150323,140215,49.87,5,0,0,0,0,0
CLN5 FUT NYMEX 1000,20150323,140304,49.81,4,0,0,0,0,0
CLN5 FUT NYMEX 1000,20150323,140356,49.83,1,0,0,0,0,0
CLN5 FUT NYMEX 1000,20150323,140521,49.89,3,0,0,0,0,0
CLN5 FUT NYMEX 1000,20150323,140529,49.9,1,0,0,0,0,0
CLN5 FUT NYMEX 1000,20150323,140532,49.91,1,0,0,0,0,0
CLN5 FUT NYMEX 1000,20150323,140602,49.9,1,0,0,0,0,0
CLN5 FUT NYMEX 1000,20150323,140922,49.89,3,0,0,0,0,0
CLN5 FUT NYMEX 1000,20150323,140928,49.9,1,0,0,0,0,0
CLN5 FUT NYMEX 1000,20150323,141210,49.78,11,0,0,0,0,0
CLN5 FUT NYMEX 1000,20150323,141241,49.83,5,0,0,0,0,0
CLN5 FUT NYMEX 1000,20150323,141322,49.87,5,0,0,0,0,0
CLN5 FUT NYMEX 1000,20150323,141334,49.9,1,0,0,0,0,0
CLN5 FUT NYMEX 1000,20150323,141355,49.91,1,0,0,0,0,0
CLN5 FUT NYMEX 1000,20150323,141525,50.04,1,0,0,0,0,0
CLN5 FUT NYMEX 1000,20150323,141547,49.98,5,0,0,0,0,0
CLN5 FUT NYMEX 1000,20150323,141554,49.99,1,0,0,0,0,0
CLN5 FUT NYMEX 1000,20150323,141610,50,5,0,0,0,0,0
CLN5 FUT NYMEX 1000,20150323,141649,50.03,5,0,0,0,0,0
CLN5 FUT NYMEX 1000,20150323,141730,50.04,2,0,0,0,0,0
CLN5 FUT NYMEX 1000,20150323,141757,50.05,1,0,0,0,0,0
CLN5 FUT NYMEX 1000,20150323,141824,50.06,1,0,0,0,0,0
CLN5 FUT NYMEX 1000,20150323,141842,50.05,2,0,0,0,0,0
CLN5 FUT NYMEX 1000,20150323,141859,50.03,1,0,0,0,0,0
CLN5 FUT NYMEX 1000,20150323,141937,50.04,1,0,0,0,0,0
CLN5 FUT NYMEX 1000,20150323,142029,50.15,1,0,0,0,0,0
CLN5 FUT NYMEX 1000,20150323,142053,50.15,2,0,0,0,0,0
CLN5 FUT NYMEX 1000,20150323,142142,50.2,1,0,0,0,0,0
CLN5 FUT NYMEX 1000,20150323,142154,50.22,2,0,0,0,0,0
CLN5 FUT NYMEX 1000,20150323,142226,50.26,1,0,0,0,0,0
CLN5 FUT NYMEX 1000,20150323,142253,50.19,9,0,0,0,0,0
CLN5 FUT NYMEX 1000,20150323,142311,50.21,2,0,0,0,0,0
CLN5 FUT NYMEX 1000,20150323,142352,50.28,1,0,0,0,0,0
CLN5 FUT NYMEX 1000,20150323,142421,50.3,1,0,0,0,0,0
CLN5 FUT NYMEX 1000,20150323,142442,50.29,3,0,0,0,0,0
CLN5 FUT NYMEX 1000,20150323,142451,50.25,1,0,0,0,0,0
CLN5 FUT NYMEX 1000,20150323,142518,50.28,7,0,0,0,0,0
CLN5 FUT NYMEX 1000,20150323,142536,50.34,1,0,0,0,0,0
CLN5 FUT NYMEX 1000,20150323,142603,50.41,1,0,0,0,0,0
CLN5 FUT NYMEX 1000,20150323,142608,50.42,2,0,0,0,0,0
CLN5 FUT NYMEX 1000,20150323,142621,50.4,2,0,0,0,0,0
CLN5 FUT NYMEX 1000,20150323,142632,50.43,1,0,0,0,0,0
CLN5 FUT NYMEX 1000,20150323,142642,50.46,3,0,0,0,0,0
CLN5 FUT NYMEX 1000,20150323,142653,50.51,1,0,0,0,0,0
CLN5 FUT NYMEX 1000,20150323,142702,50.51,1,0,0,0,0,0
CLN5 FUT NYMEX 1000,20150323,142710,50.49,1,0,0,0,0,0
CLN5 FUT NYMEX 1000,20150323,142717,50.51,4,0,0,0,0,0
CLN5 FUT NYMEX 1000,20150323,142728,50.56,1,0,0,0,0,0
CLN5 FUT NYMEX 1000,20150323,142743,50.7,1,0,0,0,0,0
CLN5 FUT NYMEX 1000,20150323,142749,50.64,3,0,0,0,0,0
CLN5 FUT NYMEX 1000,20150323,142802,50.58,2,0,0,0,0,0
CLN5 FUT NYMEX 1000,20150323,142807,50.58,1,0,0,0,0,0
CLN5 FUT NYMEX 1000,20150323,142819,50.5,1,0,0,0,0,0
CLN5 FUT NYMEX 1000,20150323,142833,50.52,2,0,0,0,0,0
CLN5 FUT NYMEX 1000,20150323,142841,50.51,1,0,0,0,0,0
CLN5 FUT NYMEX 1000,20150323,142852,50.52,1,0,0,0,0,0
CLN5 FUT NYMEX 1000,20150323,142902,50.56,3,0,0,0,0,0
CLN5 FUT NYMEX 1000,20150323,142911,50.59,1,0,0,0,0,0
CLN5 FUT NYMEX 1000,20150323,142918,50.58,1,0,0,0,0,0
CLN5 FUT NYMEX 1000,20150323,142931,50.56,8,0,0,0,0,0
CLN5 FUT NYMEX 1000,20150323,142938,50.55,1,0,0,0,0,0
CLN5 FUT NYMEX 1000,20150323,142953,50.56,1,0,0,0,0,0
CLN5 FUT NYMEX 1000,20150323,143021,50.51,2,0,0,0,0,0
CLN5 FUT NYMEX 1000,20150323,143049,50.52,1,0,0,0,0,0
CLN5 FUT NYMEX 1000,20150323,143256,50.48,1,0,0,0,0,0
CLN5 FUT NYMEX 1000,20150323,143458,50.49,1,0,0,0,0,0
CLN5 FUT NYMEX 1000,20150323,143803,50.52,1,0,0,0,0,0
CLN5 FUT NYMEX 1000,20150323,144207,50.45,1,0,0,0,0,0
CLN5 FUT NYMEX 1000,20150323,144745,50.44,5,0,0,0,0,0
CLN5 FUT NYMEX 1000,20150323,144937,50.4,1,0,0,0,0,0
CLN5 FUT NYMEX 1000,20150323,145046,50.41,2,0,0,0,0,0
CLN5 FUT NYMEX 1000,20150323,145106,50.42,1,0,0,0,0,0
CLN5 FUT NYMEX 1000,20150323,145152,50.44,1,0,0,0,0,0
CLN5 FUT NYMEX 1000,20150323,145209,50.43,1,0,0,0,0,0
CLN5 FUT NYMEX 1000,20150323,145251,50.45,1,0,0,0,0,0
CLN5 FUT NYMEX 1000,20150323,145440,50.44,1,0,0,0,0,0
CLN5 FUT NYMEX 1000,20150323,145620,50.45,2,0,0,0,0,0
CLN5 FUT NYMEX 1000,20150323,145929,50.46,2,0,0,0,0,0
CLN5 FUT NYMEX 1000,20150323,145940,50.46,1,0,0,0,0,0
CLN5 FUT NYMEX 1000,20150323,150126,50.47,1,0,0,0,0,0
CLN5 FUT NYMEX 1000,20150323,150524,50.46,1,0,0,0,0,0
CLN5 FUT NYMEX 1000,20150323,150651,50.44,1,0,0,0,0,0
CLN5 FUT NYMEX 1000,20150323,150712,50.44,2,0,0,0,0,0
CLN5 FUT NYMEX 1000,20150323,150727,50.44,1,0,0,0,0,0
CLN5 FUT NYMEX 1000,20150323,150810,50.45,2,0,0,0,0,0
CLN5 FUT NYMEX 1000,20150323,151240,50.51,1,0,0,0,0,0
CLN5 FUT NYMEX 1000,20150323,151330,50.49,1,0,0,0,0,0
CLN5 FUT NYMEX 1000,20150323,151442,50.4,1,0,0,0,0,0
CLN5 FUT NYMEX 1000,20150323,152532,50.43,1,0,0,0,0,0
CLN5 FUT NYMEX 1000,20150323,152547,50.42,1,0,0,0,0,0
CLN5 FUT NYMEX 1000,20150323,152924,50.4,1,0,0,0,0,0
CLN5 FUT NYMEX 1000,20150323,153320,50.38,1,0,0,0,0,0
CLN5 FUT NYMEX 1000,20150323,153754,50.45,14,0,0,0,0,0
CLN5 FUT NYMEX 1000,20150323,153800,50.45,3,0,0,0,0,0
CLN5 FUT NYMEX 1000,20150323,154114,50.43,1,0,0,0,0,0
CLN5 FUT NYMEX 1000,20150323,154123,50.43,19,0,0,0,0,0
CLN5 FUT NYMEX 1000,20150323,154723,50.45,2,0,0,0,0,0
CLN5 FUT NYMEX 1000,20150323,155058,50.48,1,0,0,0,0,0
CLN5 FUT NYMEX 1000,20150323,155529,50.48,2,0,0,0,0,0
CLN5 FUT NYMEX 1000,20150323,155637,50.45,1,0,0,0,0,0
CLN5 FUT NYMEX 1000,20150323,155656,50.46,1,0,0,0,0,0
CLN5 FUT NYMEX 1000,20150323,155850,50.4,2,0,0,0,0,0
CLN5 FUT NYMEX 1000,20150323,155908,50.4,1,0,0,0,0,0
CLN5 FUT NYMEX 1000,20150323,160323,50.42,36,0,0,0,0,0
CLN5 FUT NYMEX 1000,20150323,160425,50.39,1,0,0,0,0,0
CLN5 FUT NYMEX 1000,20150323,160627,50.4,1,0,0,0,0,0
CLN5 FUT NYMEX 1000,20150323,162928,50.42,1,0,0,0,0,0
CLN5 FUT NYMEX 1000,20150323,162940,50.4,1,0,0,0,0,0
CLN5 FUT NYMEX 1000,20150323,163253,50.43,1,0,0,0,0,0
CLN5 FUT NYMEX 1000,20150323,164548,50.41,4,0,0,0,0,0
CLN5 FUT NYMEX 1000,20150323,165006,50.42,1,0,0,0,0,0
CLN5 FUT NYMEX 1000,20150323,165410,50.43,2,0,0,0,0,0
CLN5 FUT NYMEX 1000,20150323,170622,50.45,2,0,0,0,0,0
CLN5 FUT NYMEX 1000,20150323,171025,50.5,1,0,0,0,0,0
CLN5 FUT NYMEX 1000,20150323,190844,50.52,1,0,0,0,0,0
CLN5 FUT NYMEX 1000,20150323,192646,50.52,1,0,0,0,0,0
CLN5 FUT NYMEX 1000,20150323,192743,50.52,3,0,0,0,0,0
CLN5 FUT NYMEX 1000,20150323,192841,50.52,5,0,0,0,0,0
CLN5 FUT NYMEX 1000,20150323,192914,50.52,1,0,0,0,0,0
CLN5 FUT NYMEX 1000,20150323,192938,50.52,11,0,0,0,0,0
CLN5 FUT NYMEX 1000,20150323,193221,50.53,7,0,0,0,0,0
CLN5 FUT NYMEX 1000,20150323,193445,50.54,5,0,0,0,0,0
