947                 
EXC STK SMART,20150323,93000,33.26,1,0,0,0,0,0
EXC STK SMART,20150323,93023,33.34,1,0,0,0,0,0
EXC STK SMART,20150323,93037,33.42,1,0,0,0,0,0
EXC STK SMART,20150323,93102,33.43,1,0,0,0,0,0
EXC STK SMART,20150323,93116,33.44,1,0,0,0,0,0
EXC STK SMART,20150323,93117,33.44,1,0,0,0,0,0
EXC STK SMART,20150323,93136,33.47,1,0,0,0,0,0
EXC STK SMART,20150323,93156,33.39,2,0,0,0,0,0
EXC STK SMART,20150323,93200,33.4,1,0,0,0,0,0
EXC STK SMART,20150323,93218,33.39,1,0,0,0,0,0
EXC STK SMART,20150323,93231,33.38,1,0,0,0,0,0
EXC STK SMART,20150323,93246,33.41,2,0,0,0,0,0
EXC STK SMART,20150323,93303,33.38,1,0,0,0,0,0
EXC STK SMART,20150323,93334,33.36,2,0,0,0,0,0
EXC STK SMART,20150323,93354,33.37,1,0,0,0,0,0
EXC STK SMART,20150323,93422,33.4,1,0,0,0,0,0
EXC STK SMART,20150323,93428,33.41,1,0,0,0,0,0
EXC STK SMART,20150323,93437,33.42,1,0,0,0,0,0
EXC STK SMART,20150323,93452,33.43,1,0,0,0,0,0
EXC STK SMART,20150323,93515,33.4,2,0,0,0,0,0
EXC STK SMART,20150323,93534,33.4,1,0,0,0,0,0
EXC STK SMART,20150323,93552,33.42,1,0,0,0,0,0
EXC STK SMART,20150323,93656,33.43,1,0,0,0,0,0
EXC STK SMART,20150323,93725,33.44,2,0,0,0,0,0
EXC STK SMART,20150323,93732,33.44,1,0,0,0,0,0
EXC STK SMART,20150323,93753,33.44,2,0,0,0,0,0
EXC STK SMART,20150323,93759,33.43,1,0,0,0,0,0
EXC STK SMART,20150323,93816,33.42,1,0,0,0,0,0
EXC STK SMART,20150323,93825,33.44,1,0,0,0,0,0
EXC STK SMART,20150323,93829,33.45,1,0,0,0,0,0
EXC STK SMART,20150323,93855,33.46,1,0,0,0,0,0
EXC STK SMART,20150323,93904,33.46,1,0,0,0,0,0
EXC STK SMART,20150323,93911,33.45,2,0,0,0,0,0
EXC STK SMART,20150323,93919,33.49,1,0,0,0,0,0
EXC STK SMART,20150323,93946,33.5,1,0,0,0,0,0
EXC STK SMART,20150323,93957,33.52,1,0,0,0,0,0
EXC STK SMART,20150323,94015,33.51,2,0,0,0,0,0
EXC STK SMART,20150323,94025,33.51,2,0,0,0,0,0
EXC STK SMART,20150323,94027,33.5,1,0,0,0,0,0
EXC STK SMART,20150323,94044,33.52,1,0,0,0,0,0
EXC STK SMART,20150323,94047,33.53,1,0,0,0,0,0
EXC STK SMART,20150323,94103,33.53,1,0,0,0,0,0
EXC STK SMART,20150323,94114,33.5,1,0,0,0,0,0
EXC STK SMART,20150323,94124,33.49,1,0,0,0,0,0
EXC STK SMART,20150323,94154,33.47,1,0,0,0,0,0
EXC STK SMART,20150323,94200,33.5,1,0,0,0,0,0
EXC STK SMART,20150323,94213,33.44,1,0,0,0,0,0
EXC STK SMART,20150323,94239,33.47,1,0,0,0,0,0
EXC STK SMART,20150323,94249,33.51,2,0,0,0,0,0
EXC STK SMART,20150323,94316,33.48,2,0,0,0,0,0
EXC STK SMART,20150323,94318,33.49,1,0,0,0,0,0
EXC STK SMART,20150323,94356,33.5,2,0,0,0,0,0
EXC STK SMART,20150323,94403,33.48,1,0,0,0,0,0
EXC STK SMART,20150323,94426,33.46,2,0,0,0,0,0
EXC STK SMART,20150323,94429,33.45,1,0,0,0,0,0
EXC STK SMART,20150323,94456,33.48,1,0,0,0,0,0
EXC STK SMART,20150323,94516,33.46,1,0,0,0,0,0
EXC STK SMART,20150323,94616,33.45,1,0,0,0,0,0
EXC STK SMART,20150323,94617,33.45,1,0,0,0,0,0
EXC STK SMART,20150323,94634,33.47,1,0,0,0,0,0
EXC STK SMART,20150323,94656,33.46,1,0,0,0,0,0
EXC STK SMART,20150323,94657,33.46,2,0,0,0,0,0
EXC STK SMART,20150323,94707,33.49,1,0,0,0,0,0
EXC STK SMART,20150323,94752,33.48,2,0,0,0,0,0
EXC STK SMART,20150323,94827,33.49,4,0,0,0,0,0
EXC STK SMART,20150323,94843,33.48,1,0,0,0,0,0
EXC STK SMART,20150323,94921,33.48,2,0,0,0,0,0
EXC STK SMART,20150323,94934,33.53,3,0,0,0,0,0
EXC STK SMART,20150323,94953,33.55,2,0,0,0,0,0
EXC STK SMART,20150323,95000,33.52,1,0,0,0,0,0
EXC STK SMART,20150323,95014,33.53,1,0,0,0,0,0
EXC STK SMART,20150323,95021,33.52,1,0,0,0,0,0
EXC STK SMART,20150323,95034,33.55,1,0,0,0,0,0
EXC STK SMART,20150323,95040,33.54,1,0,0,0,0,0
EXC STK SMART,20150323,95056,33.53,1,0,0,0,0,0
EXC STK SMART,20150323,95107,33.52,2,0,0,0,0,0
EXC STK SMART,20150323,95114,33.53,1,0,0,0,0,0
EXC STK SMART,20150323,95126,33.51,1,0,0,0,0,0
EXC STK SMART,20150323,95150,33.5,1,0,0,0,0,0
EXC STK SMART,20150323,95203,33.55,1,0,0,0,0,0
EXC STK SMART,20150323,95216,33.54,1,0,0,0,0,0
EXC STK SMART,20150323,95239,33.53,1,0,0,0,0,0
EXC STK SMART,20150323,95257,33.55,2,0,0,0,0,0
EXC STK SMART,20150323,95301,33.55,1,0,0,0,0,0
EXC STK SMART,20150323,95308,33.56,1,0,0,0,0,0
EXC STK SMART,20150323,95333,33.56,2,0,0,0,0,0
EXC STK SMART,20150323,95344,33.58,1,0,0,0,0,0
EXC STK SMART,20150323,95412,33.59,1,0,0,0,0,0
EXC STK SMART,20150323,95424,33.57,1,0,0,0,0,0
EXC STK SMART,20150323,95433,33.55,1,0,0,0,0,0
EXC STK SMART,20150323,95447,33.53,1,0,0,0,0,0
EXC STK SMART,20150323,95452,33.52,1,0,0,0,0,0
EXC STK SMART,20150323,95506,33.49,1,0,0,0,0,0
EXC STK SMART,20150323,95515,33.55,1,0,0,0,0,0
EXC STK SMART,20150323,95522,33.55,1,0,0,0,0,0
EXC STK SMART,20150323,95540,33.54,1,0,0,0,0,0
EXC STK SMART,20150323,95557,33.54,1,0,0,0,0,0
EXC STK SMART,20150323,95630,33.56,1,0,0,0,0,0
EXC STK SMART,20150323,95646,33.58,2,0,0,0,0,0
EXC STK SMART,20150323,95651,33.56,1,0,0,0,0,0
EXC STK SMART,20150323,95705,33.54,1,0,0,0,0,0
EXC STK SMART,20150323,95727,33.51,1,0,0,0,0,0
EXC STK SMART,20150323,95728,33.51,4,0,0,0,0,0
EXC STK SMART,20150323,95759,33.5,1,0,0,0,0,0
EXC STK SMART,20150323,95809,33.49,1,0,0,0,0,0
EXC STK SMART,20150323,95837,33.47,1,0,0,0,0,0
EXC STK SMART,20150323,95842,33.46,4,0,0,0,0,0
EXC STK SMART,20150323,95857,33.5,1,0,0,0,0,0
EXC STK SMART,20150323,95905,33.47,1,0,0,0,0,0
EXC STK SMART,20150323,95931,33.48,4,0,0,0,0,0
EXC STK SMART,20150323,95940,33.48,1,0,0,0,0,0
EXC STK SMART,20150323,95953,33.5,2,0,0,0,0,0
EXC STK SMART,20150323,100006,33.47,2,0,0,0,0,0
EXC STK SMART,20150323,100008,33.47,1,0,0,0,0,0
EXC STK SMART,20150323,100037,33.46,1,0,0,0,0,0
EXC STK SMART,20150323,100044,33.47,2,0,0,0,0,0
EXC STK SMART,20150323,100100,33.47,1,0,0,0,0,0
EXC STK SMART,20150323,100112,33.43,1,0,0,0,0,0
EXC STK SMART,20150323,100137,33.43,1,0,0,0,0,0
EXC STK SMART,20150323,100204,33.45,1,0,0,0,0,0
EXC STK SMART,20150323,100242,33.46,1,0,0,0,0,0
EXC STK SMART,20150323,100252,33.45,8,0,0,0,0,0
EXC STK SMART,20150323,100307,33.45,3,0,0,0,0,0
EXC STK SMART,20150323,100317,33.45,2,0,0,0,0,0
EXC STK SMART,20150323,100343,33.43,1,0,0,0,0,0
EXC STK SMART,20150323,100407,33.44,1,0,0,0,0,0
EXC STK SMART,20150323,100409,33.43,1,0,0,0,0,0
EXC STK SMART,20150323,100427,33.46,1,0,0,0,0,0
EXC STK SMART,20150323,100457,33.49,1,0,0,0,0,0
EXC STK SMART,20150323,100502,33.5,1,0,0,0,0,0
EXC STK SMART,20150323,100516,33.48,1,0,0,0,0,0
EXC STK SMART,20150323,100537,33.44,1,0,0,0,0,0
EXC STK SMART,20150323,100546,33.46,1,0,0,0,0,0
EXC STK SMART,20150323,100615,33.48,1,0,0,0,0,0
EXC STK SMART,20150323,100626,33.48,1,0,0,0,0,0
EXC STK SMART,20150323,100636,33.49,1,0,0,0,0,0
EXC STK SMART,20150323,100651,33.5,1,0,0,0,0,0
EXC STK SMART,20150323,100706,33.53,1,0,0,0,0,0
EXC STK SMART,20150323,100713,33.51,1,0,0,0,0,0
EXC STK SMART,20150323,100726,33.53,1,0,0,0,0,0
EXC STK SMART,20150323,100749,33.51,1,0,0,0,0,0
EXC STK SMART,20150323,100806,33.52,1,0,0,0,0,0
EXC STK SMART,20150323,100815,33.54,1,0,0,0,0,0
EXC STK SMART,20150323,100822,33.53,1,0,0,0,0,0
EXC STK SMART,20150323,100840,33.53,1,0,0,0,0,0
EXC STK SMART,20150323,100851,33.53,2,0,0,0,0,0
EXC STK SMART,20150323,100900,33.55,1,0,0,0,0,0
EXC STK SMART,20150323,100913,33.56,1,0,0,0,0,0
EXC STK SMART,20150323,100920,33.57,1,0,0,0,0,0
EXC STK SMART,20150323,100931,33.55,1,0,0,0,0,0
EXC STK SMART,20150323,100945,33.53,1,0,0,0,0,0
EXC STK SMART,20150323,101025,33.55,1,0,0,0,0,0
EXC STK SMART,20150323,101030,33.56,1,0,0,0,0,0
EXC STK SMART,20150323,101056,33.57,1,0,0,0,0,0
EXC STK SMART,20150323,101102,33.59,1,0,0,0,0,0
EXC STK SMART,20150323,101126,33.58,1,0,0,0,0,0
EXC STK SMART,20150323,101146,33.58,1,0,0,0,0,0
EXC STK SMART,20150323,101153,33.56,2,0,0,0,0,0
EXC STK SMART,20150323,101204,33.56,1,0,0,0,0,0
EXC STK SMART,20150323,101235,33.55,1,0,0,0,0,0
EXC STK SMART,20150323,101241,33.55,1,0,0,0,0,0
EXC STK SMART,20150323,101303,33.54,1,0,0,0,0,0
EXC STK SMART,20150323,101313,33.52,1,0,0,0,0,0
EXC STK SMART,20150323,101328,33.53,1,0,0,0,0,0
EXC STK SMART,20150323,101337,33.52,1,0,0,0,0,0
EXC STK SMART,20150323,101345,33.54,1,0,0,0,0,0
EXC STK SMART,20150323,101406,33.53,1,0,0,0,0,0
EXC STK SMART,20150323,101427,33.54,2,0,0,0,0,0
EXC STK SMART,20150323,101431,33.53,1,0,0,0,0,0
EXC STK SMART,20150323,101454,33.51,1,0,0,0,0,0
EXC STK SMART,20150323,101513,33.52,1,0,0,0,0,0
EXC STK SMART,20150323,101520,33.51,1,0,0,0,0,0
EXC STK SMART,20150323,101547,33.53,1,0,0,0,0,0
EXC STK SMART,20150323,101638,33.51,1,0,0,0,0,0
EXC STK SMART,20150323,101704,33.52,1,0,0,0,0,0
EXC STK SMART,20150323,101727,33.5,1,0,0,0,0,0
EXC STK SMART,20150323,101735,33.51,1,0,0,0,0,0
EXC STK SMART,20150323,101742,33.52,1,0,0,0,0,0
EXC STK SMART,20150323,101802,33.53,1,0,0,0,0,0
EXC STK SMART,20150323,101833,33.54,1,0,0,0,0,0
EXC STK SMART,20150323,101858,33.55,2,0,0,0,0,0
EXC STK SMART,20150323,101900,33.56,1,0,0,0,0,0
EXC STK SMART,20150323,101916,33.58,1,0,0,0,0,0
EXC STK SMART,20150323,101937,33.6,1,0,0,0,0,0
EXC STK SMART,20150323,101955,33.59,3,0,0,0,0,0
EXC STK SMART,20150323,102004,33.58,1,0,0,0,0,0
EXC STK SMART,20150323,102054,33.58,1,0,0,0,0,0
EXC STK SMART,20150323,102102,33.56,1,0,0,0,0,0
EXC STK SMART,20150323,102142,33.55,1,0,0,0,0,0
EXC STK SMART,20150323,102150,33.56,1,0,0,0,0,0
EXC STK SMART,20150323,102202,33.57,1,0,0,0,0,0
EXC STK SMART,20150323,102217,33.56,1,0,0,0,0,0
EXC STK SMART,20150323,102228,33.58,1,0,0,0,0,0
EXC STK SMART,20150323,102233,33.57,1,0,0,0,0,0
EXC STK SMART,20150323,102331,33.58,1,0,0,0,0,0
EXC STK SMART,20150323,102348,33.6,1,0,0,0,0,0
EXC STK SMART,20150323,102349,33.61,1,0,0,0,0,0
EXC STK SMART,20150323,102405,33.62,1,0,0,0,0,0
EXC STK SMART,20150323,102432,33.63,1,0,0,0,0,0
EXC STK SMART,20150323,102452,33.62,1,0,0,0,0,0
EXC STK SMART,20150323,102525,33.61,1,0,0,0,0,0
EXC STK SMART,20150323,102531,33.64,1,0,0,0,0,0
EXC STK SMART,20150323,102550,33.65,1,0,0,0,0,0
EXC STK SMART,20150323,102638,33.66,1,0,0,0,0,0
EXC STK SMART,20150323,102731,33.65,1,0,0,0,0,0
EXC STK SMART,20150323,102749,33.64,2,0,0,0,0,0
EXC STK SMART,20150323,102749,33.64,1,0,0,0,0,0
EXC STK SMART,20150323,102810,33.62,1,0,0,0,0,0
EXC STK SMART,20150323,102826,33.63,1,0,0,0,0,0
EXC STK SMART,20150323,102831,33.63,1,0,0,0,0,0
EXC STK SMART,20150323,102902,33.63,1,0,0,0,0,0
EXC STK SMART,20150323,102956,33.61,1,0,0,0,0,0
EXC STK SMART,20150323,103004,33.61,1,0,0,0,0,0
EXC STK SMART,20150323,103010,33.6,1,0,0,0,0,0
EXC STK SMART,20150323,103029,33.58,1,0,0,0,0,0
EXC STK SMART,20150323,103056,33.59,1,0,0,0,0,0
EXC STK SMART,20150323,103155,33.57,1,0,0,0,0,0
EXC STK SMART,20150323,103243,33.58,1,0,0,0,0,0
EXC STK SMART,20150323,103318,33.56,1,0,0,0,0,0
EXC STK SMART,20150323,103337,33.55,1,0,0,0,0,0
EXC STK SMART,20150323,103358,33.56,1,0,0,0,0,0
EXC STK SMART,20150323,103418,33.55,1,0,0,0,0,0
EXC STK SMART,20150323,103437,33.57,1,0,0,0,0,0
EXC STK SMART,20150323,103447,33.56,1,0,0,0,0,0
EXC STK SMART,20150323,103457,33.55,1,0,0,0,0,0
EXC STK SMART,20150323,103503,33.56,1,0,0,0,0,0
EXC STK SMART,20150323,103514,33.59,1,0,0,0,0,0
EXC STK SMART,20150323,103531,33.58,1,0,0,0,0,0
EXC STK SMART,20150323,103552,33.59,1,0,0,0,0,0
EXC STK SMART,20150323,103633,33.56,1,0,0,0,0,0
EXC STK SMART,20150323,103644,33.57,1,0,0,0,0,0
EXC STK SMART,20150323,103655,33.56,1,0,0,0,0,0
EXC STK SMART,20150323,103717,33.58,1,0,0,0,0,0
EXC STK SMART,20150323,103729,33.57,2,0,0,0,0,0
EXC STK SMART,20150323,103739,33.56,1,0,0,0,0,0
EXC STK SMART,20150323,103752,33.57,1,0,0,0,0,0
EXC STK SMART,20150323,103836,33.57,1,0,0,0,0,0
EXC STK SMART,20150323,103841,33.56,1,0,0,0,0,0
EXC STK SMART,20150323,103858,33.57,1,0,0,0,0,0
EXC STK SMART,20150323,103916,33.57,1,0,0,0,0,0
EXC STK SMART,20150323,103958,33.57,1,0,0,0,0,0
EXC STK SMART,20150323,104007,33.57,2,0,0,0,0,0
EXC STK SMART,20150323,104021,33.57,1,0,0,0,0,0
EXC STK SMART,20150323,104044,33.56,1,0,0,0,0,0
EXC STK SMART,20150323,104054,33.58,1,0,0,0,0,0
EXC STK SMART,20150323,104104,33.57,1,0,0,0,0,0
EXC STK SMART,20150323,104129,33.56,1,0,0,0,0,0
EXC STK SMART,20150323,104209,33.54,1,0,0,0,0,0
EXC STK SMART,20150323,104214,33.53,1,0,0,0,0,0
EXC STK SMART,20150323,104258,33.55,1,0,0,0,0,0
EXC STK SMART,20150323,104305,33.56,1,0,0,0,0,0
EXC STK SMART,20150323,104337,33.55,1,0,0,0,0,0
EXC STK SMART,20150323,104415,33.53,1,0,0,0,0,0
EXC STK SMART,20150323,104424,33.52,1,0,0,0,0,0
EXC STK SMART,20150323,104439,33.51,1,0,0,0,0,0
EXC STK SMART,20150323,104459,33.53,1,0,0,0,0,0
EXC STK SMART,20150323,104517,33.53,1,0,0,0,0,0
EXC STK SMART,20150323,104526,33.53,2,0,0,0,0,0
EXC STK SMART,20150323,104531,33.54,1,0,0,0,0,0
EXC STK SMART,20150323,104601,33.53,1,0,0,0,0,0
EXC STK SMART,20150323,104628,33.54,1,0,0,0,0,0
EXC STK SMART,20150323,104645,33.54,1,0,0,0,0,0
EXC STK SMART,20150323,104701,33.52,1,0,0,0,0,0
EXC STK SMART,20150323,104718,33.52,1,0,0,0,0,0
EXC STK SMART,20150323,104729,33.54,1,0,0,0,0,0
EXC STK SMART,20150323,104839,33.56,1,0,0,0,0,0
EXC STK SMART,20150323,104902,33.55,1,0,0,0,0,0
EXC STK SMART,20150323,104911,33.56,1,0,0,0,0,0
EXC STK SMART,20150323,104936,33.59,1,0,0,0,0,0
EXC STK SMART,20150323,105018,33.59,1,0,0,0,0,0
EXC STK SMART,20150323,105028,33.59,1,0,0,0,0,0
EXC STK SMART,20150323,105051,33.6,1,0,0,0,0,0
EXC STK SMART,20150323,105101,33.59,1,0,0,0,0,0
EXC STK SMART,20150323,105121,33.58,2,0,0,0,0,0
EXC STK SMART,20150323,105153,33.57,1,0,0,0,0,0
EXC STK SMART,20150323,105227,33.59,1,0,0,0,0,0
EXC STK SMART,20150323,105253,33.59,1,0,0,0,0,0
EXC STK SMART,20150323,105438,33.61,1,0,0,0,0,0
EXC STK SMART,20150323,105535,33.59,2,0,0,0,0,0
EXC STK SMART,20150323,105605,33.59,1,0,0,0,0,0
EXC STK SMART,20150323,105625,33.58,1,0,0,0,0,0
EXC STK SMART,20150323,105639,33.59,1,0,0,0,0,0
EXC STK SMART,20150323,105655,33.58,1,0,0,0,0,0
EXC STK SMART,20150323,105727,33.57,1,0,0,0,0,0
EXC STK SMART,20150323,105811,33.56,1,0,0,0,0,0
EXC STK SMART,20150323,105824,33.57,1,0,0,0,0,0
EXC STK SMART,20150323,105859,33.58,1,0,0,0,0,0
EXC STK SMART,20150323,105906,33.57,1,0,0,0,0,0
EXC STK SMART,20150323,105911,33.56,1,0,0,0,0,0
EXC STK SMART,20150323,105929,33.56,2,0,0,0,0,0
EXC STK SMART,20150323,105931,33.57,1,0,0,0,0,0
EXC STK SMART,20150323,105958,33.57,1,0,0,0,0,0
EXC STK SMART,20150323,110001,33.57,1,0,0,0,0,0
EXC STK SMART,20150323,110047,33.58,1,0,0,0,0,0
EXC STK SMART,20150323,110155,33.56,1,0,0,0,0,0
EXC STK SMART,20150323,110212,33.56,1,0,0,0,0,0
EXC STK SMART,20150323,110256,33.54,1,0,0,0,0,0
EXC STK SMART,20150323,110323,33.55,1,0,0,0,0,0
EXC STK SMART,20150323,110346,33.53,1,0,0,0,0,0
EXC STK SMART,20150323,110400,33.52,1,0,0,0,0,0
EXC STK SMART,20150323,110410,33.52,1,0,0,0,0,0
EXC STK SMART,20150323,110437,33.5,4,0,0,0,0,0
EXC STK SMART,20150323,110500,33.5,4,0,0,0,0,0
EXC STK SMART,20150323,110507,33.5,1,0,0,0,0,0
EXC STK SMART,20150323,110549,33.51,1,0,0,0,0,0
EXC STK SMART,20150323,110559,33.53,1,0,0,0,0,0
EXC STK SMART,20150323,110727,33.54,1,0,0,0,0,0
EXC STK SMART,20150323,110758,33.53,1,0,0,0,0,0
EXC STK SMART,20150323,110809,33.52,1,0,0,0,0,0
EXC STK SMART,20150323,110818,33.51,1,0,0,0,0,0
EXC STK SMART,20150323,110826,33.5,1,0,0,0,0,0
EXC STK SMART,20150323,110839,33.5,1,0,0,0,0,0
EXC STK SMART,20150323,110856,33.51,1,0,0,0,0,0
EXC STK SMART,20150323,110904,33.52,1,0,0,0,0,0
EXC STK SMART,20150323,110924,33.51,1,0,0,0,0,0
EXC STK SMART,20150323,111006,33.5,1,0,0,0,0,0
EXC STK SMART,20150323,111104,33.5,1,0,0,0,0,0
EXC STK SMART,20150323,111125,33.5,1,0,0,0,0,0
EXC STK SMART,20150323,111149,33.5,1,0,0,0,0,0
EXC STK SMART,20150323,111216,33.49,2,0,0,0,0,0
EXC STK SMART,20150323,111225,33.5,1,0,0,0,0,0
EXC STK SMART,20150323,111308,33.5,1,0,0,0,0,0
EXC STK SMART,20150323,111313,33.51,1,0,0,0,0,0
EXC STK SMART,20150323,111351,33.52,1,0,0,0,0,0
EXC STK SMART,20150323,111353,33.51,1,0,0,0,0,0
EXC STK SMART,20150323,111411,33.49,1,0,0,0,0,0
EXC STK SMART,20150323,111412,33.5,1,0,0,0,0,0
EXC STK SMART,20150323,111428,33.48,1,0,0,0,0,0
EXC STK SMART,20150323,111451,33.49,1,0,0,0,0,0
EXC STK SMART,20150323,111459,33.47,1,0,0,0,0,0
EXC STK SMART,20150323,111501,33.48,1,0,0,0,0,0
EXC STK SMART,20150323,111513,33.46,1,0,0,0,0,0
EXC STK SMART,20150323,111524,33.45,1,0,0,0,0,0
EXC STK SMART,20150323,111551,33.43,1,0,0,0,0,0
EXC STK SMART,20150323,111552,33.43,1,0,0,0,0,0
EXC STK SMART,20150323,111616,33.45,1,0,0,0,0,0
EXC STK SMART,20150323,111645,33.46,1,0,0,0,0,0
EXC STK SMART,20150323,111657,33.45,1,0,0,0,0,0
EXC STK SMART,20150323,111745,33.46,1,0,0,0,0,0
EXC STK SMART,20150323,111751,33.47,1,0,0,0,0,0
EXC STK SMART,20150323,111837,33.45,1,0,0,0,0,0
EXC STK SMART,20150323,111906,33.46,1,0,0,0,0,0
EXC STK SMART,20150323,111916,33.47,1,0,0,0,0,0
EXC STK SMART,20150323,111951,33.47,1,0,0,0,0,0
EXC STK SMART,20150323,112021,33.47,1,0,0,0,0,0
EXC STK SMART,20150323,112024,33.47,1,0,0,0,0,0
EXC STK SMART,20150323,112040,33.47,1,0,0,0,0,0
EXC STK SMART,20150323,112119,33.49,1,0,0,0,0,0
EXC STK SMART,20150323,112128,33.49,1,0,0,0,0,0
EXC STK SMART,20150323,112142,33.48,1,0,0,0,0,0
EXC STK SMART,20150323,112211,33.49,1,0,0,0,0,0
EXC STK SMART,20150323,112224,33.5,1,0,0,0,0,0
EXC STK SMART,20150323,112256,33.49,1,0,0,0,0,0
EXC STK SMART,20150323,112353,33.48,2,0,0,0,0,0
EXC STK SMART,20150323,112409,33.48,1,0,0,0,0,0
EXC STK SMART,20150323,112425,33.5,1,0,0,0,0,0
EXC STK SMART,20150323,112501,33.49,1,0,0,0,0,0
EXC STK SMART,20150323,112512,33.48,1,0,0,0,0,0
EXC STK SMART,20150323,112535,33.48,1,0,0,0,0,0
EXC STK SMART,20150323,112623,33.47,1,0,0,0,0,0
EXC STK SMART,20150323,112651,33.47,1,0,0,0,0,0
EXC STK SMART,20150323,112734,33.46,1,0,0,0,0,0
EXC STK SMART,20150323,112849,33.45,1,0,0,0,0,0
EXC STK SMART,20150323,112909,33.45,1,0,0,0,0,0
EXC STK SMART,20150323,112921,33.44,1,0,0,0,0,0
EXC STK SMART,20150323,112931,33.45,1,0,0,0,0,0
EXC STK SMART,20150323,112937,33.46,1,0,0,0,0,0
EXC STK SMART,20150323,112946,33.47,1,0,0,0,0,0
EXC STK SMART,20150323,112957,33.46,1,0,0,0,0,0
EXC STK SMART,20150323,113017,33.48,1,0,0,0,0,0
EXC STK SMART,20150323,113024,33.47,1,0,0,0,0,0
EXC STK SMART,20150323,113039,33.48,1,0,0,0,0,0
EXC STK SMART,20150323,113120,33.51,1,0,0,0,0,0
EXC STK SMART,20150323,113141,33.5,1,0,0,0,0,0
EXC STK SMART,20150323,113144,33.5,1,0,0,0,0,0
EXC STK SMART,20150323,113219,33.5,1,0,0,0,0,0
EXC STK SMART,20150323,113226,33.51,1,0,0,0,0,0
EXC STK SMART,20150323,113251,33.51,1,0,0,0,0,0
EXC STK SMART,20150323,113341,33.51,1,0,0,0,0,0
EXC STK SMART,20150323,113343,33.52,1,0,0,0,0,0
EXC STK SMART,20150323,113353,33.53,1,0,0,0,0,0
EXC STK SMART,20150323,113417,33.52,1,0,0,0,0,0
EXC STK SMART,20150323,113427,33.53,1,0,0,0,0,0
EXC STK SMART,20150323,113521,33.55,1,0,0,0,0,0
EXC STK SMART,20150323,113538,33.55,1,0,0,0,0,0
EXC STK SMART,20150323,113551,33.55,1,0,0,0,0,0
EXC STK SMART,20150323,113557,33.55,1,0,0,0,0,0
EXC STK SMART,20150323,113603,33.56,1,0,0,0,0,0
EXC STK SMART,20150323,113735,33.55,1,0,0,0,0,0
EXC STK SMART,20150323,113752,33.56,1,0,0,0,0,0
EXC STK SMART,20150323,113829,33.55,1,0,0,0,0,0
EXC STK SMART,20150323,113848,33.56,1,0,0,0,0,0
EXC STK SMART,20150323,113902,33.57,1,0,0,0,0,0
EXC STK SMART,20150323,113913,33.58,1,0,0,0,0,0
EXC STK SMART,20150323,113930,33.57,1,0,0,0,0,0
EXC STK SMART,20150323,113952,33.57,1,0,0,0,0,0
EXC STK SMART,20150323,114021,33.57,1,0,0,0,0,0
EXC STK SMART,20150323,114040,33.58,1,0,0,0,0,0
EXC STK SMART,20150323,114049,33.57,1,0,0,0,0,0
EXC STK SMART,20150323,114101,33.58,1,0,0,0,0,0
EXC STK SMART,20150323,114109,33.57,1,0,0,0,0,0
EXC STK SMART,20150323,114114,33.58,1,0,0,0,0,0
EXC STK SMART,20150323,114124,33.59,1,0,0,0,0,0
EXC STK SMART,20150323,114137,33.6,1,0,0,0,0,0
EXC STK SMART,20150323,114156,33.6,1,0,0,0,0,0
EXC STK SMART,20150323,114231,33.61,1,0,0,0,0,0
EXC STK SMART,20150323,114241,33.62,1,0,0,0,0,0
EXC STK SMART,20150323,114258,33.61,4,0,0,0,0,0
EXC STK SMART,20150323,114308,33.6,1,0,0,0,0,0
EXC STK SMART,20150323,114341,33.58,1,0,0,0,0,0
EXC STK SMART,20150323,114348,33.58,1,0,0,0,0,0
EXC STK SMART,20150323,114411,33.59,1,0,0,0,0,0
EXC STK SMART,20150323,114442,33.59,1,0,0,0,0,0
EXC STK SMART,20150323,114511,33.58,1,0,0,0,0,0
EXC STK SMART,20150323,114520,33.59,1,0,0,0,0,0
EXC STK SMART,20150323,114542,33.6,1,0,0,0,0,0
EXC STK SMART,20150323,114610,33.62,1,0,0,0,0,0
EXC STK SMART,20150323,114625,33.63,1,0,0,0,0,0
EXC STK SMART,20150323,114641,33.62,1,0,0,0,0,0
EXC STK SMART,20150323,114701,33.61,1,0,0,0,0,0
EXC STK SMART,20150323,114717,33.62,1,0,0,0,0,0
EXC STK SMART,20150323,114731,33.63,1,0,0,0,0,0
EXC STK SMART,20150323,114742,33.62,1,0,0,0,0,0
EXC STK SMART,20150323,114751,33.61,1,0,0,0,0,0
EXC STK SMART,20150323,114758,33.62,1,0,0,0,0,0
EXC STK SMART,20150323,114815,33.63,1,0,0,0,0,0
EXC STK SMART,20150323,114841,33.62,1,0,0,0,0,0
EXC STK SMART,20150323,114901,33.61,1,0,0,0,0,0
EXC STK SMART,20150323,114923,33.59,1,0,0,0,0,0
EXC STK SMART,20150323,114950,33.58,1,0,0,0,0,0
EXC STK SMART,20150323,115026,33.57,1,0,0,0,0,0
EXC STK SMART,20150323,115042,33.58,1,0,0,0,0,0
EXC STK SMART,20150323,115048,33.57,1,0,0,0,0,0
EXC STK SMART,20150323,115059,33.57,2,0,0,0,0,0
EXC STK SMART,20150323,115122,33.56,1,0,0,0,0,0
EXC STK SMART,20150323,115133,33.56,1,0,0,0,0,0
EXC STK SMART,20150323,115135,33.56,1,0,0,0,0,0
EXC STK SMART,20150323,115144,33.55,1,0,0,0,0,0
EXC STK SMART,20150323,115220,33.55,1,0,0,0,0,0
EXC STK SMART,20150323,115227,33.55,2,0,0,0,0,0
EXC STK SMART,20150323,115253,33.55,1,0,0,0,0,0
EXC STK SMART,20150323,115315,33.54,1,0,0,0,0,0
EXC STK SMART,20150323,115324,33.55,1,0,0,0,0,0
EXC STK SMART,20150323,115408,33.56,1,0,0,0,0,0
EXC STK SMART,20150323,115429,33.55,1,0,0,0,0,0
EXC STK SMART,20150323,115510,33.53,1,0,0,0,0,0
EXC STK SMART,20150323,115522,33.51,1,0,0,0,0,0
EXC STK SMART,20150323,115558,33.51,1,0,0,0,0,0
EXC STK SMART,20150323,115634,33.52,1,0,0,0,0,0
EXC STK SMART,20150323,115658,33.52,1,0,0,0,0,0
EXC STK SMART,20150323,115912,33.51,1,0,0,0,0,0
EXC STK SMART,20150323,115922,33.52,1,0,0,0,0,0
EXC STK SMART,20150323,115953,33.48,1,0,0,0,0,0
EXC STK SMART,20150323,115957,33.48,1,0,0,0,0,0
EXC STK SMART,20150323,120026,33.5,1,0,0,0,0,0
EXC STK SMART,20150323,120042,33.5,2,0,0,0,0,0
EXC STK SMART,20150323,120049,33.49,1,0,0,0,0,0
EXC STK SMART,20150323,120231,33.48,2,0,0,0,0,0
EXC STK SMART,20150323,120302,33.47,1,0,0,0,0,0
EXC STK SMART,20150323,120311,33.48,1,0,0,0,0,0
EXC STK SMART,20150323,120334,33.49,1,0,0,0,0,0
EXC STK SMART,20150323,120427,33.48,1,0,0,0,0,0
EXC STK SMART,20150323,120439,33.49,1,0,0,0,0,0
EXC STK SMART,20150323,120458,33.48,2,0,0,0,0,0
EXC STK SMART,20150323,120515,33.47,1,0,0,0,0,0
EXC STK SMART,20150323,120551,33.46,1,0,0,0,0,0
EXC STK SMART,20150323,120640,33.46,2,0,0,0,0,0
EXC STK SMART,20150323,120646,33.47,1,0,0,0,0,0
EXC STK SMART,20150323,120713,33.48,1,0,0,0,0,0
EXC STK SMART,20150323,120731,33.48,1,0,0,0,0,0
EXC STK SMART,20150323,120737,33.48,1,0,0,0,0,0
EXC STK SMART,20150323,120801,33.47,1,0,0,0,0,0
EXC STK SMART,20150323,120805,33.46,1,0,0,0,0,0
EXC STK SMART,20150323,120843,33.47,1,0,0,0,0,0
EXC STK SMART,20150323,120923,33.46,1,0,0,0,0,0
EXC STK SMART,20150323,120927,33.47,1,0,0,0,0,0
EXC STK SMART,20150323,120938,33.48,2,0,0,0,0,0
EXC STK SMART,20150323,120953,33.47,1,0,0,0,0,0
EXC STK SMART,20150323,121002,33.46,2,0,0,0,0,0
EXC STK SMART,20150323,121014,33.47,1,0,0,0,0,0
EXC STK SMART,20150323,121143,33.46,1,0,0,0,0,0
EXC STK SMART,20150323,121153,33.47,1,0,0,0,0,0
EXC STK SMART,20150323,121309,33.48,3,0,0,0,0,0
EXC STK SMART,20150323,121401,33.46,1,0,0,0,0,0
EXC STK SMART,20150323,121524,33.45,1,0,0,0,0,0
EXC STK SMART,20150323,121622,33.45,1,0,0,0,0,0
EXC STK SMART,20150323,121643,33.45,1,0,0,0,0,0
EXC STK SMART,20150323,121653,33.44,1,0,0,0,0,0
EXC STK SMART,20150323,121725,33.43,1,0,0,0,0,0
EXC STK SMART,20150323,121809,33.44,1,0,0,0,0,0
EXC STK SMART,20150323,121820,33.45,1,0,0,0,0,0
EXC STK SMART,20150323,121841,33.44,1,0,0,0,0,0
EXC STK SMART,20150323,121850,33.45,1,0,0,0,0,0
EXC STK SMART,20150323,121859,33.45,1,0,0,0,0,0
EXC STK SMART,20150323,121912,33.46,1,0,0,0,0,0
EXC STK SMART,20150323,121921,33.45,1,0,0,0,0,0
EXC STK SMART,20150323,121938,33.45,1,0,0,0,0,0
EXC STK SMART,20150323,121954,33.44,2,0,0,0,0,0
EXC STK SMART,20150323,121959,33.44,1,0,0,0,0,0
EXC STK SMART,20150323,122010,33.45,1,0,0,0,0,0
EXC STK SMART,20150323,122121,33.44,1,0,0,0,0,0
EXC STK SMART,20150323,122138,33.44,1,0,0,0,0,0
EXC STK SMART,20150323,122145,33.45,1,0,0,0,0,0
EXC STK SMART,20150323,122213,33.46,3,0,0,0,0,0
EXC STK SMART,20150323,122216,33.46,1,0,0,0,0,0
EXC STK SMART,20150323,122229,33.46,1,0,0,0,0,0
EXC STK SMART,20150323,122305,33.47,1,0,0,0,0,0
EXC STK SMART,20150323,122306,33.47,2,0,0,0,0,0
EXC STK SMART,20150323,122320,33.47,1,0,0,0,0,0
EXC STK SMART,20150323,122326,33.48,1,0,0,0,0,0
EXC STK SMART,20150323,122335,33.49,1,0,0,0,0,0
EXC STK SMART,20150323,122437,33.5,1,0,0,0,0,0
EXC STK SMART,20150323,122518,33.48,1,0,0,0,0,0
EXC STK SMART,20150323,122611,33.48,1,0,0,0,0,0
EXC STK SMART,20150323,122625,33.49,1,0,0,0,0,0
EXC STK SMART,20150323,122643,33.48,1,0,0,0,0,0
EXC STK SMART,20150323,122653,33.49,1,0,0,0,0,0
EXC STK SMART,20150323,122734,33.48,1,0,0,0,0,0
EXC STK SMART,20150323,122827,33.49,1,0,0,0,0,0
EXC STK SMART,20150323,122855,33.49,1,0,0,0,0,0
EXC STK SMART,20150323,122856,33.49,1,0,0,0,0,0
EXC STK SMART,20150323,122929,33.49,1,0,0,0,0,0
EXC STK SMART,20150323,122942,33.5,1,0,0,0,0,0
EXC STK SMART,20150323,123000,33.51,1,0,0,0,0,0
EXC STK SMART,20150323,123014,33.5,1,0,0,0,0,0
EXC STK SMART,20150323,123106,33.51,1,0,0,0,0,0
EXC STK SMART,20150323,123121,33.51,1,0,0,0,0,0
EXC STK SMART,20150323,123133,33.52,2,0,0,0,0,0
EXC STK SMART,20150323,123139,33.52,1,0,0,0,0,0
EXC STK SMART,20150323,123216,33.51,1,0,0,0,0,0
EXC STK SMART,20150323,123234,33.52,1,0,0,0,0,0
EXC STK SMART,20150323,123239,33.53,1,0,0,0,0,0
EXC STK SMART,20150323,123416,33.54,1,0,0,0,0,0
EXC STK SMART,20150323,123430,33.55,1,0,0,0,0,0
EXC STK SMART,20150323,123519,33.54,1,0,0,0,0,0
EXC STK SMART,20150323,123534,33.53,1,0,0,0,0,0
EXC STK SMART,20150323,123554,33.52,1,0,0,0,0,0
EXC STK SMART,20150323,123609,33.51,1,0,0,0,0,0
EXC STK SMART,20150323,123618,33.5,1,0,0,0,0,0
EXC STK SMART,20150323,123634,33.51,1,0,0,0,0,0
EXC STK SMART,20150323,123743,33.52,1,0,0,0,0,0
EXC STK SMART,20150323,123824,33.51,1,0,0,0,0,0
EXC STK SMART,20150323,123846,33.5,1,0,0,0,0,0
EXC STK SMART,20150323,123900,33.51,1,0,0,0,0,0
EXC STK SMART,20150323,123914,33.51,2,0,0,0,0,0
EXC STK SMART,20150323,123923,33.52,1,0,0,0,0,0
EXC STK SMART,20150323,124005,33.52,1,0,0,0,0,0
EXC STK SMART,20150323,124121,33.53,1,0,0,0,0,0
EXC STK SMART,20150323,124138,33.51,1,0,0,0,0,0
EXC STK SMART,20150323,124146,33.52,1,0,0,0,0,0
EXC STK SMART,20150323,124220,33.52,2,0,0,0,0,0
EXC STK SMART,20150323,124334,33.51,1,0,0,0,0,0
EXC STK SMART,20150323,124458,33.5,1,0,0,0,0,0
EXC STK SMART,20150323,124607,33.5,1,0,0,0,0,0
EXC STK SMART,20150323,124715,33.51,1,0,0,0,0,0
EXC STK SMART,20150323,124738,33.52,1,0,0,0,0,0
EXC STK SMART,20150323,124903,33.51,1,0,0,0,0,0
EXC STK SMART,20150323,125016,33.51,1,0,0,0,0,0
EXC STK SMART,20150323,125109,33.5,1,0,0,0,0,0
EXC STK SMART,20150323,125122,33.51,1,0,0,0,0,0
EXC STK SMART,20150323,125143,33.5,1,0,0,0,0,0
EXC STK SMART,20150323,125152,33.49,1,0,0,0,0,0
EXC STK SMART,20150323,125351,33.5,1,0,0,0,0,0
EXC STK SMART,20150323,125409,33.49,1,0,0,0,0,0
EXC STK SMART,20150323,125440,33.48,1,0,0,0,0,0
EXC STK SMART,20150323,125524,33.47,1,0,0,0,0,0
EXC STK SMART,20150323,125613,33.46,1,0,0,0,0,0
EXC STK SMART,20150323,125617,33.45,1,0,0,0,0,0
EXC STK SMART,20150323,125641,33.44,1,0,0,0,0,0
EXC STK SMART,20150323,125650,33.45,1,0,0,0,0,0
EXC STK SMART,20150323,125705,33.46,1,0,0,0,0,0
EXC STK SMART,20150323,125801,33.45,1,0,0,0,0,0
EXC STK SMART,20150323,125815,33.44,1,0,0,0,0,0
EXC STK SMART,20150323,125836,33.43,1,0,0,0,0,0
EXC STK SMART,20150323,125909,33.43,1,0,0,0,0,0
EXC STK SMART,20150323,125928,33.44,1,0,0,0,0,0
EXC STK SMART,20150323,125945,33.44,1,0,0,0,0,0
EXC STK SMART,20150323,125948,33.45,1,0,0,0,0,0
EXC STK SMART,20150323,130006,33.44,1,0,0,0,0,0
EXC STK SMART,20150323,130059,33.43,1,0,0,0,0,0
EXC STK SMART,20150323,130108,33.42,1,0,0,0,0,0
EXC STK SMART,20150323,130124,33.41,1,0,0,0,0,0
EXC STK SMART,20150323,130145,33.42,1,0,0,0,0,0
EXC STK SMART,20150323,130148,33.42,1,0,0,0,0,0
EXC STK SMART,20150323,130226,33.42,3,0,0,0,0,0
EXC STK SMART,20150323,130231,33.43,1,0,0,0,0,0
EXC STK SMART,20150323,130256,33.44,1,0,0,0,0,0
EXC STK SMART,20150323,130325,33.44,1,0,0,0,0,0
EXC STK SMART,20150323,130536,33.43,1,0,0,0,0,0
EXC STK SMART,20150323,130607,33.44,5,0,0,0,0,0
EXC STK SMART,20150323,130612,33.44,2,0,0,0,0,0
EXC STK SMART,20150323,130617,33.44,1,0,0,0,0,0
EXC STK SMART,20150323,130633,33.43,1,0,0,0,0,0
EXC STK SMART,20150323,130716,33.44,1,0,0,0,0,0
EXC STK SMART,20150323,130719,33.45,1,0,0,0,0,0
EXC STK SMART,20150323,130740,33.45,1,0,0,0,0,0
EXC STK SMART,20150323,130831,33.47,1,0,0,0,0,0
EXC STK SMART,20150323,130855,33.46,1,0,0,0,0,0
EXC STK SMART,20150323,130920,33.47,1,0,0,0,0,0
EXC STK SMART,20150323,131013,33.48,1,0,0,0,0,0
EXC STK SMART,20150323,131029,33.47,1,0,0,0,0,0
EXC STK SMART,20150323,131202,33.46,1,0,0,0,0,0
EXC STK SMART,20150323,131247,33.45,1,0,0,0,0,0
EXC STK SMART,20150323,131332,33.44,1,0,0,0,0,0
EXC STK SMART,20150323,131406,33.45,1,0,0,0,0,0
EXC STK SMART,20150323,131408,33.44,1,0,0,0,0,0
EXC STK SMART,20150323,131427,33.45,1,0,0,0,0,0
EXC STK SMART,20150323,131502,33.44,1,0,0,0,0,0
EXC STK SMART,20150323,131607,33.45,1,0,0,0,0,0
EXC STK SMART,20150323,131642,33.45,1,0,0,0,0,0
EXC STK SMART,20150323,131652,33.45,1,0,0,0,0,0
EXC STK SMART,20150323,131756,33.44,1,0,0,0,0,0
EXC STK SMART,20150323,131812,33.44,1,0,0,0,0,0
EXC STK SMART,20150323,131819,33.44,1,0,0,0,0,0
EXC STK SMART,20150323,132056,33.43,2,0,0,0,0,0
EXC STK SMART,20150323,132101,33.42,1,0,0,0,0,0
EXC STK SMART,20150323,132116,33.42,2,0,0,0,0,0
EXC STK SMART,20150323,132126,33.42,1,0,0,0,0,0
EXC STK SMART,20150323,132132,33.43,1,0,0,0,0,0
EXC STK SMART,20150323,132228,33.42,1,0,0,0,0,0
EXC STK SMART,20150323,132252,33.41,1,0,0,0,0,0
EXC STK SMART,20150323,132303,33.4,2,0,0,0,0,0
EXC STK SMART,20150323,132334,33.4,1,0,0,0,0,0
EXC STK SMART,20150323,132350,33.41,1,0,0,0,0,0
EXC STK SMART,20150323,132414,33.4,1,0,0,0,0,0
EXC STK SMART,20150323,132457,33.41,1,0,0,0,0,0
EXC STK SMART,20150323,132512,33.4,1,0,0,0,0,0
EXC STK SMART,20150323,132522,33.4,1,0,0,0,0,0
EXC STK SMART,20150323,132533,33.41,1,0,0,0,0,0
EXC STK SMART,20150323,132538,33.4,1,0,0,0,0,0
EXC STK SMART,20150323,132624,33.4,1,0,0,0,0,0
EXC STK SMART,20150323,132806,33.41,1,0,0,0,0,0
EXC STK SMART,20150323,132927,33.4,1,0,0,0,0,0
EXC STK SMART,20150323,132935,33.41,1,0,0,0,0,0
EXC STK SMART,20150323,132946,33.41,2,0,0,0,0,0
EXC STK SMART,20150323,132952,33.41,1,0,0,0,0,0
EXC STK SMART,20150323,132959,33.41,1,0,0,0,0,0
EXC STK SMART,20150323,133026,33.43,1,0,0,0,0,0
EXC STK SMART,20150323,133031,33.42,1,0,0,0,0,0
EXC STK SMART,20150323,133040,33.41,2,0,0,0,0,0
EXC STK SMART,20150323,133150,33.4,1,0,0,0,0,0
EXC STK SMART,20150323,133257,33.41,1,0,0,0,0,0
EXC STK SMART,20150323,133258,33.4,1,0,0,0,0,0
EXC STK SMART,20150323,133335,33.41,1,0,0,0,0,0
EXC STK SMART,20150323,133355,33.39,1,0,0,0,0,0
EXC STK SMART,20150323,133458,33.4,1,0,0,0,0,0
EXC STK SMART,20150323,133502,33.39,1,0,0,0,0,0
EXC STK SMART,20150323,133559,33.4,1,0,0,0,0,0
EXC STK SMART,20150323,133610,33.4,1,0,0,0,0,0
EXC STK SMART,20150323,133634,33.39,1,0,0,0,0,0
EXC STK SMART,20150323,133657,33.39,2,0,0,0,0,0
EXC STK SMART,20150323,133705,33.38,1,0,0,0,0,0
EXC STK SMART,20150323,133732,33.38,1,0,0,0,0,0
EXC STK SMART,20150323,133743,33.39,1,0,0,0,0,0
EXC STK SMART,20150323,133757,33.38,1,0,0,0,0,0
EXC STK SMART,20150323,133928,33.38,1,0,0,0,0,0
EXC STK SMART,20150323,134054,33.37,1,0,0,0,0,0
EXC STK SMART,20150323,134208,33.36,1,0,0,0,0,0
EXC STK SMART,20150323,134218,33.36,1,0,0,0,0,0
EXC STK SMART,20150323,134220,33.35,1,0,0,0,0,0
EXC STK SMART,20150323,134234,33.36,1,0,0,0,0,0
EXC STK SMART,20150323,134357,33.35,1,0,0,0,0,0
EXC STK SMART,20150323,134528,33.36,1,0,0,0,0,0
EXC STK SMART,20150323,134530,33.37,1,0,0,0,0,0
EXC STK SMART,20150323,134609,33.39,1,0,0,0,0,0
EXC STK SMART,20150323,134610,33.39,1,0,0,0,0,0
EXC STK SMART,20150323,134651,33.4,1,0,0,0,0,0
EXC STK SMART,20150323,134702,33.41,4,0,0,0,0,0
EXC STK SMART,20150323,134717,33.42,1,0,0,0,0,0
EXC STK SMART,20150323,134728,33.44,1,0,0,0,0,0
EXC STK SMART,20150323,134729,33.44,2,0,0,0,0,0
EXC STK SMART,20150323,134758,33.44,1,0,0,0,0,0
EXC STK SMART,20150323,134830,33.44,1,0,0,0,0,0
EXC STK SMART,20150323,134958,33.42,2,0,0,0,0,0
EXC STK SMART,20150323,134959,33.42,1,0,0,0,0,0
EXC STK SMART,20150323,135017,33.43,1,0,0,0,0,0
EXC STK SMART,20150323,135028,33.44,1,0,0,0,0,0
EXC STK SMART,20150323,135030,33.44,1,0,0,0,0,0
EXC STK SMART,20150323,135135,33.44,1,0,0,0,0,0
EXC STK SMART,20150323,135229,33.44,1,0,0,0,0,0
EXC STK SMART,20150323,135238,33.45,1,0,0,0,0,0
EXC STK SMART,20150323,135244,33.45,1,0,0,0,0,0
EXC STK SMART,20150323,135259,33.45,1,0,0,0,0,0
EXC STK SMART,20150323,135341,33.44,1,0,0,0,0,0
EXC STK SMART,20150323,135358,33.45,1,0,0,0,0,0
EXC STK SMART,20150323,135402,33.46,1,0,0,0,0,0
EXC STK SMART,20150323,135518,33.47,1,0,0,0,0,0
EXC STK SMART,20150323,135522,33.47,1,0,0,0,0,0
EXC STK SMART,20150323,135539,33.47,1,0,0,0,0,0
EXC STK SMART,20150323,135659,33.49,1,0,0,0,0,0
EXC STK SMART,20150323,135700,33.48,1,0,0,0,0,0
EXC STK SMART,20150323,135752,33.49,1,0,0,0,0,0
EXC STK SMART,20150323,135803,33.49,1,0,0,0,0,0
EXC STK SMART,20150323,135812,33.48,1,0,0,0,0,0
EXC STK SMART,20150323,135911,33.47,1,0,0,0,0,0
EXC STK SMART,20150323,135921,33.46,1,0,0,0,0,0
EXC STK SMART,20150323,140048,33.45,1,0,0,0,0,0
EXC STK SMART,20150323,140104,33.45,2,0,0,0,0,0
EXC STK SMART,20150323,140115,33.45,1,0,0,0,0,0
EXC STK SMART,20150323,140209,33.47,2,0,0,0,0,0
EXC STK SMART,20150323,140211,33.48,1,0,0,0,0,0
EXC STK SMART,20150323,140309,33.46,1,0,0,0,0,0
EXC STK SMART,20150323,140413,33.47,1,0,0,0,0,0
EXC STK SMART,20150323,140516,33.48,1,0,0,0,0,0
EXC STK SMART,20150323,140522,33.49,1,0,0,0,0,0
EXC STK SMART,20150323,140535,33.48,1,0,0,0,0,0
EXC STK SMART,20150323,140621,33.47,1,0,0,0,0,0
EXC STK SMART,20150323,140650,33.48,1,0,0,0,0,0
EXC STK SMART,20150323,140719,33.48,4,0,0,0,0,0
EXC STK SMART,20150323,140740,33.49,1,0,0,0,0,0
EXC STK SMART,20150323,140755,33.48,1,0,0,0,0,0
EXC STK SMART,20150323,140822,33.49,1,0,0,0,0,0
EXC STK SMART,20150323,140838,33.49,1,0,0,0,0,0
EXC STK SMART,20150323,140845,33.5,1,0,0,0,0,0
EXC STK SMART,20150323,140917,33.5,1,0,0,0,0,0
EXC STK SMART,20150323,140922,33.51,1,0,0,0,0,0
EXC STK SMART,20150323,141054,33.5,1,0,0,0,0,0
EXC STK SMART,20150323,141127,33.49,2,0,0,0,0,0
EXC STK SMART,20150323,141140,33.49,1,0,0,0,0,0
EXC STK SMART,20150323,141142,33.5,1,0,0,0,0,0
EXC STK SMART,20150323,141212,33.51,1,0,0,0,0,0
EXC STK SMART,20150323,141248,33.5,2,0,0,0,0,0
EXC STK SMART,20150323,141259,33.5,1,0,0,0,0,0
EXC STK SMART,20150323,141435,33.5,1,0,0,0,0,0
EXC STK SMART,20150323,141443,33.51,1,0,0,0,0,0
EXC STK SMART,20150323,141505,33.52,1,0,0,0,0,0
EXC STK SMART,20150323,141628,33.53,1,0,0,0,0,0
EXC STK SMART,20150323,141638,33.52,1,0,0,0,0,0
EXC STK SMART,20150323,141709,33.52,1,0,0,0,0,0
EXC STK SMART,20150323,141749,33.51,1,0,0,0,0,0
EXC STK SMART,20150323,141803,33.5,1,0,0,0,0,0
EXC STK SMART,20150323,141953,33.51,1,0,0,0,0,0
EXC STK SMART,20150323,142017,33.5,1,0,0,0,0,0
EXC STK SMART,20150323,142038,33.49,1,0,0,0,0,0
EXC STK SMART,20150323,142158,33.48,1,0,0,0,0,0
EXC STK SMART,20150323,142208,33.49,1,0,0,0,0,0
EXC STK SMART,20150323,142233,33.5,1,0,0,0,0,0
EXC STK SMART,20150323,142309,33.49,1,0,0,0,0,0
EXC STK SMART,20150323,142323,33.5,1,0,0,0,0,0
EXC STK SMART,20150323,142443,33.52,1,0,0,0,0,0
EXC STK SMART,20150323,142457,33.51,1,0,0,0,0,0
EXC STK SMART,20150323,142508,33.5,1,0,0,0,0,0
EXC STK SMART,20150323,142640,33.51,1,0,0,0,0,0
EXC STK SMART,20150323,142644,33.52,1,0,0,0,0,0
EXC STK SMART,20150323,142710,33.52,1,0,0,0,0,0
EXC STK SMART,20150323,142741,33.51,1,0,0,0,0,0
EXC STK SMART,20150323,142813,33.52,1,0,0,0,0,0
EXC STK SMART,20150323,142910,33.51,1,0,0,0,0,0
EXC STK SMART,20150323,142925,33.5,1,0,0,0,0,0
EXC STK SMART,20150323,142936,33.52,1,0,0,0,0,0
EXC STK SMART,20150323,143016,33.52,1,0,0,0,0,0
EXC STK SMART,20150323,143024,33.53,1,0,0,0,0,0
EXC STK SMART,20150323,143048,33.52,1,0,0,0,0,0
EXC STK SMART,20150323,143104,33.51,1,0,0,0,0,0
EXC STK SMART,20150323,143115,33.51,1,0,0,0,0,0
EXC STK SMART,20150323,143124,33.5,1,0,0,0,0,0
EXC STK SMART,20150323,143225,33.51,1,0,0,0,0,0
EXC STK SMART,20150323,143315,33.52,1,0,0,0,0,0
EXC STK SMART,20150323,143644,33.51,1,0,0,0,0,0
EXC STK SMART,20150323,143716,33.51,1,0,0,0,0,0
EXC STK SMART,20150323,143726,33.52,1,0,0,0,0,0
EXC STK SMART,20150323,143829,33.53,1,0,0,0,0,0
EXC STK SMART,20150323,143856,33.52,1,0,0,0,0,0
EXC STK SMART,20150323,143951,33.53,1,0,0,0,0,0
EXC STK SMART,20150323,144031,33.53,1,0,0,0,0,0
EXC STK SMART,20150323,144036,33.53,2,0,0,0,0,0
EXC STK SMART,20150323,144056,33.53,1,0,0,0,0,0
EXC STK SMART,20150323,144121,33.53,2,0,0,0,0,0
EXC STK SMART,20150323,144139,33.53,1,0,0,0,0,0
EXC STK SMART,20150323,144208,33.52,1,0,0,0,0,0
EXC STK SMART,20150323,144347,33.53,1,0,0,0,0,0
EXC STK SMART,20150323,144458,33.54,1,0,0,0,0,0
EXC STK SMART,20150323,144543,33.53,1,0,0,0,0,0
EXC STK SMART,20150323,144555,33.52,1,0,0,0,0,0
EXC STK SMART,20150323,144639,33.53,1,0,0,0,0,0
EXC STK SMART,20150323,144745,33.52,1,0,0,0,0,0
EXC STK SMART,20150323,144830,33.51,1,0,0,0,0,0
EXC STK SMART,20150323,144842,33.5,1,0,0,0,0,0
EXC STK SMART,20150323,144856,33.5,2,0,0,0,0,0
EXC STK SMART,20150323,144904,33.5,1,0,0,0,0,0
EXC STK SMART,20150323,144915,33.49,1,0,0,0,0,0
EXC STK SMART,20150323,144927,33.47,1,0,0,0,0,0
EXC STK SMART,20150323,145000,33.47,2,0,0,0,0,0
EXC STK SMART,20150323,145107,33.47,1,0,0,0,0,0
EXC STK SMART,20150323,145130,33.46,2,0,0,0,0,0
EXC STK SMART,20150323,145240,33.46,3,0,0,0,0,0
EXC STK SMART,20150323,145243,33.47,1,0,0,0,0,0
EXC STK SMART,20150323,145327,33.48,1,0,0,0,0,0
EXC STK SMART,20150323,145351,33.47,1,0,0,0,0,0
EXC STK SMART,20150323,145521,33.46,1,0,0,0,0,0
EXC STK SMART,20150323,145546,33.45,1,0,0,0,0,0
EXC STK SMART,20150323,145558,33.46,1,0,0,0,0,0
EXC STK SMART,20150323,145621,33.46,1,0,0,0,0,0
EXC STK SMART,20150323,145650,33.47,1,0,0,0,0,0
EXC STK SMART,20150323,145721,33.48,1,0,0,0,0,0
EXC STK SMART,20150323,145741,33.47,1,0,0,0,0,0
EXC STK SMART,20150323,145841,33.47,1,0,0,0,0,0
EXC STK SMART,20150323,150140,33.46,1,0,0,0,0,0
EXC STK SMART,20150323,150150,33.47,1,0,0,0,0,0
EXC STK SMART,20150323,150156,33.48,1,0,0,0,0,0
EXC STK SMART,20150323,150241,33.48,1,0,0,0,0,0
EXC STK SMART,20150323,150252,33.47,1,0,0,0,0,0
EXC STK SMART,20150323,150343,33.47,2,0,0,0,0,0
EXC STK SMART,20150323,150343,33.47,1,0,0,0,0,0
EXC STK SMART,20150323,150710,33.46,2,0,0,0,0,0
EXC STK SMART,20150323,150715,33.46,1,0,0,0,0,0
EXC STK SMART,20150323,150742,33.46,1,0,0,0,0,0
EXC STK SMART,20150323,150743,33.45,1,0,0,0,0,0
EXC STK SMART,20150323,150902,33.46,1,0,0,0,0,0
EXC STK SMART,20150323,150913,33.47,1,0,0,0,0,0
EXC STK SMART,20150323,150915,33.48,1,0,0,0,0,0
EXC STK SMART,20150323,150937,33.46,1,0,0,0,0,0
EXC STK SMART,20150323,150946,33.46,1,0,0,0,0,0
EXC STK SMART,20150323,151012,33.45,1,0,0,0,0,0
EXC STK SMART,20150323,151112,33.46,1,0,0,0,0,0
EXC STK SMART,20150323,151139,33.46,1,0,0,0,0,0
EXC STK SMART,20150323,151212,33.45,2,0,0,0,0,0
EXC STK SMART,20150323,151214,33.45,1,0,0,0,0,0
EXC STK SMART,20150323,151235,33.45,2,0,0,0,0,0
EXC STK SMART,20150323,151334,33.44,1,0,0,0,0,0
EXC STK SMART,20150323,151442,33.43,1,0,0,0,0,0
EXC STK SMART,20150323,151444,33.44,1,0,0,0,0,0
EXC STK SMART,20150323,151502,33.43,1,0,0,0,0,0
EXC STK SMART,20150323,151613,33.44,1,0,0,0,0,0
EXC STK SMART,20150323,151619,33.44,1,0,0,0,0,0
EXC STK SMART,20150323,151655,33.45,1,0,0,0,0,0
EXC STK SMART,20150323,151723,33.44,2,0,0,0,0,0
EXC STK SMART,20150323,151727,33.44,2,0,0,0,0,0
EXC STK SMART,20150323,151734,33.46,1,0,0,0,0,0
EXC STK SMART,20150323,151812,33.45,1,0,0,0,0,0
EXC STK SMART,20150323,151841,33.44,1,0,0,0,0,0
EXC STK SMART,20150323,151908,33.46,1,0,0,0,0,0
EXC STK SMART,20150323,151940,33.46,1,0,0,0,0,0
EXC STK SMART,20150323,151946,33.44,1,0,0,0,0,0
EXC STK SMART,20150323,152021,33.46,1,0,0,0,0,0
EXC STK SMART,20150323,152048,33.45,1,0,0,0,0,0
EXC STK SMART,20150323,152101,33.45,1,0,0,0,0,0
EXC STK SMART,20150323,152110,33.46,1,0,0,0,0,0
EXC STK SMART,20150323,152132,33.48,1,0,0,0,0,0
EXC STK SMART,20150323,152150,33.48,2,0,0,0,0,0
EXC STK SMART,20150323,152201,33.49,2,0,0,0,0,0
EXC STK SMART,20150323,152213,33.49,1,0,0,0,0,0
EXC STK SMART,20150323,152218,33.49,1,0,0,0,0,0
EXC STK SMART,20150323,152251,33.5,1,0,0,0,0,0
EXC STK SMART,20150323,152342,33.51,1,0,0,0,0,0
EXC STK SMART,20150323,152512,33.5,1,0,0,0,0,0
EXC STK SMART,20150323,152528,33.51,1,0,0,0,0,0
EXC STK SMART,20150323,152636,33.5,1,0,0,0,0,0
EXC STK SMART,20150323,152650,33.51,1,0,0,0,0,0
EXC STK SMART,20150323,152730,33.49,2,0,0,0,0,0
EXC STK SMART,20150323,152743,33.5,1,0,0,0,0,0
EXC STK SMART,20150323,152746,33.51,1,0,0,0,0,0
EXC STK SMART,20150323,152828,33.5,1,0,0,0,0,0
EXC STK SMART,20150323,152841,33.5,2,0,0,0,0,0
EXC STK SMART,20150323,152900,33.49,1,0,0,0,0,0
EXC STK SMART,20150323,152912,33.49,1,0,0,0,0,0
EXC STK SMART,20150323,152919,33.49,1,0,0,0,0,0
EXC STK SMART,20150323,152951,33.49,1,0,0,0,0,0
EXC STK SMART,20150323,153034,33.49,1,0,0,0,0,0
EXC STK SMART,20150323,153049,33.48,1,0,0,0,0,0
EXC STK SMART,20150323,153104,33.49,1,0,0,0,0,0
EXC STK SMART,20150323,153109,33.48,1,0,0,0,0,0
EXC STK SMART,20150323,153128,33.49,1,0,0,0,0,0
EXC STK SMART,20150323,153223,33.5,1,0,0,0,0,0
EXC STK SMART,20150323,153251,33.49,1,0,0,0,0,0
EXC STK SMART,20150323,153255,33.48,1,0,0,0,0,0
EXC STK SMART,20150323,153331,33.49,1,0,0,0,0,0
EXC STK SMART,20150323,153404,33.5,3,0,0,0,0,0
EXC STK SMART,20150323,153407,33.5,3,0,0,0,0,0
EXC STK SMART,20150323,153422,33.51,1,0,0,0,0,0
EXC STK SMART,20150323,153430,33.5,1,0,0,0,0,0
EXC STK SMART,20150323,153454,33.51,2,0,0,0,0,0
EXC STK SMART,20150323,153458,33.51,1,0,0,0,0,0
EXC STK SMART,20150323,153532,33.51,1,0,0,0,0,0
EXC STK SMART,20150323,153542,33.52,1,0,0,0,0,0
EXC STK SMART,20150323,153603,33.51,1,0,0,0,0,0
EXC STK SMART,20150323,153619,33.5,1,0,0,0,0,0
EXC STK SMART,20150323,153642,33.48,1,0,0,0,0,0
EXC STK SMART,20150323,153650,33.49,1,0,0,0,0,0
EXC STK SMART,20150323,153712,33.49,2,0,0,0,0,0
EXC STK SMART,20150323,153715,33.5,1,0,0,0,0,0
EXC STK SMART,20150323,153811,33.49,1,0,0,0,0,0
EXC STK SMART,20150323,153816,33.5,1,0,0,0,0,0
EXC STK SMART,20150323,153847,33.5,1,0,0,0,0,0
EXC STK SMART,20150323,153940,33.51,1,0,0,0,0,0
EXC STK SMART,20150323,154025,33.5,1,0,0,0,0,0
EXC STK SMART,20150323,154039,33.51,1,0,0,0,0,0
EXC STK SMART,20150323,154054,33.51,1,0,0,0,0,0
EXC STK SMART,20150323,154113,33.5,1,0,0,0,0,0
EXC STK SMART,20150323,154123,33.49,3,0,0,0,0,0
EXC STK SMART,20150323,154136,33.48,1,0,0,0,0,0
EXC STK SMART,20150323,154145,33.49,1,0,0,0,0,0
EXC STK SMART,20150323,154210,33.49,1,0,0,0,0,0
EXC STK SMART,20150323,154222,33.49,1,0,0,0,0,0
EXC STK SMART,20150323,154237,33.48,1,0,0,0,0,0
EXC STK SMART,20150323,154314,33.48,1,0,0,0,0,0
EXC STK SMART,20150323,154328,33.49,1,0,0,0,0,0
EXC STK SMART,20150323,154336,33.49,1,0,0,0,0,0
EXC STK SMART,20150323,154347,33.48,1,0,0,0,0,0
EXC STK SMART,20150323,154404,33.47,1,0,0,0,0,0
EXC STK SMART,20150323,154432,33.48,1,0,0,0,0,0
EXC STK SMART,20150323,154439,33.48,2,0,0,0,0,0
EXC STK SMART,20150323,154454,33.48,1,0,0,0,0,0
EXC STK SMART,20150323,154529,33.49,1,0,0,0,0,0
EXC STK SMART,20150323,154621,33.49,1,0,0,0,0,0
EXC STK SMART,20150323,154712,33.5,1,0,0,0,0,0
EXC STK SMART,20150323,154724,33.5,1,0,0,0,0,0
EXC STK SMART,20150323,154901,33.49,1,0,0,0,0,0
EXC STK SMART,20150323,154923,33.48,1,0,0,0,0,0
EXC STK SMART,20150323,154930,33.48,1,0,0,0,0,0
EXC STK SMART,20150323,154939,33.47,1,0,0,0,0,0
EXC STK SMART,20150323,155123,33.48,1,0,0,0,0,0
EXC STK SMART,20150323,155132,33.48,1,0,0,0,0,0
EXC STK SMART,20150323,155138,33.47,1,0,0,0,0,0
EXC STK SMART,20150323,155202,33.46,1,0,0,0,0,0
EXC STK SMART,20150323,155207,33.46,1,0,0,0,0,0
EXC STK SMART,20150323,155223,33.45,1,0,0,0,0,0
EXC STK SMART,20150323,155240,33.44,1,0,0,0,0,0
EXC STK SMART,20150323,155255,33.45,2,0,0,0,0,0
EXC STK SMART,20150323,155256,33.45,1,0,0,0,0,0
EXC STK SMART,20150323,155332,33.45,1,0,0,0,0,0
EXC STK SMART,20150323,155348,33.44,1,0,0,0,0,0
EXC STK SMART,20150323,155419,33.44,1,0,0,0,0,0
EXC STK SMART,20150323,155501,33.44,1,0,0,0,0,0
EXC STK SMART,20150323,155515,33.44,1,0,0,0,0,0
EXC STK SMART,20150323,155545,33.43,1,0,0,0,0,0
EXC STK SMART,20150323,155555,33.42,3,0,0,0,0,0
EXC STK SMART,20150323,155604,33.42,1,0,0,0,0,0
EXC STK SMART,20150323,155611,33.41,1,0,0,0,0,0
EXC STK SMART,20150323,155625,33.42,1,0,0,0,0,0
EXC STK SMART,20150323,155627,33.41,1,0,0,0,0,0
EXC STK SMART,20150323,155641,33.4,1,0,0,0,0,0
EXC STK SMART,20150323,155714,33.4,1,0,0,0,0,0
EXC STK SMART,20150323,155724,33.38,1,0,0,0,0,0
EXC STK SMART,20150323,155735,33.38,5,0,0,0,0,0
EXC STK SMART,20150323,155745,33.39,2,0,0,0,0,0
EXC STK SMART,20150323,155755,33.38,1,0,0,0,0,0
EXC STK SMART,20150323,155759,33.38,1,0,0,0,0,0
EXC STK SMART,20150323,155812,33.38,1,0,0,0,0,0
EXC STK SMART,20150323,155823,33.38,1,0,0,0,0,0
EXC STK SMART,20150323,155835,33.37,1,0,0,0,0,0
EXC STK SMART,20150323,155845,33.36,4,0,0,0,0,0
EXC STK SMART,20150323,155855,33.37,2,0,0,0,0,0
EXC STK SMART,20150323,155905,33.36,1,0,0,0,0,0
EXC STK SMART,20150323,155913,33.35,1,0,0,0,0,0
EXC STK SMART,20150323,155925,33.36,1,0,0,0,0,0
EXC STK SMART,20150323,155927,33.36,1,0,0,0,0,0
