1319                
GLD STK SMART,20150323,81459,113.59,8,0,0,0,0,0
GLD STK SMART,20150323,82730,113.57,1,0,0,0,0,0
GLD STK SMART,20150323,83949,113.54,5,0,0,0,0,0
GLD STK SMART,20150323,90703,113.54,1,0,0,0,0,0
GLD STK SMART,20150323,90755,113.57,1,0,0,0,0,0
GLD STK SMART,20150323,90958,113.6,44,0,0,0,0,0
GLD STK SMART,20150323,91011,113.6,29,0,0,0,0,0
GLD STK SMART,20150323,91021,113.6,3,0,0,0,0,0
GLD STK SMART,20150323,91026,113.6,18,0,0,0,0,0
GLD STK SMART,20150323,91038,113.6,7,0,0,0,0,0
GLD STK SMART,20150323,91043,113.6,18,0,0,0,0,0
GLD STK SMART,20150323,91147,113.6,18,0,0,0,0,0
GLD STK SMART,20150323,91321,113.6,1,0,0,0,0,0
GLD STK SMART,20150323,91426,113.63,1,0,0,0,0,0
GLD STK SMART,20150323,91450,113.68,1,0,0,0,0,0
GLD STK SMART,20150323,91500,113.7,3,0,0,0,0,0
GLD STK SMART,20150323,91531,113.73,1,0,0,0,0,0
GLD STK SMART,20150323,91615,113.72,1,0,0,0,0,0
GLD STK SMART,20150323,91842,113.75,1,0,0,0,0,0
GLD STK SMART,20150323,91843,113.75,34,0,0,0,0,0
GLD STK SMART,20150323,91909,113.75,71,0,0,0,0,0
GLD STK SMART,20150323,91916,113.75,12,0,0,0,0,0
GLD STK SMART,20150323,91952,113.75,1,0,0,0,0,0
GLD STK SMART,20150323,92139,113.77,1,0,0,0,0,0
GLD STK SMART,20150323,92149,113.82,1,0,0,0,0,0
GLD STK SMART,20150323,92153,113.84,1,0,0,0,0,0
GLD STK SMART,20150323,92203,113.77,1,0,0,0,0,0
GLD STK SMART,20150323,92316,113.72,1,0,0,0,0,0
GLD STK SMART,20150323,92509,113.69,1,0,0,0,0,0
GLD STK SMART,20150323,92612,113.68,1,0,0,0,0,0
GLD STK SMART,20150323,92931,113.7,1,0,0,0,0,0
GLD STK SMART,20150323,92940,113.7,1,0,0,0,0,0
GLD STK SMART,20150323,92948,113.69,1,0,0,0,0,0
GLD STK SMART,20150323,92959,113.66,1,0,0,0,0,0
GLD STK SMART,20150323,93012,113.67,1,0,0,0,0,0
GLD STK SMART,20150323,93020,113.68,2,0,0,0,0,0
GLD STK SMART,20150323,93030,113.69,2,0,0,0,0,0
GLD STK SMART,20150323,93103,113.69,1,0,0,0,0,0
GLD STK SMART,20150323,93121,113.71,1,0,0,0,0,0
GLD STK SMART,20150323,93123,113.73,1,0,0,0,0,0
GLD STK SMART,20150323,93141,113.76,2,0,0,0,0,0
GLD STK SMART,20150323,93150,113.74,1,0,0,0,0,0
GLD STK SMART,20150323,93157,113.72,3,0,0,0,0,0
GLD STK SMART,20150323,93211,113.71,1,0,0,0,0,0
GLD STK SMART,20150323,93222,113.69,1,0,0,0,0,0
GLD STK SMART,20150323,93229,113.7,1,0,0,0,0,0
GLD STK SMART,20150323,93239,113.68,1,0,0,0,0,0
GLD STK SMART,20150323,93246,113.69,1,0,0,0,0,0
GLD STK SMART,20150323,93309,113.7,2,0,0,0,0,0
GLD STK SMART,20150323,93317,113.7,1,0,0,0,0,0
GLD STK SMART,20150323,93331,113.71,1,0,0,0,0,0
GLD STK SMART,20150323,93343,113.73,2,0,0,0,0,0
GLD STK SMART,20150323,93347,113.72,1,0,0,0,0,0
GLD STK SMART,20150323,93401,113.72,1,0,0,0,0,0
GLD STK SMART,20150323,93407,113.71,1,0,0,0,0,0
GLD STK SMART,20150323,93416,113.69,1,0,0,0,0,0
GLD STK SMART,20150323,93443,113.7,5,0,0,0,0,0
GLD STK SMART,20150323,93453,113.7,2,0,0,0,0,0
GLD STK SMART,20150323,93500,113.68,1,0,0,0,0,0
GLD STK SMART,20150323,93513,113.63,1,0,0,0,0,0
GLD STK SMART,20150323,93521,113.66,1,0,0,0,0,0
GLD STK SMART,20150323,93532,113.64,1,0,0,0,0,0
GLD STK SMART,20150323,93543,113.63,1,0,0,0,0,0
GLD STK SMART,20150323,93553,113.62,1,0,0,0,0,0
GLD STK SMART,20150323,93603,113.62,1,0,0,0,0,0
GLD STK SMART,20150323,93613,113.64,2,0,0,0,0,0
GLD STK SMART,20150323,93623,113.65,1,0,0,0,0,0
GLD STK SMART,20150323,93628,113.65,1,0,0,0,0,0
GLD STK SMART,20150323,93651,113.64,1,0,0,0,0,0
GLD STK SMART,20150323,93655,113.63,1,0,0,0,0,0
GLD STK SMART,20150323,93711,113.64,1,0,0,0,0,0
GLD STK SMART,20150323,93718,113.64,8,0,0,0,0,0
GLD STK SMART,20150323,93733,113.63,2,0,0,0,0,0
GLD STK SMART,20150323,93741,113.63,1,0,0,0,0,0
GLD STK SMART,20150323,93803,113.65,2,0,0,0,0,0
GLD STK SMART,20150323,93804,113.64,2,0,0,0,0,0
GLD STK SMART,20150323,93822,113.64,1,0,0,0,0,0
GLD STK SMART,20150323,93833,113.62,1,0,0,0,0,0
GLD STK SMART,20150323,93839,113.64,1,0,0,0,0,0
GLD STK SMART,20150323,93859,113.63,1,0,0,0,0,0
GLD STK SMART,20150323,93917,113.62,2,0,0,0,0,0
GLD STK SMART,20150323,93931,113.6,1,0,0,0,0,0
GLD STK SMART,20150323,93941,113.6,2,0,0,0,0,0
GLD STK SMART,20150323,93953,113.58,1,0,0,0,0,0
GLD STK SMART,20150323,93959,113.58,1,0,0,0,0,0
GLD STK SMART,20150323,94010,113.59,1,0,0,0,0,0
GLD STK SMART,20150323,94017,113.6,1,0,0,0,0,0
GLD STK SMART,20150323,94043,113.59,1,0,0,0,0,0
GLD STK SMART,20150323,94113,113.57,1,0,0,0,0,0
GLD STK SMART,20150323,94119,113.58,2,0,0,0,0,0
GLD STK SMART,20150323,94131,113.58,2,0,0,0,0,0
GLD STK SMART,20150323,94140,113.58,1,0,0,0,0,0
GLD STK SMART,20150323,94145,113.58,2,0,0,0,0,0
GLD STK SMART,20150323,94154,113.59,1,0,0,0,0,0
GLD STK SMART,20150323,94219,113.61,1,0,0,0,0,0
GLD STK SMART,20150323,94233,113.63,1,0,0,0,0,0
GLD STK SMART,20150323,94242,113.64,1,0,0,0,0,0
GLD STK SMART,20150323,94253,113.65,1,0,0,0,0,0
GLD STK SMART,20150323,94310,113.64,1,0,0,0,0,0
GLD STK SMART,20150323,94321,113.66,2,0,0,0,0,0
GLD STK SMART,20150323,94332,113.65,1,0,0,0,0,0
GLD STK SMART,20150323,94342,113.64,1,0,0,0,0,0
GLD STK SMART,20150323,94353,113.63,1,0,0,0,0,0
GLD STK SMART,20150323,94431,113.64,2,0,0,0,0,0
GLD STK SMART,20150323,94443,113.66,1,0,0,0,0,0
GLD STK SMART,20150323,94503,113.66,1,0,0,0,0,0
GLD STK SMART,20150323,94511,113.65,1,0,0,0,0,0
GLD STK SMART,20150323,94522,113.65,2,0,0,0,0,0
GLD STK SMART,20150323,94533,113.66,1,0,0,0,0,0
GLD STK SMART,20150323,94549,113.66,1,0,0,0,0,0
GLD STK SMART,20150323,94601,113.64,1,0,0,0,0,0
GLD STK SMART,20150323,94609,113.65,1,0,0,0,0,0
GLD STK SMART,20150323,94633,113.65,1,0,0,0,0,0
GLD STK SMART,20150323,94643,113.64,2,0,0,0,0,0
GLD STK SMART,20150323,94654,113.64,1,0,0,0,0,0
GLD STK SMART,20150323,94700,113.64,1,0,0,0,0,0
GLD STK SMART,20150323,94712,113.64,2,0,0,0,0,0
GLD STK SMART,20150323,94723,113.65,2,0,0,0,0,0
GLD STK SMART,20150323,94730,113.64,2,0,0,0,0,0
GLD STK SMART,20150323,94742,113.64,1,0,0,0,0,0
GLD STK SMART,20150323,94753,113.63,1,0,0,0,0,0
GLD STK SMART,20150323,94808,113.65,1,0,0,0,0,0
GLD STK SMART,20150323,94821,113.64,2,0,0,0,0,0
GLD STK SMART,20150323,94824,113.63,1,0,0,0,0,0
GLD STK SMART,20150323,94844,113.65,1,0,0,0,0,0
GLD STK SMART,20150323,94851,113.64,3,0,0,0,0,0
GLD STK SMART,20150323,94912,113.62,1,0,0,0,0,0
GLD STK SMART,20150323,94923,113.64,2,0,0,0,0,0
GLD STK SMART,20150323,94932,113.64,1,0,0,0,0,0
GLD STK SMART,20150323,94953,113.64,1,0,0,0,0,0
GLD STK SMART,20150323,94954,113.64,2,0,0,0,0,0
GLD STK SMART,20150323,95008,113.64,2,0,0,0,0,0
GLD STK SMART,20150323,95016,113.63,2,0,0,0,0,0
GLD STK SMART,20150323,95034,113.62,2,0,0,0,0,0
GLD STK SMART,20150323,95034,113.62,1,0,0,0,0,0
GLD STK SMART,20150323,95100,113.61,1,0,0,0,0,0
GLD STK SMART,20150323,95130,113.6,1,0,0,0,0,0
GLD STK SMART,20150323,95144,113.58,2,0,0,0,0,0
GLD STK SMART,20150323,95151,113.57,1,0,0,0,0,0
GLD STK SMART,20150323,95203,113.56,1,0,0,0,0,0
GLD STK SMART,20150323,95214,113.58,1,0,0,0,0,0
GLD STK SMART,20150323,95223,113.59,2,0,0,0,0,0
GLD STK SMART,20150323,95251,113.57,1,0,0,0,0,0
GLD STK SMART,20150323,95257,113.56,1,0,0,0,0,0
GLD STK SMART,20150323,95313,113.54,1,0,0,0,0,0
GLD STK SMART,20150323,95323,113.55,1,0,0,0,0,0
GLD STK SMART,20150323,95326,113.55,2,0,0,0,0,0
GLD STK SMART,20150323,95339,113.55,1,0,0,0,0,0
GLD STK SMART,20150323,95350,113.55,1,0,0,0,0,0
GLD STK SMART,20150323,95359,113.56,1,0,0,0,0,0
GLD STK SMART,20150323,95409,113.56,2,0,0,0,0,0
GLD STK SMART,20150323,95422,113.59,1,0,0,0,0,0
GLD STK SMART,20150323,95436,113.58,2,0,0,0,0,0
GLD STK SMART,20150323,95447,113.58,2,0,0,0,0,0
GLD STK SMART,20150323,95456,113.59,2,0,0,0,0,0
GLD STK SMART,20150323,95513,113.58,1,0,0,0,0,0
GLD STK SMART,20150323,95549,113.56,2,0,0,0,0,0
GLD STK SMART,20150323,95556,113.55,1,0,0,0,0,0
GLD STK SMART,20150323,95613,113.58,2,0,0,0,0,0
GLD STK SMART,20150323,95628,113.56,2,0,0,0,0,0
GLD STK SMART,20150323,95639,113.56,1,0,0,0,0,0
GLD STK SMART,20150323,95658,113.54,1,0,0,0,0,0
GLD STK SMART,20150323,95704,113.55,2,0,0,0,0,0
GLD STK SMART,20150323,95722,113.49,1,0,0,0,0,0
GLD STK SMART,20150323,95732,113.51,6,0,0,0,0,0
GLD STK SMART,20150323,95743,113.53,1,0,0,0,0,0
GLD STK SMART,20150323,95801,113.55,1,0,0,0,0,0
GLD STK SMART,20150323,95809,113.55,2,0,0,0,0,0
GLD STK SMART,20150323,95824,113.56,2,0,0,0,0,0
GLD STK SMART,20150323,95829,113.52,1,0,0,0,0,0
GLD STK SMART,20150323,95836,113.53,1,0,0,0,0,0
GLD STK SMART,20150323,95929,113.58,1,0,0,0,0,0
GLD STK SMART,20150323,95954,113.63,1,0,0,0,0,0
GLD STK SMART,20150323,100002,113.68,1,0,0,0,0,0
GLD STK SMART,20150323,100014,113.68,1,0,0,0,0,0
GLD STK SMART,20150323,100022,113.67,2,0,0,0,0,0
GLD STK SMART,20150323,100034,113.67,1,0,0,0,0,0
GLD STK SMART,20150323,100054,113.63,2,0,0,0,0,0
GLD STK SMART,20150323,100058,113.62,1,0,0,0,0,0
GLD STK SMART,20150323,100108,113.61,2,0,0,0,0,0
GLD STK SMART,20150323,100116,113.63,1,0,0,0,0,0
GLD STK SMART,20150323,100130,113.59,1,0,0,0,0,0
GLD STK SMART,20150323,100152,113.62,1,0,0,0,0,0
GLD STK SMART,20150323,100159,113.59,1,0,0,0,0,0
GLD STK SMART,20150323,100210,113.59,1,0,0,0,0,0
GLD STK SMART,20150323,100215,113.58,1,0,0,0,0,0
GLD STK SMART,20150323,100228,113.59,1,0,0,0,0,0
GLD STK SMART,20150323,100242,113.57,1,0,0,0,0,0
GLD STK SMART,20150323,100246,113.58,1,0,0,0,0,0
GLD STK SMART,20150323,100304,113.56,2,0,0,0,0,0
GLD STK SMART,20150323,100313,113.54,1,0,0,0,0,0
GLD STK SMART,20150323,100324,113.63,1,0,0,0,0,0
GLD STK SMART,20150323,100333,113.63,1,0,0,0,0,0
GLD STK SMART,20150323,100344,113.64,1,0,0,0,0,0
GLD STK SMART,20150323,100354,113.65,1,0,0,0,0,0
GLD STK SMART,20150323,100404,113.65,1,0,0,0,0,0
GLD STK SMART,20150323,100414,113.63,1,0,0,0,0,0
GLD STK SMART,20150323,100416,113.63,1,0,0,0,0,0
GLD STK SMART,20150323,100432,113.63,1,0,0,0,0,0
GLD STK SMART,20150323,100444,113.64,1,0,0,0,0,0
GLD STK SMART,20150323,100455,113.67,1,0,0,0,0,0
GLD STK SMART,20150323,100505,113.67,2,0,0,0,0,0
GLD STK SMART,20150323,100514,113.66,1,0,0,0,0,0
GLD STK SMART,20150323,100515,113.65,1,0,0,0,0,0
GLD STK SMART,20150323,100525,113.66,1,0,0,0,0,0
GLD STK SMART,20150323,100545,113.7,2,0,0,0,0,0
GLD STK SMART,20150323,100553,113.7,2,0,0,0,0,0
GLD STK SMART,20150323,100604,113.72,1,0,0,0,0,0
GLD STK SMART,20150323,100614,113.73,1,0,0,0,0,0
GLD STK SMART,20150323,100655,113.77,1,0,0,0,0,0
GLD STK SMART,20150323,100704,113.79,4,0,0,0,0,0
GLD STK SMART,20150323,100725,113.74,1,0,0,0,0,0
GLD STK SMART,20150323,100728,113.73,1,0,0,0,0,0
GLD STK SMART,20150323,100744,113.72,2,0,0,0,0,0
GLD STK SMART,20150323,100754,113.71,1,0,0,0,0,0
GLD STK SMART,20150323,100804,113.69,1,0,0,0,0,0
GLD STK SMART,20150323,100811,113.75,2,0,0,0,0,0
GLD STK SMART,20150323,100823,113.76,1,0,0,0,0,0
GLD STK SMART,20150323,100835,113.74,5,0,0,0,0,0
GLD STK SMART,20150323,100843,113.73,2,0,0,0,0,0
GLD STK SMART,20150323,100901,113.74,1,0,0,0,0,0
GLD STK SMART,20150323,100911,113.73,1,0,0,0,0,0
GLD STK SMART,20150323,100922,113.75,1,0,0,0,0,0
GLD STK SMART,20150323,100951,113.71,1,0,0,0,0,0
GLD STK SMART,20150323,101004,113.71,2,0,0,0,0,0
GLD STK SMART,20150323,101009,113.7,1,0,0,0,0,0
GLD STK SMART,20150323,101018,113.7,1,0,0,0,0,0
GLD STK SMART,20150323,101032,113.67,1,0,0,0,0,0
GLD STK SMART,20150323,101041,113.68,1,0,0,0,0,0
GLD STK SMART,20150323,101053,113.69,4,0,0,0,0,0
GLD STK SMART,20150323,101059,113.69,1,0,0,0,0,0
GLD STK SMART,20150323,101110,113.7,1,0,0,0,0,0
GLD STK SMART,20150323,101123,113.7,4,0,0,0,0,0
GLD STK SMART,20150323,101204,113.68,2,0,0,0,0,0
GLD STK SMART,20150323,101211,113.68,1,0,0,0,0,0
GLD STK SMART,20150323,101225,113.66,2,0,0,0,0,0
GLD STK SMART,20150323,101233,113.66,2,0,0,0,0,0
GLD STK SMART,20150323,101245,113.68,2,0,0,0,0,0
GLD STK SMART,20150323,101254,113.72,2,0,0,0,0,0
GLD STK SMART,20150323,101259,113.73,1,0,0,0,0,0
GLD STK SMART,20150323,101315,113.74,1,0,0,0,0,0
GLD STK SMART,20150323,101321,113.75,1,0,0,0,0,0
GLD STK SMART,20150323,101332,113.73,2,0,0,0,0,0
GLD STK SMART,20150323,101338,113.75,1,0,0,0,0,0
GLD STK SMART,20150323,101349,113.73,1,0,0,0,0,0
GLD STK SMART,20150323,101356,113.74,1,0,0,0,0,0
GLD STK SMART,20150323,101415,113.72,1,0,0,0,0,0
GLD STK SMART,20150323,101420,113.7,1,0,0,0,0,0
GLD STK SMART,20150323,101435,113.71,1,0,0,0,0,0
GLD STK SMART,20150323,101439,113.69,1,0,0,0,0,0
GLD STK SMART,20150323,101450,113.69,1,0,0,0,0,0
GLD STK SMART,20150323,101507,113.69,1,0,0,0,0,0
GLD STK SMART,20150323,101525,113.68,4,0,0,0,0,0
GLD STK SMART,20150323,101531,113.68,5,0,0,0,0,0
GLD STK SMART,20150323,101537,113.67,1,0,0,0,0,0
GLD STK SMART,20150323,101553,113.69,3,0,0,0,0,0
GLD STK SMART,20150323,101601,113.7,2,0,0,0,0,0
GLD STK SMART,20150323,101615,113.7,1,0,0,0,0,0
GLD STK SMART,20150323,101625,113.72,1,0,0,0,0,0
GLD STK SMART,20150323,101635,113.73,1,0,0,0,0,0
GLD STK SMART,20150323,101641,113.71,1,0,0,0,0,0
GLD STK SMART,20150323,101647,113.72,1,0,0,0,0,0
GLD STK SMART,20150323,101703,113.73,1,0,0,0,0,0
GLD STK SMART,20150323,101735,113.73,1,0,0,0,0,0
GLD STK SMART,20150323,101741,113.73,1,0,0,0,0,0
GLD STK SMART,20150323,101755,113.77,1,0,0,0,0,0
GLD STK SMART,20150323,101805,113.82,1,0,0,0,0,0
GLD STK SMART,20150323,101811,113.82,1,0,0,0,0,0
GLD STK SMART,20150323,101824,113.84,1,0,0,0,0,0
GLD STK SMART,20150323,101835,113.83,2,0,0,0,0,0
GLD STK SMART,20150323,101852,113.84,1,0,0,0,0,0
GLD STK SMART,20150323,101904,113.92,2,0,0,0,0,0
GLD STK SMART,20150323,101911,113.93,1,0,0,0,0,0
GLD STK SMART,20150323,101925,113.9,3,0,0,0,0,0
GLD STK SMART,20150323,101931,113.88,2,0,0,0,0,0
GLD STK SMART,20150323,101941,113.86,2,0,0,0,0,0
GLD STK SMART,20150323,101955,113.85,1,0,0,0,0,0
GLD STK SMART,20150323,102003,113.84,2,0,0,0,0,0
GLD STK SMART,20150323,102013,113.89,1,0,0,0,0,0
GLD STK SMART,20150323,102022,113.92,4,0,0,0,0,0
GLD STK SMART,20150323,102034,113.89,1,0,0,0,0,0
GLD STK SMART,20150323,102039,113.86,1,0,0,0,0,0
GLD STK SMART,20150323,102055,113.87,1,0,0,0,0,0
GLD STK SMART,20150323,102104,113.9,1,0,0,0,0,0
GLD STK SMART,20150323,102115,113.92,1,0,0,0,0,0
GLD STK SMART,20150323,102121,113.93,1,0,0,0,0,0
GLD STK SMART,20150323,102145,113.92,2,0,0,0,0,0
GLD STK SMART,20150323,102155,113.9,1,0,0,0,0,0
GLD STK SMART,20150323,102204,113.96,2,0,0,0,0,0
GLD STK SMART,20150323,102214,113.94,4,0,0,0,0,0
GLD STK SMART,20150323,102222,113.94,2,0,0,0,0,0
GLD STK SMART,20150323,102235,114.07,2,0,0,0,0,0
GLD STK SMART,20150323,102244,114.08,4,0,0,0,0,0
GLD STK SMART,20150323,102251,114.07,1,0,0,0,0,0
GLD STK SMART,20150323,102259,114.04,1,0,0,0,0,0
GLD STK SMART,20150323,102313,114.06,1,0,0,0,0,0
GLD STK SMART,20150323,102325,114.03,1,0,0,0,0,0
GLD STK SMART,20150323,102334,114.05,1,0,0,0,0,0
GLD STK SMART,20150323,102346,114.04,1,0,0,0,0,0
GLD STK SMART,20150323,102355,114.05,1,0,0,0,0,0
GLD STK SMART,20150323,102403,114.04,1,0,0,0,0,0
GLD STK SMART,20150323,102410,114.05,1,0,0,0,0,0
GLD STK SMART,20150323,102421,114.07,3,0,0,0,0,0
GLD STK SMART,20150323,102434,114.05,1,0,0,0,0,0
GLD STK SMART,20150323,102442,114.03,1,0,0,0,0,0
GLD STK SMART,20150323,102452,114.04,1,0,0,0,0,0
GLD STK SMART,20150323,102458,114.03,1,0,0,0,0,0
GLD STK SMART,20150323,102511,113.99,1,0,0,0,0,0
GLD STK SMART,20150323,102524,113.97,1,0,0,0,0,0
GLD STK SMART,20150323,102529,114,1,0,0,0,0,0
GLD STK SMART,20150323,102542,114,1,0,0,0,0,0
GLD STK SMART,20150323,102548,114.01,1,0,0,0,0,0
GLD STK SMART,20150323,102600,114.01,1,0,0,0,0,0
GLD STK SMART,20150323,102614,114.05,2,0,0,0,0,0
GLD STK SMART,20150323,102625,114.03,1,0,0,0,0,0
GLD STK SMART,20150323,102634,114.01,2,0,0,0,0,0
GLD STK SMART,20150323,102643,114,1,0,0,0,0,0
GLD STK SMART,20150323,102705,113.97,2,0,0,0,0,0
GLD STK SMART,20150323,102713,113.95,1,0,0,0,0,0
GLD STK SMART,20150323,102725,113.96,2,0,0,0,0,0
GLD STK SMART,20150323,102729,113.97,1,0,0,0,0,0
GLD STK SMART,20150323,102750,113.95,1,0,0,0,0,0
GLD STK SMART,20150323,102805,113.92,1,0,0,0,0,0
GLD STK SMART,20150323,102814,113.92,1,0,0,0,0,0
GLD STK SMART,20150323,102822,113.93,3,0,0,0,0,0
GLD STK SMART,20150323,102831,113.95,1,0,0,0,0,0
GLD STK SMART,20150323,102837,113.94,1,0,0,0,0,0
GLD STK SMART,20150323,102854,113.93,1,0,0,0,0,0
GLD STK SMART,20150323,102903,113.92,1,0,0,0,0,0
GLD STK SMART,20150323,102914,113.93,1,0,0,0,0,0
GLD STK SMART,20150323,102923,113.94,1,0,0,0,0,0
GLD STK SMART,20150323,102930,113.91,1,0,0,0,0,0
GLD STK SMART,20150323,102945,113.87,1,0,0,0,0,0
GLD STK SMART,20150323,102956,113.87,3,0,0,0,0,0
GLD STK SMART,20150323,102956,113.89,1,0,0,0,0,0
GLD STK SMART,20150323,103008,113.88,1,0,0,0,0,0
GLD STK SMART,20150323,103045,113.87,1,0,0,0,0,0
GLD STK SMART,20150323,103058,113.85,1,0,0,0,0,0
GLD STK SMART,20150323,103108,113.86,1,0,0,0,0,0
GLD STK SMART,20150323,103122,113.88,1,0,0,0,0,0
GLD STK SMART,20150323,103136,113.91,1,0,0,0,0,0
GLD STK SMART,20150323,103137,113.9,1,0,0,0,0,0
GLD STK SMART,20150323,103154,113.87,1,0,0,0,0,0
GLD STK SMART,20150323,103157,113.86,1,0,0,0,0,0
GLD STK SMART,20150323,103220,113.88,1,0,0,0,0,0
GLD STK SMART,20150323,103243,113.85,2,0,0,0,0,0
GLD STK SMART,20150323,103257,113.84,1,0,0,0,0,0
GLD STK SMART,20150323,103315,113.85,2,0,0,0,0,0
GLD STK SMART,20150323,103324,113.86,1,0,0,0,0,0
GLD STK SMART,20150323,103337,113.89,1,0,0,0,0,0
GLD STK SMART,20150323,103352,113.9,1,0,0,0,0,0
GLD STK SMART,20150323,103436,113.89,1,0,0,0,0,0
GLD STK SMART,20150323,103443,113.88,1,0,0,0,0,0
GLD STK SMART,20150323,103502,113.89,1,0,0,0,0,0
GLD STK SMART,20150323,103535,113.88,1,0,0,0,0,0
GLD STK SMART,20150323,103539,113.89,2,0,0,0,0,0
GLD STK SMART,20150323,103603,113.9,1,0,0,0,0,0
GLD STK SMART,20150323,103621,113.89,1,0,0,0,0,0
GLD STK SMART,20150323,103633,113.9,1,0,0,0,0,0
GLD STK SMART,20150323,103639,113.91,1,0,0,0,0,0
GLD STK SMART,20150323,103652,113.91,1,0,0,0,0,0
GLD STK SMART,20150323,103658,113.93,10,0,0,0,0,0
GLD STK SMART,20150323,103722,113.91,1,0,0,0,0,0
GLD STK SMART,20150323,103737,113.93,1,0,0,0,0,0
GLD STK SMART,20150323,103801,113.91,1,0,0,0,0,0
GLD STK SMART,20150323,103811,113.92,1,0,0,0,0,0
GLD STK SMART,20150323,103826,113.94,2,0,0,0,0,0
GLD STK SMART,20150323,103846,113.94,1,0,0,0,0,0
GLD STK SMART,20150323,103850,113.95,1,0,0,0,0,0
GLD STK SMART,20150323,103925,113.95,2,0,0,0,0,0
GLD STK SMART,20150323,103935,113.97,1,0,0,0,0,0
GLD STK SMART,20150323,103945,113.95,1,0,0,0,0,0
GLD STK SMART,20150323,103958,113.93,1,0,0,0,0,0
GLD STK SMART,20150323,104008,113.93,5,0,0,0,0,0
GLD STK SMART,20150323,104025,113.95,2,0,0,0,0,0
GLD STK SMART,20150323,104029,113.94,1,0,0,0,0,0
GLD STK SMART,20150323,104043,113.95,2,0,0,0,0,0
GLD STK SMART,20150323,104049,113.96,1,0,0,0,0,0
GLD STK SMART,20150323,104115,113.98,4,0,0,0,0,0
GLD STK SMART,20150323,104124,113.98,2,0,0,0,0,0
GLD STK SMART,20150323,104135,114,1,0,0,0,0,0
GLD STK SMART,20150323,104202,114,4,0,0,0,0,0
GLD STK SMART,20150323,104209,114,1,0,0,0,0,0
GLD STK SMART,20150323,104219,114.01,1,0,0,0,0,0
GLD STK SMART,20150323,104232,114.02,2,0,0,0,0,0
GLD STK SMART,20150323,104255,114,1,0,0,0,0,0
GLD STK SMART,20150323,104301,114.02,5,0,0,0,0,0
GLD STK SMART,20150323,104311,114.01,1,0,0,0,0,0
GLD STK SMART,20150323,104346,114,1,0,0,0,0,0
GLD STK SMART,20150323,104411,113.97,2,0,0,0,0,0
GLD STK SMART,20150323,104418,113.98,1,0,0,0,0,0
GLD STK SMART,20150323,104435,113.98,1,0,0,0,0,0
GLD STK SMART,20150323,104441,114,2,0,0,0,0,0
GLD STK SMART,20150323,104452,113.99,1,0,0,0,0,0
GLD STK SMART,20150323,104525,113.97,1,0,0,0,0,0
GLD STK SMART,20150323,104556,113.95,3,0,0,0,0,0
GLD STK SMART,20150323,104557,113.95,1,0,0,0,0,0
GLD STK SMART,20150323,104653,113.96,2,0,0,0,0,0
GLD STK SMART,20150323,104659,113.97,2,0,0,0,0,0
GLD STK SMART,20150323,104721,113.95,1,0,0,0,0,0
GLD STK SMART,20150323,104729,113.94,1,0,0,0,0,0
GLD STK SMART,20150323,104746,113.92,1,0,0,0,0,0
GLD STK SMART,20150323,104755,113.89,1,0,0,0,0,0
GLD STK SMART,20150323,104803,113.89,1,0,0,0,0,0
GLD STK SMART,20150323,104813,113.91,1,0,0,0,0,0
GLD STK SMART,20150323,104825,113.9,1,0,0,0,0,0
GLD STK SMART,20150323,104837,113.94,1,0,0,0,0,0
GLD STK SMART,20150323,104846,113.94,5,0,0,0,0,0
GLD STK SMART,20150323,104856,113.93,1,0,0,0,0,0
GLD STK SMART,20150323,104908,113.91,1,0,0,0,0,0
GLD STK SMART,20150323,104941,113.9,1,0,0,0,0,0
GLD STK SMART,20150323,104952,113.9,1,0,0,0,0,0
GLD STK SMART,20150323,105010,113.89,2,0,0,0,0,0
GLD STK SMART,20150323,105038,113.89,1,0,0,0,0,0
GLD STK SMART,20150323,105102,113.9,2,0,0,0,0,0
GLD STK SMART,20150323,105112,113.89,2,0,0,0,0,0
GLD STK SMART,20150323,105126,113.86,4,0,0,0,0,0
GLD STK SMART,20150323,105133,113.87,1,0,0,0,0,0
GLD STK SMART,20150323,105142,113.86,1,0,0,0,0,0
GLD STK SMART,20150323,105147,113.88,1,0,0,0,0,0
GLD STK SMART,20150323,105216,113.89,1,0,0,0,0,0
GLD STK SMART,20150323,105219,113.88,1,0,0,0,0,0
GLD STK SMART,20150323,105234,113.86,1,0,0,0,0,0
GLD STK SMART,20150323,105245,113.88,1,0,0,0,0,0
GLD STK SMART,20150323,105254,113.87,4,0,0,0,0,0
GLD STK SMART,20150323,105316,113.89,1,0,0,0,0,0
GLD STK SMART,20150323,105326,113.88,1,0,0,0,0,0
GLD STK SMART,20150323,105340,113.88,2,0,0,0,0,0
GLD STK SMART,20150323,105357,113.86,2,0,0,0,0,0
GLD STK SMART,20150323,105406,113.88,1,0,0,0,0,0
GLD STK SMART,20150323,105422,113.86,1,0,0,0,0,0
GLD STK SMART,20150323,105436,113.89,1,0,0,0,0,0
GLD STK SMART,20150323,105503,113.89,2,0,0,0,0,0
GLD STK SMART,20150323,105512,113.89,1,0,0,0,0,0
GLD STK SMART,20150323,105525,113.88,1,0,0,0,0,0
GLD STK SMART,20150323,105537,113.87,1,0,0,0,0,0
GLD STK SMART,20150323,105541,113.87,2,0,0,0,0,0
GLD STK SMART,20150323,105552,113.85,2,0,0,0,0,0
GLD STK SMART,20150323,105605,113.89,1,0,0,0,0,0
GLD STK SMART,20150323,105619,113.9,2,0,0,0,0,0
GLD STK SMART,20150323,105706,113.88,1,0,0,0,0,0
GLD STK SMART,20150323,105719,113.87,1,0,0,0,0,0
GLD STK SMART,20150323,105731,113.87,2,0,0,0,0,0
GLD STK SMART,20150323,105742,113.86,1,0,0,0,0,0
GLD STK SMART,20150323,105806,113.85,2,0,0,0,0,0
GLD STK SMART,20150323,105834,113.81,1,0,0,0,0,0
GLD STK SMART,20150323,105843,113.82,1,0,0,0,0,0
GLD STK SMART,20150323,105902,113.81,1,0,0,0,0,0
GLD STK SMART,20150323,105917,113.81,1,0,0,0,0,0
GLD STK SMART,20150323,105935,113.84,1,0,0,0,0,0
GLD STK SMART,20150323,105946,113.85,1,0,0,0,0,0
GLD STK SMART,20150323,110010,113.84,1,0,0,0,0,0
GLD STK SMART,20150323,110026,113.82,2,0,0,0,0,0
GLD STK SMART,20150323,110037,113.87,1,0,0,0,0,0
GLD STK SMART,20150323,110041,113.87,1,0,0,0,0,0
GLD STK SMART,20150323,110049,113.88,1,0,0,0,0,0
GLD STK SMART,20150323,110102,113.89,1,0,0,0,0,0
GLD STK SMART,20150323,110111,113.87,1,0,0,0,0,0
GLD STK SMART,20150323,110125,113.86,1,0,0,0,0,0
GLD STK SMART,20150323,110128,113.84,1,0,0,0,0,0
GLD STK SMART,20150323,110145,113.84,2,0,0,0,0,0
GLD STK SMART,20150323,110151,113.82,1,0,0,0,0,0
GLD STK SMART,20150323,110207,113.82,2,0,0,0,0,0
GLD STK SMART,20150323,110213,113.83,1,0,0,0,0,0
GLD STK SMART,20150323,110221,113.82,2,0,0,0,0,0
GLD STK SMART,20150323,110235,113.82,1,0,0,0,0,0
GLD STK SMART,20150323,110238,113.83,1,0,0,0,0,0
GLD STK SMART,20150323,110253,113.82,1,0,0,0,0,0
GLD STK SMART,20150323,110327,113.8,1,0,0,0,0,0
GLD STK SMART,20150323,110332,113.83,1,0,0,0,0,0
GLD STK SMART,20150323,110355,113.81,1,0,0,0,0,0
GLD STK SMART,20150323,110404,113.8,1,0,0,0,0,0
GLD STK SMART,20150323,110416,113.77,1,0,0,0,0,0
GLD STK SMART,20150323,110427,113.72,2,0,0,0,0,0
GLD STK SMART,20150323,110437,113.71,2,0,0,0,0,0
GLD STK SMART,20150323,110446,113.71,1,0,0,0,0,0
GLD STK SMART,20150323,110450,113.72,1,0,0,0,0,0
GLD STK SMART,20150323,110506,113.71,1,0,0,0,0,0
GLD STK SMART,20150323,110516,113.7,1,0,0,0,0,0
GLD STK SMART,20150323,110527,113.7,1,0,0,0,0,0
GLD STK SMART,20150323,110535,113.73,1,0,0,0,0,0
GLD STK SMART,20150323,110544,113.78,2,0,0,0,0,0
GLD STK SMART,20150323,110554,113.8,1,0,0,0,0,0
GLD STK SMART,20150323,110617,113.77,1,0,0,0,0,0
GLD STK SMART,20150323,110623,113.78,2,0,0,0,0,0
GLD STK SMART,20150323,110636,113.77,1,0,0,0,0,0
GLD STK SMART,20150323,110716,113.78,1,0,0,0,0,0
GLD STK SMART,20150323,110735,113.78,2,0,0,0,0,0
GLD STK SMART,20150323,110747,113.8,1,0,0,0,0,0
GLD STK SMART,20150323,110802,113.79,1,0,0,0,0,0
GLD STK SMART,20150323,110826,113.79,1,0,0,0,0,0
GLD STK SMART,20150323,110831,113.81,1,0,0,0,0,0
GLD STK SMART,20150323,110845,113.78,1,0,0,0,0,0
GLD STK SMART,20150323,110935,113.77,1,0,0,0,0,0
GLD STK SMART,20150323,111007,113.74,1,0,0,0,0,0
GLD STK SMART,20150323,111017,113.73,2,0,0,0,0,0
GLD STK SMART,20150323,111025,113.72,2,0,0,0,0,0
GLD STK SMART,20150323,111036,113.7,1,0,0,0,0,0
GLD STK SMART,20150323,111040,113.69,1,0,0,0,0,0
GLD STK SMART,20150323,111056,113.7,1,0,0,0,0,0
GLD STK SMART,20150323,111101,113.73,1,0,0,0,0,0
GLD STK SMART,20150323,111111,113.74,1,0,0,0,0,0
GLD STK SMART,20150323,111121,113.74,1,0,0,0,0,0
GLD STK SMART,20150323,111140,113.76,1,0,0,0,0,0
GLD STK SMART,20150323,111203,113.76,1,0,0,0,0,0
GLD STK SMART,20150323,111219,113.77,1,0,0,0,0,0
GLD STK SMART,20150323,111237,113.8,1,0,0,0,0,0
GLD STK SMART,20150323,111336,113.79,1,0,0,0,0,0
GLD STK SMART,20150323,111354,113.76,1,0,0,0,0,0
GLD STK SMART,20150323,111400,113.75,1,0,0,0,0,0
GLD STK SMART,20150323,111417,113.72,1,0,0,0,0,0
GLD STK SMART,20150323,111427,113.68,4,0,0,0,0,0
GLD STK SMART,20150323,111435,113.7,1,0,0,0,0,0
GLD STK SMART,20150323,111445,113.7,1,0,0,0,0,0
GLD STK SMART,20150323,111451,113.73,1,0,0,0,0,0
GLD STK SMART,20150323,111504,113.71,1,0,0,0,0,0
GLD STK SMART,20150323,111509,113.7,2,0,0,0,0,0
GLD STK SMART,20150323,111526,113.72,1,0,0,0,0,0
GLD STK SMART,20150323,111546,113.72,1,0,0,0,0,0
GLD STK SMART,20150323,111558,113.71,2,0,0,0,0,0
GLD STK SMART,20150323,111601,113.71,1,0,0,0,0,0
GLD STK SMART,20150323,111619,113.74,1,0,0,0,0,0
GLD STK SMART,20150323,111636,113.75,1,0,0,0,0,0
GLD STK SMART,20150323,111645,113.78,1,0,0,0,0,0
GLD STK SMART,20150323,111654,113.77,1,0,0,0,0,0
GLD STK SMART,20150323,111712,113.77,2,0,0,0,0,0
GLD STK SMART,20150323,111723,113.78,1,0,0,0,0,0
GLD STK SMART,20150323,111742,113.79,3,0,0,0,0,0
GLD STK SMART,20150323,111755,113.8,1,0,0,0,0,0
GLD STK SMART,20150323,111836,113.77,1,0,0,0,0,0
GLD STK SMART,20150323,111839,113.78,1,0,0,0,0,0
GLD STK SMART,20150323,111856,113.79,1,0,0,0,0,0
GLD STK SMART,20150323,111910,113.78,1,0,0,0,0,0
GLD STK SMART,20150323,111938,113.79,1,0,0,0,0,0
GLD STK SMART,20150323,111940,113.79,1,0,0,0,0,0
GLD STK SMART,20150323,112008,113.8,1,0,0,0,0,0
GLD STK SMART,20150323,112033,113.79,1,0,0,0,0,0
GLD STK SMART,20150323,112047,113.78,1,0,0,0,0,0
GLD STK SMART,20150323,112104,113.77,1,0,0,0,0,0
GLD STK SMART,20150323,112122,113.8,1,0,0,0,0,0
GLD STK SMART,20150323,112130,113.78,1,0,0,0,0,0
GLD STK SMART,20150323,112148,113.77,1,0,0,0,0,0
GLD STK SMART,20150323,112213,113.79,1,0,0,0,0,0
GLD STK SMART,20150323,112230,113.78,1,0,0,0,0,0
GLD STK SMART,20150323,112246,113.78,1,0,0,0,0,0
GLD STK SMART,20150323,112348,113.8,1,0,0,0,0,0
GLD STK SMART,20150323,112356,113.88,2,0,0,0,0,0
GLD STK SMART,20150323,112408,113.87,1,0,0,0,0,0
GLD STK SMART,20150323,112409,113.88,1,0,0,0,0,0
GLD STK SMART,20150323,112424,113.86,1,0,0,0,0,0
GLD STK SMART,20150323,112431,113.84,1,0,0,0,0,0
GLD STK SMART,20150323,112447,113.86,1,0,0,0,0,0
GLD STK SMART,20150323,112458,113.86,4,0,0,0,0,0
GLD STK SMART,20150323,112513,113.86,1,0,0,0,0,0
GLD STK SMART,20150323,112537,113.85,1,0,0,0,0,0
GLD STK SMART,20150323,112546,113.85,4,0,0,0,0,0
GLD STK SMART,20150323,112555,113.84,2,0,0,0,0,0
GLD STK SMART,20150323,112611,113.83,10,0,0,0,0,0
GLD STK SMART,20150323,112620,113.83,1,0,0,0,0,0
GLD STK SMART,20150323,112638,113.82,1,0,0,0,0,0
GLD STK SMART,20150323,112647,113.83,1,0,0,0,0,0
GLD STK SMART,20150323,112653,113.84,1,0,0,0,0,0
GLD STK SMART,20150323,112711,113.86,1,0,0,0,0,0
GLD STK SMART,20150323,112732,113.83,1,0,0,0,0,0
GLD STK SMART,20150323,112748,113.84,1,0,0,0,0,0
GLD STK SMART,20150323,112816,113.85,1,0,0,0,0,0
GLD STK SMART,20150323,112838,113.84,1,0,0,0,0,0
GLD STK SMART,20150323,112850,113.84,2,0,0,0,0,0
GLD STK SMART,20150323,112904,113.86,1,0,0,0,0,0
GLD STK SMART,20150323,112915,113.85,2,0,0,0,0,0
GLD STK SMART,20150323,112927,113.84,1,0,0,0,0,0
GLD STK SMART,20150323,112936,113.85,1,0,0,0,0,0
GLD STK SMART,20150323,112948,113.84,3,0,0,0,0,0
GLD STK SMART,20150323,112955,113.83,1,0,0,0,0,0
GLD STK SMART,20150323,113008,113.83,1,0,0,0,0,0
GLD STK SMART,20150323,113016,113.84,1,0,0,0,0,0
GLD STK SMART,20150323,113038,113.81,2,0,0,0,0,0
GLD STK SMART,20150323,113043,113.77,1,0,0,0,0,0
GLD STK SMART,20150323,113049,113.78,1,0,0,0,0,0
GLD STK SMART,20150323,113103,113.79,1,0,0,0,0,0
GLD STK SMART,20150323,113116,113.78,1,0,0,0,0,0
GLD STK SMART,20150323,113143,113.78,1,0,0,0,0,0
GLD STK SMART,20150323,113214,113.79,1,0,0,0,0,0
GLD STK SMART,20150323,113225,113.79,1,0,0,0,0,0
GLD STK SMART,20150323,113249,113.79,2,0,0,0,0,0
GLD STK SMART,20150323,113259,113.81,4,0,0,0,0,0
GLD STK SMART,20150323,113309,113.82,1,0,0,0,0,0
GLD STK SMART,20150323,113320,113.81,1,0,0,0,0,0
GLD STK SMART,20150323,113358,113.81,1,0,0,0,0,0
GLD STK SMART,20150323,113415,113.8,1,0,0,0,0,0
GLD STK SMART,20150323,113423,113.81,2,0,0,0,0,0
GLD STK SMART,20150323,113448,113.77,1,0,0,0,0,0
GLD STK SMART,20150323,113459,113.79,1,0,0,0,0,0
GLD STK SMART,20150323,113522,113.8,1,0,0,0,0,0
GLD STK SMART,20150323,113536,113.82,1,0,0,0,0,0
GLD STK SMART,20150323,113605,113.82,1,0,0,0,0,0
GLD STK SMART,20150323,113617,113.83,1,0,0,0,0,0
GLD STK SMART,20150323,113630,113.84,1,0,0,0,0,0
GLD STK SMART,20150323,113708,113.85,1,0,0,0,0,0
GLD STK SMART,20150323,113735,113.84,1,0,0,0,0,0
GLD STK SMART,20150323,113746,113.84,1,0,0,0,0,0
GLD STK SMART,20150323,113749,113.85,1,0,0,0,0,0
GLD STK SMART,20150323,113802,113.86,1,0,0,0,0,0
GLD STK SMART,20150323,113816,113.85,1,0,0,0,0,0
GLD STK SMART,20150323,113835,113.88,1,0,0,0,0,0
GLD STK SMART,20150323,113845,113.89,1,0,0,0,0,0
GLD STK SMART,20150323,113909,113.88,1,0,0,0,0,0
GLD STK SMART,20150323,113913,113.86,1,0,0,0,0,0
GLD STK SMART,20150323,113923,113.87,9,0,0,0,0,0
GLD STK SMART,20150323,113930,113.85,1,0,0,0,0,0
GLD STK SMART,20150323,113943,113.86,1,0,0,0,0,0
GLD STK SMART,20150323,114014,113.87,2,0,0,0,0,0
GLD STK SMART,20150323,114023,113.89,1,0,0,0,0,0
GLD STK SMART,20150323,114031,113.87,1,0,0,0,0,0
GLD STK SMART,20150323,114044,113.87,1,0,0,0,0,0
GLD STK SMART,20150323,114111,113.88,1,0,0,0,0,0
GLD STK SMART,20150323,114130,113.87,1,0,0,0,0,0
GLD STK SMART,20150323,114147,113.86,1,0,0,0,0,0
GLD STK SMART,20150323,114203,113.85,2,0,0,0,0,0
GLD STK SMART,20150323,114211,113.86,1,0,0,0,0,0
GLD STK SMART,20150323,114235,113.85,1,0,0,0,0,0
GLD STK SMART,20150323,114255,113.86,1,0,0,0,0,0
GLD STK SMART,20150323,114311,113.86,2,0,0,0,0,0
GLD STK SMART,20150323,114339,113.86,1,0,0,0,0,0
GLD STK SMART,20150323,114348,113.84,1,0,0,0,0,0
GLD STK SMART,20150323,114350,113.82,1,0,0,0,0,0
GLD STK SMART,20150323,114409,113.78,2,0,0,0,0,0
GLD STK SMART,20150323,114414,113.77,1,0,0,0,0,0
GLD STK SMART,20150323,114446,113.77,1,0,0,0,0,0
GLD STK SMART,20150323,114459,113.76,1,0,0,0,0,0
GLD STK SMART,20150323,114510,113.76,1,0,0,0,0,0
GLD STK SMART,20150323,114510,113.77,2,0,0,0,0,0
GLD STK SMART,20150323,114529,113.77,1,0,0,0,0,0
GLD STK SMART,20150323,114532,113.78,1,0,0,0,0,0
GLD STK SMART,20150323,114558,113.8,1,0,0,0,0,0
GLD STK SMART,20150323,114606,113.83,1,0,0,0,0,0
GLD STK SMART,20150323,114617,113.83,2,0,0,0,0,0
GLD STK SMART,20150323,114635,113.84,1,0,0,0,0,0
GLD STK SMART,20150323,114658,113.84,1,0,0,0,0,0
GLD STK SMART,20150323,114701,113.85,1,0,0,0,0,0
GLD STK SMART,20150323,114726,113.84,1,0,0,0,0,0
GLD STK SMART,20150323,114750,113.81,1,0,0,0,0,0
GLD STK SMART,20150323,114752,113.83,1,0,0,0,0,0
GLD STK SMART,20150323,114910,113.82,1,0,0,0,0,0
GLD STK SMART,20150323,114931,113.81,1,0,0,0,0,0
GLD STK SMART,20150323,114959,113.8,1,0,0,0,0,0
GLD STK SMART,20150323,115029,113.79,1,0,0,0,0,0
GLD STK SMART,20150323,115034,113.8,1,0,0,0,0,0
GLD STK SMART,20150323,115044,113.8,1,0,0,0,0,0
GLD STK SMART,20150323,115109,113.79,1,0,0,0,0,0
GLD STK SMART,20150323,115118,113.75,4,0,0,0,0,0
GLD STK SMART,20150323,115123,113.75,1,0,0,0,0,0
GLD STK SMART,20150323,115139,113.79,1,0,0,0,0,0
GLD STK SMART,20150323,115200,113.79,4,0,0,0,0,0
GLD STK SMART,20150323,115201,113.79,1,0,0,0,0,0
GLD STK SMART,20150323,115215,113.82,1,0,0,0,0,0
GLD STK SMART,20150323,115228,113.81,1,0,0,0,0,0
GLD STK SMART,20150323,115304,113.82,1,0,0,0,0,0
GLD STK SMART,20150323,115319,113.84,1,0,0,0,0,0
GLD STK SMART,20150323,115327,113.85,1,0,0,0,0,0
GLD STK SMART,20150323,115337,113.86,1,0,0,0,0,0
GLD STK SMART,20150323,115344,113.87,1,0,0,0,0,0
GLD STK SMART,20150323,115359,113.89,1,0,0,0,0,0
GLD STK SMART,20150323,115429,113.85,1,0,0,0,0,0
GLD STK SMART,20150323,115448,113.85,1,0,0,0,0,0
GLD STK SMART,20150323,115506,113.86,1,0,0,0,0,0
GLD STK SMART,20150323,115513,113.84,1,0,0,0,0,0
GLD STK SMART,20150323,115535,113.86,2,0,0,0,0,0
GLD STK SMART,20150323,115559,113.83,1,0,0,0,0,0
GLD STK SMART,20150323,115603,113.85,2,0,0,0,0,0
GLD STK SMART,20150323,115627,113.85,1,0,0,0,0,0
GLD STK SMART,20150323,115640,113.84,1,0,0,0,0,0
GLD STK SMART,20150323,115657,113.85,1,0,0,0,0,0
GLD STK SMART,20150323,115702,113.86,1,0,0,0,0,0
GLD STK SMART,20150323,115728,113.87,1,0,0,0,0,0
GLD STK SMART,20150323,115734,113.88,1,0,0,0,0,0
GLD STK SMART,20150323,115745,113.87,1,0,0,0,0,0
GLD STK SMART,20150323,115815,113.93,1,0,0,0,0,0
GLD STK SMART,20150323,115833,113.9,1,0,0,0,0,0
GLD STK SMART,20150323,115847,113.91,1,0,0,0,0,0
GLD STK SMART,20150323,115857,113.92,3,0,0,0,0,0
GLD STK SMART,20150323,115906,113.96,2,0,0,0,0,0
GLD STK SMART,20150323,115918,113.96,2,0,0,0,0,0
GLD STK SMART,20150323,115925,113.95,1,0,0,0,0,0
GLD STK SMART,20150323,115935,113.93,2,0,0,0,0,0
GLD STK SMART,20150323,115955,113.94,1,0,0,0,0,0
GLD STK SMART,20150323,120009,113.93,1,0,0,0,0,0
GLD STK SMART,20150323,120027,113.94,1,0,0,0,0,0
GLD STK SMART,20150323,120052,113.93,1,0,0,0,0,0
GLD STK SMART,20150323,120104,113.92,1,0,0,0,0,0
GLD STK SMART,20150323,120120,113.9,1,0,0,0,0,0
GLD STK SMART,20150323,120121,113.9,3,0,0,0,0,0
GLD STK SMART,20150323,120137,113.91,1,0,0,0,0,0
GLD STK SMART,20150323,120240,113.93,1,0,0,0,0,0
GLD STK SMART,20150323,120318,113.95,1,0,0,0,0,0
GLD STK SMART,20150323,120335,113.96,2,0,0,0,0,0
GLD STK SMART,20150323,120347,113.97,1,0,0,0,0,0
GLD STK SMART,20150323,120358,113.99,1,0,0,0,0,0
GLD STK SMART,20150323,120417,114,1,0,0,0,0,0
GLD STK SMART,20150323,120430,114.04,1,0,0,0,0,0
GLD STK SMART,20150323,120435,114.02,1,0,0,0,0,0
GLD STK SMART,20150323,120450,114.06,1,0,0,0,0,0
GLD STK SMART,20150323,120456,114.06,1,0,0,0,0,0
GLD STK SMART,20150323,120506,114.03,1,0,0,0,0,0
GLD STK SMART,20150323,120514,114,1,0,0,0,0,0
GLD STK SMART,20150323,120527,113.96,1,0,0,0,0,0
GLD STK SMART,20150323,120535,113.95,1,0,0,0,0,0
GLD STK SMART,20150323,120545,113.95,1,0,0,0,0,0
GLD STK SMART,20150323,120602,113.93,1,0,0,0,0,0
GLD STK SMART,20150323,120617,113.97,1,0,0,0,0,0
GLD STK SMART,20150323,120647,113.97,1,0,0,0,0,0
GLD STK SMART,20150323,120710,113.98,1,0,0,0,0,0
GLD STK SMART,20150323,120729,113.96,1,0,0,0,0,0
GLD STK SMART,20150323,120737,113.94,1,0,0,0,0,0
GLD STK SMART,20150323,120748,113.93,1,0,0,0,0,0
GLD STK SMART,20150323,120830,113.9,2,0,0,0,0,0
GLD STK SMART,20150323,120844,113.9,1,0,0,0,0,0
GLD STK SMART,20150323,120931,113.87,1,0,0,0,0,0
GLD STK SMART,20150323,120950,113.88,1,0,0,0,0,0
GLD STK SMART,20150323,120953,113.89,1,0,0,0,0,0
GLD STK SMART,20150323,121040,113.89,2,0,0,0,0,0
GLD STK SMART,20150323,121120,113.87,1,0,0,0,0,0
GLD STK SMART,20150323,121141,113.84,2,0,0,0,0,0
GLD STK SMART,20150323,121149,113.85,1,0,0,0,0,0
GLD STK SMART,20150323,121202,113.84,1,0,0,0,0,0
GLD STK SMART,20150323,121211,113.86,4,0,0,0,0,0
GLD STK SMART,20150323,121224,113.86,1,0,0,0,0,0
GLD STK SMART,20150323,121304,113.87,2,0,0,0,0,0
GLD STK SMART,20150323,121324,113.87,1,0,0,0,0,0
GLD STK SMART,20150323,121331,113.86,1,0,0,0,0,0
GLD STK SMART,20150323,121410,113.84,1,0,0,0,0,0
GLD STK SMART,20150323,121435,113.87,1,0,0,0,0,0
GLD STK SMART,20150323,121448,113.89,1,0,0,0,0,0
GLD STK SMART,20150323,121454,113.89,2,0,0,0,0,0
GLD STK SMART,20150323,121502,113.9,1,0,0,0,0,0
GLD STK SMART,20150323,121530,113.92,2,0,0,0,0,0
GLD STK SMART,20150323,121554,113.92,1,0,0,0,0,0
GLD STK SMART,20150323,121619,113.94,2,0,0,0,0,0
GLD STK SMART,20150323,121638,113.91,1,0,0,0,0,0
GLD STK SMART,20150323,121701,113.89,1,0,0,0,0,0
GLD STK SMART,20150323,121712,113.9,1,0,0,0,0,0
GLD STK SMART,20150323,121741,113.87,3,0,0,0,0,0
GLD STK SMART,20150323,121748,113.88,1,0,0,0,0,0
GLD STK SMART,20150323,121806,113.87,1,0,0,0,0,0
GLD STK SMART,20150323,121816,113.91,1,0,0,0,0,0
GLD STK SMART,20150323,121841,113.93,1,0,0,0,0,0
GLD STK SMART,20150323,121847,113.95,1,0,0,0,0,0
GLD STK SMART,20150323,121904,113.97,1,0,0,0,0,0
GLD STK SMART,20150323,121928,113.94,1,0,0,0,0,0
GLD STK SMART,20150323,121938,113.97,1,0,0,0,0,0
GLD STK SMART,20150323,121951,113.95,1,0,0,0,0,0
GLD STK SMART,20150323,121955,113.97,1,0,0,0,0,0
GLD STK SMART,20150323,122025,113.98,1,0,0,0,0,0
GLD STK SMART,20150323,122035,113.97,1,0,0,0,0,0
GLD STK SMART,20150323,122051,114.03,2,0,0,0,0,0
GLD STK SMART,20150323,122056,114.05,1,0,0,0,0,0
GLD STK SMART,20150323,122107,114.05,2,0,0,0,0,0
GLD STK SMART,20150323,122113,114.07,1,0,0,0,0,0
GLD STK SMART,20150323,122138,114.02,1,0,0,0,0,0
GLD STK SMART,20150323,122147,114.02,7,0,0,0,0,0
GLD STK SMART,20150323,122154,114.03,1,0,0,0,0,0
GLD STK SMART,20150323,122208,114.06,1,0,0,0,0,0
GLD STK SMART,20150323,122229,114.07,1,0,0,0,0,0
GLD STK SMART,20150323,122233,114.06,1,0,0,0,0,0
GLD STK SMART,20150323,122249,114.07,3,0,0,0,0,0
GLD STK SMART,20150323,122310,114.06,1,0,0,0,0,0
GLD STK SMART,20150323,122321,114.09,1,0,0,0,0,0
GLD STK SMART,20150323,122331,114.1,3,0,0,0,0,0
GLD STK SMART,20150323,122338,114.12,2,0,0,0,0,0
GLD STK SMART,20150323,122351,114.08,2,0,0,0,0,0
GLD STK SMART,20150323,122353,114.07,1,0,0,0,0,0
GLD STK SMART,20150323,122409,114.09,1,0,0,0,0,0
GLD STK SMART,20150323,122418,114.09,1,0,0,0,0,0
GLD STK SMART,20150323,122427,114.08,1,0,0,0,0,0
GLD STK SMART,20150323,122446,114.07,1,0,0,0,0,0
GLD STK SMART,20150323,122458,114.06,1,0,0,0,0,0
GLD STK SMART,20150323,122510,114.04,3,0,0,0,0,0
GLD STK SMART,20150323,122530,114.02,1,0,0,0,0,0
GLD STK SMART,20150323,122542,114.02,1,0,0,0,0,0
GLD STK SMART,20150323,122612,114.01,1,0,0,0,0,0
GLD STK SMART,20150323,122615,114.02,1,0,0,0,0,0
GLD STK SMART,20150323,122625,114.01,1,0,0,0,0,0
GLD STK SMART,20150323,122632,114.03,1,0,0,0,0,0
GLD STK SMART,20150323,122705,114.02,1,0,0,0,0,0
GLD STK SMART,20150323,122722,113.99,1,0,0,0,0,0
GLD STK SMART,20150323,122724,113.99,1,0,0,0,0,0
GLD STK SMART,20150323,122737,114.01,1,0,0,0,0,0
GLD STK SMART,20150323,122811,114.03,1,0,0,0,0,0
GLD STK SMART,20150323,122817,114.02,1,0,0,0,0,0
GLD STK SMART,20150323,122901,113.98,1,0,0,0,0,0
GLD STK SMART,20150323,122915,114.01,1,0,0,0,0,0
GLD STK SMART,20150323,122933,114.03,1,0,0,0,0,0
GLD STK SMART,20150323,122952,114.04,1,0,0,0,0,0
GLD STK SMART,20150323,123037,114.07,2,0,0,0,0,0
GLD STK SMART,20150323,123054,114.06,1,0,0,0,0,0
GLD STK SMART,20150323,123122,114.06,2,0,0,0,0,0
GLD STK SMART,20150323,123132,114.06,1,0,0,0,0,0
GLD STK SMART,20150323,123151,114.07,1,0,0,0,0,0
GLD STK SMART,20150323,123155,114.09,1,0,0,0,0,0
GLD STK SMART,20150323,123212,114.08,1,0,0,0,0,0
GLD STK SMART,20150323,123258,114.06,1,0,0,0,0,0
GLD STK SMART,20150323,123323,114.05,1,0,0,0,0,0
GLD STK SMART,20150323,123355,114.05,1,0,0,0,0,0
GLD STK SMART,20150323,123448,114.06,1,0,0,0,0,0
GLD STK SMART,20150323,123557,114.02,2,0,0,0,0,0
GLD STK SMART,20150323,123609,114,1,0,0,0,0,0
GLD STK SMART,20150323,123619,114.01,1,0,0,0,0,0
GLD STK SMART,20150323,123634,114.02,1,0,0,0,0,0
GLD STK SMART,20150323,123706,114,1,0,0,0,0,0
GLD STK SMART,20150323,123755,114.01,1,0,0,0,0,0
GLD STK SMART,20150323,123829,113.99,2,0,0,0,0,0
GLD STK SMART,20150323,123839,114,1,0,0,0,0,0
GLD STK SMART,20150323,123849,114.01,8,0,0,0,0,0
GLD STK SMART,20150323,123927,114.01,1,0,0,0,0,0
GLD STK SMART,20150323,123946,114.05,1,0,0,0,0,0
GLD STK SMART,20150323,124016,114.06,1,0,0,0,0,0
GLD STK SMART,20150323,124122,114.05,1,0,0,0,0,0
GLD STK SMART,20150323,124210,114.05,1,0,0,0,0,0
GLD STK SMART,20150323,124229,114.04,1,0,0,0,0,0
GLD STK SMART,20150323,124301,114.02,1,0,0,0,0,0
GLD STK SMART,20150323,124340,114.04,2,0,0,0,0,0
GLD STK SMART,20150323,124343,114.04,1,0,0,0,0,0
GLD STK SMART,20150323,124407,114.03,2,0,0,0,0,0
GLD STK SMART,20150323,124429,114.03,1,0,0,0,0,0
GLD STK SMART,20150323,124437,114.04,1,0,0,0,0,0
GLD STK SMART,20150323,124457,114.02,4,0,0,0,0,0
GLD STK SMART,20150323,124512,114.03,1,0,0,0,0,0
GLD STK SMART,20150323,124539,114.01,1,0,0,0,0,0
GLD STK SMART,20150323,124556,114.02,1,0,0,0,0,0
GLD STK SMART,20150323,124610,114.04,1,0,0,0,0,0
GLD STK SMART,20150323,124635,114.03,1,0,0,0,0,0
GLD STK SMART,20150323,124701,114.01,1,0,0,0,0,0
GLD STK SMART,20150323,124737,114,1,0,0,0,0,0
GLD STK SMART,20150323,124755,114.01,1,0,0,0,0,0
GLD STK SMART,20150323,124820,113.97,3,0,0,0,0,0
GLD STK SMART,20150323,124830,113.97,1,0,0,0,0,0
GLD STK SMART,20150323,124838,113.98,1,0,0,0,0,0
GLD STK SMART,20150323,124929,113.99,1,0,0,0,0,0
GLD STK SMART,20150323,124943,114,1,0,0,0,0,0
GLD STK SMART,20150323,125006,114.01,1,0,0,0,0,0
GLD STK SMART,20150323,125135,114.01,2,0,0,0,0,0
GLD STK SMART,20150323,125201,114.02,1,0,0,0,0,0
GLD STK SMART,20150323,125208,114.03,1,0,0,0,0,0
GLD STK SMART,20150323,125232,114.04,1,0,0,0,0,0
GLD STK SMART,20150323,125303,114.05,1,0,0,0,0,0
GLD STK SMART,20150323,125320,114.03,1,0,0,0,0,0
GLD STK SMART,20150323,125340,114.02,2,0,0,0,0,0
GLD STK SMART,20150323,125346,114.05,1,0,0,0,0,0
GLD STK SMART,20150323,125432,114,10,0,0,0,0,0
GLD STK SMART,20150323,125453,114.01,5,0,0,0,0,0
GLD STK SMART,20150323,125458,114.01,6,0,0,0,0,0
GLD STK SMART,20150323,125542,113.98,1,0,0,0,0,0
GLD STK SMART,20150323,125550,114,2,0,0,0,0,0
GLD STK SMART,20150323,125554,114,1,0,0,0,0,0
GLD STK SMART,20150323,125710,114.01,1,0,0,0,0,0
GLD STK SMART,20150323,125727,113.98,1,0,0,0,0,0
GLD STK SMART,20150323,125849,113.94,1,0,0,0,0,0
GLD STK SMART,20150323,125923,113.94,1,0,0,0,0,0
GLD STK SMART,20150323,130015,113.98,1,0,0,0,0,0
GLD STK SMART,20150323,130102,113.97,1,0,0,0,0,0
GLD STK SMART,20150323,130131,113.97,1,0,0,0,0,0
GLD STK SMART,20150323,130217,113.98,1,0,0,0,0,0
GLD STK SMART,20150323,130349,113.99,1,0,0,0,0,0
GLD STK SMART,20150323,130431,114.01,1,0,0,0,0,0
GLD STK SMART,20150323,130511,114.02,1,0,0,0,0,0
GLD STK SMART,20150323,130523,114,1,0,0,0,0,0
GLD STK SMART,20150323,130652,114,3,0,0,0,0,0
GLD STK SMART,20150323,130654,114.01,1,0,0,0,0,0
GLD STK SMART,20150323,130806,114,1,0,0,0,0,0
GLD STK SMART,20150323,130821,114,1,0,0,0,0,0
GLD STK SMART,20150323,130854,113.97,1,0,0,0,0,0
GLD STK SMART,20150323,130855,113.97,2,0,0,0,0,0
GLD STK SMART,20150323,130928,113.95,1,0,0,0,0,0
GLD STK SMART,20150323,130938,113.91,1,0,0,0,0,0
GLD STK SMART,20150323,130948,113.9,8,0,0,0,0,0
GLD STK SMART,20150323,131003,113.9,1,0,0,0,0,0
GLD STK SMART,20150323,131043,113.91,1,0,0,0,0,0
GLD STK SMART,20150323,131153,113.91,1,0,0,0,0,0
GLD STK SMART,20150323,131204,113.92,1,0,0,0,0,0
GLD STK SMART,20150323,131205,113.92,1,0,0,0,0,0
GLD STK SMART,20150323,131222,113.95,1,0,0,0,0,0
GLD STK SMART,20150323,131240,113.96,1,0,0,0,0,0
GLD STK SMART,20150323,131334,113.95,2,0,0,0,0,0
GLD STK SMART,20150323,131413,113.94,1,0,0,0,0,0
GLD STK SMART,20150323,131442,113.94,1,0,0,0,0,0
GLD STK SMART,20150323,131507,113.95,1,0,0,0,0,0
GLD STK SMART,20150323,131533,113.96,1,0,0,0,0,0
GLD STK SMART,20150323,131600,113.98,2,0,0,0,0,0
GLD STK SMART,20150323,131623,113.99,2,0,0,0,0,0
GLD STK SMART,20150323,131626,113.98,1,0,0,0,0,0
GLD STK SMART,20150323,131643,113.98,1,0,0,0,0,0
GLD STK SMART,20150323,131659,113.99,1,0,0,0,0,0
GLD STK SMART,20150323,131732,113.98,1,0,0,0,0,0
GLD STK SMART,20150323,131748,113.99,1,0,0,0,0,0
GLD STK SMART,20150323,131841,113.99,2,0,0,0,0,0
GLD STK SMART,20150323,131850,113.99,1,0,0,0,0,0
GLD STK SMART,20150323,131925,114,1,0,0,0,0,0
GLD STK SMART,20150323,131937,114.01,1,0,0,0,0,0
GLD STK SMART,20150323,131946,114.02,2,0,0,0,0,0
GLD STK SMART,20150323,132013,114,1,0,0,0,0,0
GLD STK SMART,20150323,132024,114.01,1,0,0,0,0,0
GLD STK SMART,20150323,132025,114.01,2,0,0,0,0,0
GLD STK SMART,20150323,132110,113.98,1,0,0,0,0,0
GLD STK SMART,20150323,132224,113.99,1,0,0,0,0,0
GLD STK SMART,20150323,132244,114,2,0,0,0,0,0
GLD STK SMART,20150323,132248,114.01,1,0,0,0,0,0
GLD STK SMART,20150323,132317,114,1,0,0,0,0,0
GLD STK SMART,20150323,132354,114.01,1,0,0,0,0,0
GLD STK SMART,20150323,132414,114.02,1,0,0,0,0,0
GLD STK SMART,20150323,132421,114.01,1,0,0,0,0,0
GLD STK SMART,20150323,132523,114.02,1,0,0,0,0,0
GLD STK SMART,20150323,132548,114.01,1,0,0,0,0,0
GLD STK SMART,20150323,132645,113.99,1,0,0,0,0,0
GLD STK SMART,20150323,132722,114.01,1,0,0,0,0,0
GLD STK SMART,20150323,132748,114.02,1,0,0,0,0,0
GLD STK SMART,20150323,132802,114.03,1,0,0,0,0,0
GLD STK SMART,20150323,132824,114.02,1,0,0,0,0,0
GLD STK SMART,20150323,132849,114.04,1,0,0,0,0,0
GLD STK SMART,20150323,132905,114.06,1,0,0,0,0,0
GLD STK SMART,20150323,132923,114.08,1,0,0,0,0,0
GLD STK SMART,20150323,132930,114.06,1,0,0,0,0,0
GLD STK SMART,20150323,133020,114.07,2,0,0,0,0,0
GLD STK SMART,20150323,133055,114.07,1,0,0,0,0,0
GLD STK SMART,20150323,133200,114.04,1,0,0,0,0,0
GLD STK SMART,20150323,133224,114.05,1,0,0,0,0,0
GLD STK SMART,20150323,133255,114.03,1,0,0,0,0,0
GLD STK SMART,20150323,133307,114.02,1,0,0,0,0,0
GLD STK SMART,20150323,133319,114.01,1,0,0,0,0,0
GLD STK SMART,20150323,133327,114.02,1,0,0,0,0,0
GLD STK SMART,20150323,133339,114.01,1,0,0,0,0,0
GLD STK SMART,20150323,133447,114.01,1,0,0,0,0,0
GLD STK SMART,20150323,133458,114.02,1,0,0,0,0,0
GLD STK SMART,20150323,133543,114,1,0,0,0,0,0
GLD STK SMART,20150323,133555,114.01,1,0,0,0,0,0
GLD STK SMART,20150323,133556,114.02,1,0,0,0,0,0
GLD STK SMART,20150323,133615,114.02,2,0,0,0,0,0
GLD STK SMART,20150323,133635,114.03,1,0,0,0,0,0
GLD STK SMART,20150323,133824,114.03,1,0,0,0,0,0
GLD STK SMART,20150323,133827,114.04,2,0,0,0,0,0
GLD STK SMART,20150323,133845,114.04,1,0,0,0,0,0
GLD STK SMART,20150323,133913,114.03,1,0,0,0,0,0
GLD STK SMART,20150323,133935,114.04,1,0,0,0,0,0
GLD STK SMART,20150323,134033,114.07,1,0,0,0,0,0
GLD STK SMART,20150323,134036,114.06,1,0,0,0,0,0
GLD STK SMART,20150323,134059,114.05,1,0,0,0,0,0
GLD STK SMART,20150323,134115,114.07,2,0,0,0,0,0
GLD STK SMART,20150323,134129,114.06,1,0,0,0,0,0
GLD STK SMART,20150323,134155,114.04,1,0,0,0,0,0
GLD STK SMART,20150323,134209,114.05,1,0,0,0,0,0
GLD STK SMART,20150323,134219,114.06,1,0,0,0,0,0
GLD STK SMART,20150323,134249,114.05,1,0,0,0,0,0
GLD STK SMART,20150323,134327,114.04,1,0,0,0,0,0
GLD STK SMART,20150323,134422,114.05,2,0,0,0,0,0
GLD STK SMART,20150323,134439,114.05,1,0,0,0,0,0
GLD STK SMART,20150323,134508,114.07,1,0,0,0,0,0
GLD STK SMART,20150323,134526,114.08,1,0,0,0,0,0
GLD STK SMART,20150323,134538,114.07,1,0,0,0,0,0
GLD STK SMART,20150323,134602,114.05,1,0,0,0,0,0
GLD STK SMART,20150323,134703,114.04,1,0,0,0,0,0
GLD STK SMART,20150323,134708,114.03,1,0,0,0,0,0
GLD STK SMART,20150323,134739,114.02,1,0,0,0,0,0
GLD STK SMART,20150323,134758,114.03,1,0,0,0,0,0
GLD STK SMART,20150323,134827,114.02,1,0,0,0,0,0
GLD STK SMART,20150323,134838,114.03,1,0,0,0,0,0
GLD STK SMART,20150323,134905,114.04,1,0,0,0,0,0
GLD STK SMART,20150323,134928,114.05,1,0,0,0,0,0
GLD STK SMART,20150323,134941,114.04,1,0,0,0,0,0
GLD STK SMART,20150323,135037,114.04,1,0,0,0,0,0
GLD STK SMART,20150323,135113,114.04,1,0,0,0,0,0
GLD STK SMART,20150323,135249,114.03,1,0,0,0,0,0
GLD STK SMART,20150323,135415,114.01,1,0,0,0,0,0
GLD STK SMART,20150323,135454,114.02,1,0,0,0,0,0
GLD STK SMART,20150323,135514,114.02,1,0,0,0,0,0
GLD STK SMART,20150323,135536,114.01,4,0,0,0,0,0
GLD STK SMART,20150323,135537,114.01,1,0,0,0,0,0
GLD STK SMART,20150323,135547,114.02,1,0,0,0,0,0
GLD STK SMART,20150323,135629,114.03,1,0,0,0,0,0
GLD STK SMART,20150323,135641,114.02,1,0,0,0,0,0
GLD STK SMART,20150323,135705,114.01,1,0,0,0,0,0
GLD STK SMART,20150323,135829,114.02,2,0,0,0,0,0
GLD STK SMART,20150323,135846,114.04,1,0,0,0,0,0
GLD STK SMART,20150323,135937,114.03,1,0,0,0,0,0
GLD STK SMART,20150323,140012,114.05,1,0,0,0,0,0
GLD STK SMART,20150323,140040,114.04,1,0,0,0,0,0
GLD STK SMART,20150323,140142,114.05,1,0,0,0,0,0
GLD STK SMART,20150323,140153,114.04,1,0,0,0,0,0
GLD STK SMART,20150323,140204,114.05,2,0,0,0,0,0
GLD STK SMART,20150323,140215,114.06,1,0,0,0,0,0
GLD STK SMART,20150323,140228,114.07,1,0,0,0,0,0
GLD STK SMART,20150323,140316,114.05,2,0,0,0,0,0
GLD STK SMART,20150323,140324,114.03,2,0,0,0,0,0
GLD STK SMART,20150323,140414,114.05,1,0,0,0,0,0
GLD STK SMART,20150323,140518,114.06,1,0,0,0,0,0
GLD STK SMART,20150323,140621,114.06,1,0,0,0,0,0
GLD STK SMART,20150323,140706,114.05,2,0,0,0,0,0
GLD STK SMART,20150323,140738,114.04,2,0,0,0,0,0
GLD STK SMART,20150323,140819,114.03,1,0,0,0,0,0
GLD STK SMART,20150323,140833,114.02,1,0,0,0,0,0
GLD STK SMART,20150323,140846,114.02,1,0,0,0,0,0
GLD STK SMART,20150323,140858,114.02,1,0,0,0,0,0
GLD STK SMART,20150323,140915,114.02,3,0,0,0,0,0
GLD STK SMART,20150323,140927,114.02,2,0,0,0,0,0
GLD STK SMART,20150323,141017,114.03,2,0,0,0,0,0
GLD STK SMART,20150323,141020,114.03,1,0,0,0,0,0
GLD STK SMART,20150323,141036,114.04,1,0,0,0,0,0
GLD STK SMART,20150323,141045,114.03,1,0,0,0,0,0
GLD STK SMART,20150323,141103,114.04,1,0,0,0,0,0
GLD STK SMART,20150323,141122,114.04,1,0,0,0,0,0
GLD STK SMART,20150323,141158,114.03,1,0,0,0,0,0
GLD STK SMART,20150323,141215,114.02,1,0,0,0,0,0
GLD STK SMART,20150323,141313,114.01,1,0,0,0,0,0
GLD STK SMART,20150323,141320,114.02,1,0,0,0,0,0
GLD STK SMART,20150323,141417,114.03,1,0,0,0,0,0
GLD STK SMART,20150323,141501,114.02,1,0,0,0,0,0
GLD STK SMART,20150323,141530,114.02,2,0,0,0,0,0
GLD STK SMART,20150323,141606,114.01,1,0,0,0,0,0
GLD STK SMART,20150323,141616,114.01,1,0,0,0,0,0
GLD STK SMART,20150323,141736,114.01,1,0,0,0,0,0
GLD STK SMART,20150323,141747,114,1,0,0,0,0,0
GLD STK SMART,20150323,141753,113.99,1,0,0,0,0,0
GLD STK SMART,20150323,141800,114,1,0,0,0,0,0
GLD STK SMART,20150323,141836,114.01,1,0,0,0,0,0
GLD STK SMART,20150323,141914,114,1,0,0,0,0,0
GLD STK SMART,20150323,141934,114.01,1,0,0,0,0,0
GLD STK SMART,20150323,141943,114.02,1,0,0,0,0,0
GLD STK SMART,20150323,142025,114.04,1,0,0,0,0,0
GLD STK SMART,20150323,142135,114.04,2,0,0,0,0,0
GLD STK SMART,20150323,142223,114.03,1,0,0,0,0,0
GLD STK SMART,20150323,142324,114.04,1,0,0,0,0,0
GLD STK SMART,20150323,142404,114.03,1,0,0,0,0,0
GLD STK SMART,20150323,142427,114.03,2,0,0,0,0,0
GLD STK SMART,20150323,142432,114.03,2,0,0,0,0,0
GLD STK SMART,20150323,142501,114.01,1,0,0,0,0,0
GLD STK SMART,20150323,142519,114.03,1,0,0,0,0,0
GLD STK SMART,20150323,142627,114,1,0,0,0,0,0
GLD STK SMART,20150323,142633,114,1,0,0,0,0,0
GLD STK SMART,20150323,142639,114.01,1,0,0,0,0,0
GLD STK SMART,20150323,142726,114.01,1,0,0,0,0,0
GLD STK SMART,20150323,142748,114,1,0,0,0,0,0
GLD STK SMART,20150323,142759,114,1,0,0,0,0,0
GLD STK SMART,20150323,142828,114.01,1,0,0,0,0,0
GLD STK SMART,20150323,142908,114.02,1,0,0,0,0,0
GLD STK SMART,20150323,142921,114.01,1,0,0,0,0,0
GLD STK SMART,20150323,142946,114.02,1,0,0,0,0,0
GLD STK SMART,20150323,142951,114.03,1,0,0,0,0,0
GLD STK SMART,20150323,143023,114.02,1,0,0,0,0,0
GLD STK SMART,20150323,143037,114.02,1,0,0,0,0,0
GLD STK SMART,20150323,143041,114.04,1,0,0,0,0,0
GLD STK SMART,20150323,143118,114.02,2,0,0,0,0,0
GLD STK SMART,20150323,143119,114.02,1,0,0,0,0,0
GLD STK SMART,20150323,143337,114.09,1,0,0,0,0,0
GLD STK SMART,20150323,143348,114.11,2,0,0,0,0,0
GLD STK SMART,20150323,143353,114.1,1,0,0,0,0,0
GLD STK SMART,20150323,143408,114.1,3,0,0,0,0,0
GLD STK SMART,20150323,143413,114.08,2,0,0,0,0,0
GLD STK SMART,20150323,143503,114.09,1,0,0,0,0,0
GLD STK SMART,20150323,143514,114.1,1,0,0,0,0,0
GLD STK SMART,20150323,143607,114.13,2,0,0,0,0,0
GLD STK SMART,20150323,143638,114.14,1,0,0,0,0,0
GLD STK SMART,20150323,143645,114.13,1,0,0,0,0,0
GLD STK SMART,20150323,143650,114.14,1,0,0,0,0,0
GLD STK SMART,20150323,143705,114.13,2,0,0,0,0,0
GLD STK SMART,20150323,143711,114.13,1,0,0,0,0,0
GLD STK SMART,20150323,143736,114.14,2,0,0,0,0,0
GLD STK SMART,20150323,143746,114.15,2,0,0,0,0,0
GLD STK SMART,20150323,143752,114.15,2,0,0,0,0,0
GLD STK SMART,20150323,143806,114.15,1,0,0,0,0,0
GLD STK SMART,20150323,143852,114.15,1,0,0,0,0,0
GLD STK SMART,20150323,143902,114.14,1,0,0,0,0,0
GLD STK SMART,20150323,143946,114.15,1,0,0,0,0,0
GLD STK SMART,20150323,144008,114.14,2,0,0,0,0,0
GLD STK SMART,20150323,144010,114.15,1,0,0,0,0,0
GLD STK SMART,20150323,144053,114.15,2,0,0,0,0,0
GLD STK SMART,20150323,144302,114.14,1,0,0,0,0,0
GLD STK SMART,20150323,144328,114.14,1,0,0,0,0,0
GLD STK SMART,20150323,144337,114.14,2,0,0,0,0,0
GLD STK SMART,20150323,144344,114.14,1,0,0,0,0,0
GLD STK SMART,20150323,144352,114.14,1,0,0,0,0,0
GLD STK SMART,20150323,144428,114.14,2,0,0,0,0,0
GLD STK SMART,20150323,144436,114.14,2,0,0,0,0,0
GLD STK SMART,20150323,144500,114.14,1,0,0,0,0,0
GLD STK SMART,20150323,144629,114.14,2,0,0,0,0,0
GLD STK SMART,20150323,144647,114.14,1,0,0,0,0,0
GLD STK SMART,20150323,144716,114.15,2,0,0,0,0,0
GLD STK SMART,20150323,144751,114.14,1,0,0,0,0,0
GLD STK SMART,20150323,144819,114.14,2,0,0,0,0,0
GLD STK SMART,20150323,145005,114.15,1,0,0,0,0,0
GLD STK SMART,20150323,145050,114.15,1,0,0,0,0,0
GLD STK SMART,20150323,145106,114.24,1,0,0,0,0,0
GLD STK SMART,20150323,145115,114.21,1,0,0,0,0,0
GLD STK SMART,20150323,145129,114.26,9,0,0,0,0,0
GLD STK SMART,20150323,145136,114.26,1,0,0,0,0,0
GLD STK SMART,20150323,145147,114.24,1,0,0,0,0,0
GLD STK SMART,20150323,145156,114.22,2,0,0,0,0,0
GLD STK SMART,20150323,145214,114.2,4,0,0,0,0,0
GLD STK SMART,20150323,145238,114.22,1,0,0,0,0,0
GLD STK SMART,20150323,145316,114.21,1,0,0,0,0,0
GLD STK SMART,20150323,145321,114.22,1,0,0,0,0,0
GLD STK SMART,20150323,145336,114.23,1,0,0,0,0,0
GLD STK SMART,20150323,145341,114.23,2,0,0,0,0,0
GLD STK SMART,20150323,145358,114.23,1,0,0,0,0,0
GLD STK SMART,20150323,145408,114.23,1,0,0,0,0,0
GLD STK SMART,20150323,145419,114.24,1,0,0,0,0,0
GLD STK SMART,20150323,145440,114.25,1,0,0,0,0,0
GLD STK SMART,20150323,145454,114.26,1,0,0,0,0,0
GLD STK SMART,20150323,145509,114.25,1,0,0,0,0,0
GLD STK SMART,20150323,145517,114.26,1,0,0,0,0,0
GLD STK SMART,20150323,145524,114.24,3,0,0,0,0,0
GLD STK SMART,20150323,145533,114.26,1,0,0,0,0,0
GLD STK SMART,20150323,145609,114.25,1,0,0,0,0,0
GLD STK SMART,20150323,145647,114.24,1,0,0,0,0,0
GLD STK SMART,20150323,145828,114.23,1,0,0,0,0,0
GLD STK SMART,20150323,145853,114.24,1,0,0,0,0,0
GLD STK SMART,20150323,150024,114.25,1,0,0,0,0,0
GLD STK SMART,20150323,150101,114.24,1,0,0,0,0,0
GLD STK SMART,20150323,150216,114.25,1,0,0,0,0,0
GLD STK SMART,20150323,150222,114.25,1,0,0,0,0,0
GLD STK SMART,20150323,150326,114.29,1,0,0,0,0,0
GLD STK SMART,20150323,150338,114.3,3,0,0,0,0,0
GLD STK SMART,20150323,150348,114.29,2,0,0,0,0,0
GLD STK SMART,20150323,150414,114.28,1,0,0,0,0,0
GLD STK SMART,20150323,150422,114.28,1,0,0,0,0,0
GLD STK SMART,20150323,150443,114.27,1,0,0,0,0,0
GLD STK SMART,20150323,150500,114.29,1,0,0,0,0,0
GLD STK SMART,20150323,150511,114.3,1,0,0,0,0,0
GLD STK SMART,20150323,150523,114.3,2,0,0,0,0,0
GLD STK SMART,20150323,150604,114.31,1,0,0,0,0,0
GLD STK SMART,20150323,150612,114.3,1,0,0,0,0,0
GLD STK SMART,20150323,150735,114.26,1,0,0,0,0,0
GLD STK SMART,20150323,150747,114.28,1,0,0,0,0,0
GLD STK SMART,20150323,150756,114.26,2,0,0,0,0,0
GLD STK SMART,20150323,150808,114.27,1,0,0,0,0,0
GLD STK SMART,20150323,150819,114.28,1,0,0,0,0,0
GLD STK SMART,20150323,150847,114.26,1,0,0,0,0,0
GLD STK SMART,20150323,150906,114.25,1,0,0,0,0,0
GLD STK SMART,20150323,150910,114.24,4,0,0,0,0,0
GLD STK SMART,20150323,150932,114.25,1,0,0,0,0,0
GLD STK SMART,20150323,151059,114.23,1,0,0,0,0,0
GLD STK SMART,20150323,151101,114.24,1,0,0,0,0,0
GLD STK SMART,20150323,151115,114.25,6,0,0,0,0,0
GLD STK SMART,20150323,151122,114.26,1,0,0,0,0,0
GLD STK SMART,20150323,151145,114.27,1,0,0,0,0,0
GLD STK SMART,20150323,151207,114.29,17,0,0,0,0,0
GLD STK SMART,20150323,151222,114.29,1,0,0,0,0,0
GLD STK SMART,20150323,151237,114.28,1,0,0,0,0,0
GLD STK SMART,20150323,151256,114.29,1,0,0,0,0,0
GLD STK SMART,20150323,151336,114.3,1,0,0,0,0,0
GLD STK SMART,20150323,151345,114.31,1,0,0,0,0,0
GLD STK SMART,20150323,151409,114.29,2,0,0,0,0,0
GLD STK SMART,20150323,151419,114.29,2,0,0,0,0,0
GLD STK SMART,20150323,151430,114.28,1,0,0,0,0,0
GLD STK SMART,20150323,151433,114.27,1,0,0,0,0,0
GLD STK SMART,20150323,151450,114.26,2,0,0,0,0,0
GLD STK SMART,20150323,151459,114.26,1,0,0,0,0,0
GLD STK SMART,20150323,151526,114.25,1,0,0,0,0,0
GLD STK SMART,20150323,151536,114.26,1,0,0,0,0,0
GLD STK SMART,20150323,151555,114.25,1,0,0,0,0,0
GLD STK SMART,20150323,151620,114.26,2,0,0,0,0,0
GLD STK SMART,20150323,151621,114.26,1,0,0,0,0,0
GLD STK SMART,20150323,151640,114.26,10,0,0,0,0,0
GLD STK SMART,20150323,151657,114.28,2,0,0,0,0,0
GLD STK SMART,20150323,151702,114.28,3,0,0,0,0,0
GLD STK SMART,20150323,151717,114.29,1,0,0,0,0,0
GLD STK SMART,20150323,151723,114.31,1,0,0,0,0,0
GLD STK SMART,20150323,151748,114.32,1,0,0,0,0,0
GLD STK SMART,20150323,151810,114.32,2,0,0,0,0,0
GLD STK SMART,20150323,151825,114.32,2,0,0,0,0,0
GLD STK SMART,20150323,151840,114.31,2,0,0,0,0,0
GLD STK SMART,20150323,151844,114.31,1,0,0,0,0,0
GLD STK SMART,20150323,151915,114.32,1,0,0,0,0,0
GLD STK SMART,20150323,151953,114.31,1,0,0,0,0,0
GLD STK SMART,20150323,152020,114.3,1,0,0,0,0,0
GLD STK SMART,20150323,152045,114.3,2,0,0,0,0,0
GLD STK SMART,20150323,152059,114.3,2,0,0,0,0,0
GLD STK SMART,20150323,152152,114.28,1,0,0,0,0,0
GLD STK SMART,20150323,152247,114.3,1,0,0,0,0,0
GLD STK SMART,20150323,152308,114.29,1,0,0,0,0,0
GLD STK SMART,20150323,152321,114.3,1,0,0,0,0,0
GLD STK SMART,20150323,152340,114.31,2,0,0,0,0,0
GLD STK SMART,20150323,152345,114.32,1,0,0,0,0,0
GLD STK SMART,20150323,152353,114.31,2,0,0,0,0,0
GLD STK SMART,20150323,152411,114.3,1,0,0,0,0,0
GLD STK SMART,20150323,152411,114.31,1,0,0,0,0,0
GLD STK SMART,20150323,152429,114.32,1,0,0,0,0,0
GLD STK SMART,20150323,152452,114.31,2,0,0,0,0,0
GLD STK SMART,20150323,152502,114.32,1,0,0,0,0,0
GLD STK SMART,20150323,152531,114.33,1,0,0,0,0,0
GLD STK SMART,20150323,152535,114.35,1,0,0,0,0,0
GLD STK SMART,20150323,152549,114.34,1,0,0,0,0,0
GLD STK SMART,20150323,152605,114.35,1,0,0,0,0,0
GLD STK SMART,20150323,152618,114.35,1,0,0,0,0,0
GLD STK SMART,20150323,152631,114.35,1,0,0,0,0,0
GLD STK SMART,20150323,152635,114.36,1,0,0,0,0,0
GLD STK SMART,20150323,152700,114.36,2,0,0,0,0,0
GLD STK SMART,20150323,152705,114.36,1,0,0,0,0,0
GLD STK SMART,20150323,152731,114.35,1,0,0,0,0,0
GLD STK SMART,20150323,152734,114.34,1,0,0,0,0,0
GLD STK SMART,20150323,152801,114.34,1,0,0,0,0,0
GLD STK SMART,20150323,152817,114.31,1,0,0,0,0,0
GLD STK SMART,20150323,152839,114.32,1,0,0,0,0,0
GLD STK SMART,20150323,152851,114.32,3,0,0,0,0,0
GLD STK SMART,20150323,152851,114.32,2,0,0,0,0,0
GLD STK SMART,20150323,152908,114.32,2,0,0,0,0,0
GLD STK SMART,20150323,152914,114.31,1,0,0,0,0,0
GLD STK SMART,20150323,152928,114.31,1,0,0,0,0,0
GLD STK SMART,20150323,153001,114.3,1,0,0,0,0,0
GLD STK SMART,20150323,153016,114.31,1,0,0,0,0,0
GLD STK SMART,20150323,153021,114.31,2,0,0,0,0,0
GLD STK SMART,20150323,153050,114.33,1,0,0,0,0,0
GLD STK SMART,20150323,153054,114.32,1,0,0,0,0,0
GLD STK SMART,20150323,153107,114.32,1,0,0,0,0,0
GLD STK SMART,20150323,153120,114.33,1,0,0,0,0,0
GLD STK SMART,20150323,153127,114.33,1,0,0,0,0,0
GLD STK SMART,20150323,153146,114.34,4,0,0,0,0,0
GLD STK SMART,20150323,153155,114.35,1,0,0,0,0,0
GLD STK SMART,20150323,153241,114.36,1,0,0,0,0,0
GLD STK SMART,20150323,153248,114.36,1,0,0,0,0,0
GLD STK SMART,20150323,153305,114.35,1,0,0,0,0,0
GLD STK SMART,20150323,153401,114.36,1,0,0,0,0,0
GLD STK SMART,20150323,153420,114.36,3,0,0,0,0,0
GLD STK SMART,20150323,153435,114.35,1,0,0,0,0,0
GLD STK SMART,20150323,153449,114.35,1,0,0,0,0,0
GLD STK SMART,20150323,153458,114.36,2,0,0,0,0,0
GLD STK SMART,20150323,153509,114.36,1,0,0,0,0,0
GLD STK SMART,20150323,153527,114.36,1,0,0,0,0,0
GLD STK SMART,20150323,153556,114.36,1,0,0,0,0,0
GLD STK SMART,20150323,153607,114.35,1,0,0,0,0,0
GLD STK SMART,20150323,153623,114.36,1,0,0,0,0,0
GLD STK SMART,20150323,153707,114.36,1,0,0,0,0,0
GLD STK SMART,20150323,153740,114.35,1,0,0,0,0,0
GLD STK SMART,20150323,153759,114.36,1,0,0,0,0,0
GLD STK SMART,20150323,153807,114.37,2,0,0,0,0,0
GLD STK SMART,20150323,153817,114.36,1,0,0,0,0,0
GLD STK SMART,20150323,153842,114.35,1,0,0,0,0,0
GLD STK SMART,20150323,153921,114.34,1,0,0,0,0,0
GLD STK SMART,20150323,153923,114.34,1,0,0,0,0,0
GLD STK SMART,20150323,153942,114.33,1,0,0,0,0,0
GLD STK SMART,20150323,153956,114.34,1,0,0,0,0,0
GLD STK SMART,20150323,154011,114.33,1,0,0,0,0,0
GLD STK SMART,20150323,154021,114.33,1,0,0,0,0,0
GLD STK SMART,20150323,154030,114.32,1,0,0,0,0,0
GLD STK SMART,20150323,154108,114.31,2,0,0,0,0,0
GLD STK SMART,20150323,154121,114.29,1,0,0,0,0,0
GLD STK SMART,20150323,154130,114.3,2,0,0,0,0,0
GLD STK SMART,20150323,154142,114.29,1,0,0,0,0,0
GLD STK SMART,20150323,154148,114.3,1,0,0,0,0,0
GLD STK SMART,20150323,154201,114.31,2,0,0,0,0,0
GLD STK SMART,20150323,154221,114.29,2,0,0,0,0,0
GLD STK SMART,20150323,154229,114.29,2,0,0,0,0,0
GLD STK SMART,20150323,154240,114.29,1,0,0,0,0,0
GLD STK SMART,20150323,154325,114.28,1,0,0,0,0,0
GLD STK SMART,20150323,154339,114.31,1,0,0,0,0,0
GLD STK SMART,20150323,154348,114.32,1,0,0,0,0,0
GLD STK SMART,20150323,154427,114.31,1,0,0,0,0,0
GLD STK SMART,20150323,154459,114.32,1,0,0,0,0,0
GLD STK SMART,20150323,154534,114.31,2,0,0,0,0,0
GLD STK SMART,20150323,154601,114.3,1,0,0,0,0,0
GLD STK SMART,20150323,154609,114.3,1,0,0,0,0,0
GLD STK SMART,20150323,154633,114.31,1,0,0,0,0,0
GLD STK SMART,20150323,154650,114.3,2,0,0,0,0,0
GLD STK SMART,20150323,154707,114.3,1,0,0,0,0,0
GLD STK SMART,20150323,154716,114.31,1,0,0,0,0,0
GLD STK SMART,20150323,154750,114.31,2,0,0,0,0,0
GLD STK SMART,20150323,154759,114.31,2,0,0,0,0,0
GLD STK SMART,20150323,154812,114.31,2,0,0,0,0,0
GLD STK SMART,20150323,154813,114.31,3,0,0,0,0,0
GLD STK SMART,20150323,154824,114.32,1,0,0,0,0,0
GLD STK SMART,20150323,154850,114.32,2,0,0,0,0,0
GLD STK SMART,20150323,154902,114.3,1,0,0,0,0,0
GLD STK SMART,20150323,154904,114.3,1,0,0,0,0,0
GLD STK SMART,20150323,154916,114.29,1,0,0,0,0,0
GLD STK SMART,20150323,154922,114.28,1,0,0,0,0,0
GLD STK SMART,20150323,154942,114.29,2,0,0,0,0,0
GLD STK SMART,20150323,154949,114.28,1,0,0,0,0,0
GLD STK SMART,20150323,154959,114.29,1,0,0,0,0,0
GLD STK SMART,20150323,155010,114.29,1,0,0,0,0,0
GLD STK SMART,20150323,155017,114.29,1,0,0,0,0,0
GLD STK SMART,20150323,155037,114.29,3,0,0,0,0,0
GLD STK SMART,20150323,155045,114.29,2,0,0,0,0,0
GLD STK SMART,20150323,155059,114.3,2,0,0,0,0,0
GLD STK SMART,20150323,155110,114.3,1,0,0,0,0,0
GLD STK SMART,20150323,155122,114.29,1,0,0,0,0,0
GLD STK SMART,20150323,155127,114.29,1,0,0,0,0,0
GLD STK SMART,20150323,155221,114.3,1,0,0,0,0,0
GLD STK SMART,20150323,155300,114.3,2,0,0,0,0,0
GLD STK SMART,20150323,155322,114.3,2,0,0,0,0,0
GLD STK SMART,20150323,155326,114.31,1,0,0,0,0,0
GLD STK SMART,20150323,155345,114.3,1,0,0,0,0,0
GLD STK SMART,20150323,155432,114.3,1,0,0,0,0,0
GLD STK SMART,20150323,155438,114.31,1,0,0,0,0,0
GLD STK SMART,20150323,155444,114.3,1,0,0,0,0,0
GLD STK SMART,20150323,155502,114.3,1,0,0,0,0,0
GLD STK SMART,20150323,155527,114.31,1,0,0,0,0,0
GLD STK SMART,20150323,155538,114.29,1,0,0,0,0,0
GLD STK SMART,20150323,155545,114.27,2,0,0,0,0,0
GLD STK SMART,20150323,155602,114.27,1,0,0,0,0,0
GLD STK SMART,20150323,155611,114.29,1,0,0,0,0,0
GLD STK SMART,20150323,155615,114.28,1,0,0,0,0,0
GLD STK SMART,20150323,155632,114.28,6,0,0,0,0,0
GLD STK SMART,20150323,155633,114.28,11,0,0,0,0,0
GLD STK SMART,20150323,155643,114.28,1,0,0,0,0,0
GLD STK SMART,20150323,155657,114.28,1,0,0,0,0,0
GLD STK SMART,20150323,155705,114.28,1,0,0,0,0,0
GLD STK SMART,20150323,155721,114.3,1,0,0,0,0,0
GLD STK SMART,20150323,155730,114.28,4,0,0,0,0,0
GLD STK SMART,20150323,155742,114.28,1,0,0,0,0,0
GLD STK SMART,20150323,155746,114.28,4,0,0,0,0,0
GLD STK SMART,20150323,155756,114.26,1,0,0,0,0,0
GLD STK SMART,20150323,155815,114.26,1,0,0,0,0,0
GLD STK SMART,20150323,155829,114.26,1,0,0,0,0,0
GLD STK SMART,20150323,155841,114.24,1,0,0,0,0,0
GLD STK SMART,20150323,155852,114.23,2,0,0,0,0,0
GLD STK SMART,20150323,155901,114.27,1,0,0,0,0,0
GLD STK SMART,20150323,155911,114.25,1,0,0,0,0,0
GLD STK SMART,20150323,155918,114.24,1,0,0,0,0,0
GLD STK SMART,20150323,155923,114.23,2,0,0,0,0,0
GLD STK SMART,20150323,165418,114.14,5,0,0,0,0,0
GLD STK SMART,20150323,171942,114.14,1,0,0,0,0,0
GLD STK SMART,20150323,194651,114.25,5,0,0,0,0,0
