1623                
SLB STK SMART,20150323,81754,82.15,1,0,0,0,0,0
SLB STK SMART,20150323,91405,82.14,1,0,0,0,0,0
SLB STK SMART,20150323,92928,82.49,2,0,0,0,0,0
SLB STK SMART,20150323,93003,82.63,1,0,0,0,0,0
SLB STK SMART,20150323,93029,82.75,1,0,0,0,0,0
SLB STK SMART,20150323,93041,82.7,1,0,0,0,0,0
SLB STK SMART,20150323,93057,82.79,1,0,0,0,0,0
SLB STK SMART,20150323,93107,82.76,1,0,0,0,0,0
SLB STK SMART,20150323,93108,82.75,1,0,0,0,0,0
SLB STK SMART,20150323,93123,82.9,1,0,0,0,0,0
SLB STK SMART,20150323,93154,82.87,2,0,0,0,0,0
SLB STK SMART,20150323,93204,82.87,1,0,0,0,0,0
SLB STK SMART,20150323,93227,82.86,1,0,0,0,0,0
SLB STK SMART,20150323,93234,82.82,1,0,0,0,0,0
SLB STK SMART,20150323,93241,82.77,1,0,0,0,0,0
SLB STK SMART,20150323,93257,82.78,2,0,0,0,0,0
SLB STK SMART,20150323,93306,82.74,1,0,0,0,0,0
SLB STK SMART,20150323,93327,82.78,2,0,0,0,0,0
SLB STK SMART,20150323,93337,82.81,2,0,0,0,0,0
SLB STK SMART,20150323,93346,82.71,1,0,0,0,0,0
SLB STK SMART,20150323,93357,82.75,1,0,0,0,0,0
SLB STK SMART,20150323,93406,82.82,1,0,0,0,0,0
SLB STK SMART,20150323,93413,82.76,1,0,0,0,0,0
SLB STK SMART,20150323,93419,82.77,2,0,0,0,0,0
SLB STK SMART,20150323,93436,82.77,1,0,0,0,0,0
SLB STK SMART,20150323,93441,82.79,1,0,0,0,0,0
SLB STK SMART,20150323,93455,82.8,1,0,0,0,0,0
SLB STK SMART,20150323,93502,82.81,1,0,0,0,0,0
SLB STK SMART,20150323,93527,82.86,1,0,0,0,0,0
SLB STK SMART,20150323,93534,82.85,1,0,0,0,0,0
SLB STK SMART,20150323,93544,82.86,1,0,0,0,0,0
SLB STK SMART,20150323,93558,82.76,1,0,0,0,0,0
SLB STK SMART,20150323,93558,82.76,2,0,0,0,0,0
SLB STK SMART,20150323,93616,82.8,2,0,0,0,0,0
SLB STK SMART,20150323,93622,82.77,1,0,0,0,0,0
SLB STK SMART,20150323,93635,82.77,1,0,0,0,0,0
SLB STK SMART,20150323,93642,82.79,1,0,0,0,0,0
SLB STK SMART,20150323,93657,82.8,3,0,0,0,0,0
SLB STK SMART,20150323,93705,82.8,1,0,0,0,0,0
SLB STK SMART,20150323,93717,82.76,1,0,0,0,0,0
SLB STK SMART,20150323,93727,82.78,1,0,0,0,0,0
SLB STK SMART,20150323,93736,82.78,1,0,0,0,0,0
SLB STK SMART,20150323,93743,82.79,1,0,0,0,0,0
SLB STK SMART,20150323,93758,82.99,1,0,0,0,0,0
SLB STK SMART,20150323,93808,82.98,1,0,0,0,0,0
SLB STK SMART,20150323,93818,83.04,1,0,0,0,0,0
SLB STK SMART,20150323,93821,83.1,1,0,0,0,0,0
SLB STK SMART,20150323,93836,83.1,2,0,0,0,0,0
SLB STK SMART,20150323,93841,83.09,1,0,0,0,0,0
SLB STK SMART,20150323,93856,83.07,1,0,0,0,0,0
SLB STK SMART,20150323,93910,83.06,1,0,0,0,0,0
SLB STK SMART,20150323,93921,83.07,1,0,0,0,0,0
SLB STK SMART,20150323,93937,83.2,1,0,0,0,0,0
SLB STK SMART,20150323,93945,83.2,1,0,0,0,0,0
SLB STK SMART,20150323,94005,83.22,1,0,0,0,0,0
SLB STK SMART,20150323,94014,83.21,1,0,0,0,0,0
SLB STK SMART,20150323,94026,83.19,1,0,0,0,0,0
SLB STK SMART,20150323,94038,83.17,1,0,0,0,0,0
SLB STK SMART,20150323,94041,83.18,1,0,0,0,0,0
SLB STK SMART,20150323,94057,83.11,1,0,0,0,0,0
SLB STK SMART,20150323,94106,83.13,1,0,0,0,0,0
SLB STK SMART,20150323,94116,83.12,1,0,0,0,0,0
SLB STK SMART,20150323,94128,83.14,1,0,0,0,0,0
SLB STK SMART,20150323,94136,83.13,1,0,0,0,0,0
SLB STK SMART,20150323,94148,83.15,1,0,0,0,0,0
SLB STK SMART,20150323,94158,83.19,1,0,0,0,0,0
SLB STK SMART,20150323,94207,83.19,1,0,0,0,0,0
SLB STK SMART,20150323,94216,83.22,1,0,0,0,0,0
SLB STK SMART,20150323,94228,83.3,1,0,0,0,0,0
SLB STK SMART,20150323,94234,83.19,2,0,0,0,0,0
SLB STK SMART,20150323,94247,83.2,1,0,0,0,0,0
SLB STK SMART,20150323,94258,83.34,1,0,0,0,0,0
SLB STK SMART,20150323,94306,83.33,1,0,0,0,0,0
SLB STK SMART,20150323,94317,83.39,1,0,0,0,0,0
SLB STK SMART,20150323,94326,83.44,1,0,0,0,0,0
SLB STK SMART,20150323,94336,83.43,4,0,0,0,0,0
SLB STK SMART,20150323,94348,83.43,1,0,0,0,0,0
SLB STK SMART,20150323,94357,83.47,1,0,0,0,0,0
SLB STK SMART,20150323,94404,83.42,1,0,0,0,0,0
SLB STK SMART,20150323,94418,83.46,2,0,0,0,0,0
SLB STK SMART,20150323,94418,83.46,1,0,0,0,0,0
SLB STK SMART,20150323,94431,83.48,1,0,0,0,0,0
SLB STK SMART,20150323,94445,83.45,1,0,0,0,0,0
SLB STK SMART,20150323,94457,83.44,1,0,0,0,0,0
SLB STK SMART,20150323,94508,83.49,1,0,0,0,0,0
SLB STK SMART,20150323,94517,83.5,1,0,0,0,0,0
SLB STK SMART,20150323,94520,83.49,1,0,0,0,0,0
SLB STK SMART,20150323,94535,83.52,1,0,0,0,0,0
SLB STK SMART,20150323,94544,83.54,1,0,0,0,0,0
SLB STK SMART,20150323,94556,83.54,1,0,0,0,0,0
SLB STK SMART,20150323,94608,83.52,1,0,0,0,0,0
SLB STK SMART,20150323,94612,83.51,1,0,0,0,0,0
SLB STK SMART,20150323,94627,83.54,3,0,0,0,0,0
SLB STK SMART,20150323,94636,83.53,1,0,0,0,0,0
SLB STK SMART,20150323,94643,83.46,1,0,0,0,0,0
SLB STK SMART,20150323,94655,83.42,1,0,0,0,0,0
SLB STK SMART,20150323,94703,83.45,1,0,0,0,0,0
SLB STK SMART,20150323,94717,83.46,1,0,0,0,0,0
SLB STK SMART,20150323,94728,83.43,1,0,0,0,0,0
SLB STK SMART,20150323,94733,83.41,1,0,0,0,0,0
SLB STK SMART,20150323,94743,83.39,1,0,0,0,0,0
SLB STK SMART,20150323,94758,83.31,1,0,0,0,0,0
SLB STK SMART,20150323,94800,83.32,1,0,0,0,0,0
SLB STK SMART,20150323,94816,83.33,1,0,0,0,0,0
SLB STK SMART,20150323,94827,83.27,1,0,0,0,0,0
SLB STK SMART,20150323,94837,83.26,1,0,0,0,0,0
SLB STK SMART,20150323,94846,83.26,1,0,0,0,0,0
SLB STK SMART,20150323,94908,83.22,1,0,0,0,0,0
SLB STK SMART,20150323,94918,83.18,1,0,0,0,0,0
SLB STK SMART,20150323,94925,83.19,1,0,0,0,0,0
SLB STK SMART,20150323,94938,83.21,1,0,0,0,0,0
SLB STK SMART,20150323,94948,83.17,1,0,0,0,0,0
SLB STK SMART,20150323,94957,83.15,1,0,0,0,0,0
SLB STK SMART,20150323,95004,83.1,1,0,0,0,0,0
SLB STK SMART,20150323,95016,83.07,1,0,0,0,0,0
SLB STK SMART,20150323,95025,83.09,1,0,0,0,0,0
SLB STK SMART,20150323,95033,83.1,1,0,0,0,0,0
SLB STK SMART,20150323,95044,83.07,1,0,0,0,0,0
SLB STK SMART,20150323,95101,83.03,1,0,0,0,0,0
SLB STK SMART,20150323,95113,83.05,1,0,0,0,0,0
SLB STK SMART,20150323,95125,83,3,0,0,0,0,0
SLB STK SMART,20150323,95156,83,1,0,0,0,0,0
SLB STK SMART,20150323,95207,83,1,0,0,0,0,0
SLB STK SMART,20150323,95218,83,1,0,0,0,0,0
SLB STK SMART,20150323,95222,82.99,1,0,0,0,0,0
SLB STK SMART,20150323,95238,82.98,1,0,0,0,0,0
SLB STK SMART,20150323,95248,82.96,8,0,0,0,0,0
SLB STK SMART,20150323,95250,82.95,1,0,0,0,0,0
SLB STK SMART,20150323,95308,82.9,6,0,0,0,0,0
SLB STK SMART,20150323,95317,82.85,1,0,0,0,0,0
SLB STK SMART,20150323,95337,82.82,1,0,0,0,0,0
SLB STK SMART,20150323,95347,82.84,1,0,0,0,0,0
SLB STK SMART,20150323,95358,82.82,1,0,0,0,0,0
SLB STK SMART,20150323,95403,82.82,1,0,0,0,0,0
SLB STK SMART,20150323,95409,82.81,1,0,0,0,0,0
SLB STK SMART,20150323,95428,82.79,1,0,0,0,0,0
SLB STK SMART,20150323,95437,82.79,1,0,0,0,0,0
SLB STK SMART,20150323,95457,82.71,1,0,0,0,0,0
SLB STK SMART,20150323,95507,82.73,1,0,0,0,0,0
SLB STK SMART,20150323,95510,82.75,1,0,0,0,0,0
SLB STK SMART,20150323,95527,82.73,1,0,0,0,0,0
SLB STK SMART,20150323,95534,82.75,1,0,0,0,0,0
SLB STK SMART,20150323,95549,82.74,1,0,0,0,0,0
SLB STK SMART,20150323,95607,82.82,1,0,0,0,0,0
SLB STK SMART,20150323,95611,82.85,1,0,0,0,0,0
SLB STK SMART,20150323,95627,82.85,1,0,0,0,0,0
SLB STK SMART,20150323,95635,82.89,1,0,0,0,0,0
SLB STK SMART,20150323,95644,82.91,1,0,0,0,0,0
SLB STK SMART,20150323,95657,82.92,1,0,0,0,0,0
SLB STK SMART,20150323,95708,82.94,1,0,0,0,0,0
SLB STK SMART,20150323,95711,82.96,1,0,0,0,0,0
SLB STK SMART,20150323,95808,82.99,1,0,0,0,0,0
SLB STK SMART,20150323,95827,83.01,1,0,0,0,0,0
SLB STK SMART,20150323,95844,83,1,0,0,0,0,0
SLB STK SMART,20150323,95915,83,1,0,0,0,0,0
SLB STK SMART,20150323,95926,83,1,0,0,0,0,0
SLB STK SMART,20150323,95937,83.02,1,0,0,0,0,0
SLB STK SMART,20150323,95948,82.97,1,0,0,0,0,0
SLB STK SMART,20150323,95958,82.94,1,0,0,0,0,0
SLB STK SMART,20150323,100005,82.85,1,0,0,0,0,0
SLB STK SMART,20150323,100014,82.86,1,0,0,0,0,0
SLB STK SMART,20150323,100027,82.84,1,0,0,0,0,0
SLB STK SMART,20150323,100039,82.91,1,0,0,0,0,0
SLB STK SMART,20150323,100046,82.9,1,0,0,0,0,0
SLB STK SMART,20150323,100054,82.86,1,0,0,0,0,0
SLB STK SMART,20150323,100100,82.87,1,0,0,0,0,0
SLB STK SMART,20150323,100129,82.88,1,0,0,0,0,0
SLB STK SMART,20150323,100133,82.89,1,0,0,0,0,0
SLB STK SMART,20150323,100147,82.89,1,0,0,0,0,0
SLB STK SMART,20150323,100154,82.89,1,0,0,0,0,0
SLB STK SMART,20150323,100210,82.88,1,0,0,0,0,0
SLB STK SMART,20150323,100229,82.89,1,0,0,0,0,0
SLB STK SMART,20150323,100238,82.92,1,0,0,0,0,0
SLB STK SMART,20150323,100244,82.97,1,0,0,0,0,0
SLB STK SMART,20150323,100258,83.04,1,0,0,0,0,0
SLB STK SMART,20150323,100307,82.96,1,0,0,0,0,0
SLB STK SMART,20150323,100316,82.92,1,0,0,0,0,0
SLB STK SMART,20150323,100324,82.95,1,0,0,0,0,0
SLB STK SMART,20150323,100346,82.95,1,0,0,0,0,0
SLB STK SMART,20150323,100355,82.93,1,0,0,0,0,0
SLB STK SMART,20150323,100403,82.95,2,0,0,0,0,0
SLB STK SMART,20150323,100410,82.95,1,0,0,0,0,0
SLB STK SMART,20150323,100424,82.92,1,0,0,0,0,0
SLB STK SMART,20150323,100430,82.9,1,0,0,0,0,0
SLB STK SMART,20150323,100448,82.85,1,0,0,0,0,0
SLB STK SMART,20150323,100449,82.86,1,0,0,0,0,0
SLB STK SMART,20150323,100501,82.84,1,0,0,0,0,0
SLB STK SMART,20150323,100514,82.84,1,0,0,0,0,0
SLB STK SMART,20150323,100522,82.84,1,0,0,0,0,0
SLB STK SMART,20150323,100536,82.91,1,0,0,0,0,0
SLB STK SMART,20150323,100542,82.9,1,0,0,0,0,0
SLB STK SMART,20150323,100557,82.87,1,0,0,0,0,0
SLB STK SMART,20150323,100606,82.88,1,0,0,0,0,0
SLB STK SMART,20150323,100613,82.89,1,0,0,0,0,0
SLB STK SMART,20150323,100639,82.88,1,0,0,0,0,0
SLB STK SMART,20150323,100649,82.9,1,0,0,0,0,0
SLB STK SMART,20150323,100658,82.88,1,0,0,0,0,0
SLB STK SMART,20150323,100708,82.9,1,0,0,0,0,0
SLB STK SMART,20150323,100717,82.94,1,0,0,0,0,0
SLB STK SMART,20150323,100723,82.91,1,0,0,0,0,0
SLB STK SMART,20150323,100733,82.87,1,0,0,0,0,0
SLB STK SMART,20150323,100751,82.9,2,0,0,0,0,0
SLB STK SMART,20150323,100809,82.86,1,0,0,0,0,0
SLB STK SMART,20150323,100810,82.85,1,0,0,0,0,0
SLB STK SMART,20150323,100829,82.87,1,0,0,0,0,0
SLB STK SMART,20150323,100836,82.84,1,0,0,0,0,0
SLB STK SMART,20150323,100842,82.85,1,0,0,0,0,0
SLB STK SMART,20150323,100857,82.93,1,0,0,0,0,0
SLB STK SMART,20150323,100908,82.96,1,0,0,0,0,0
SLB STK SMART,20150323,100912,82.94,1,0,0,0,0,0
SLB STK SMART,20150323,100928,82.94,1,0,0,0,0,0
SLB STK SMART,20150323,100937,82.95,1,0,0,0,0,0
SLB STK SMART,20150323,100944,82.94,1,0,0,0,0,0
SLB STK SMART,20150323,100957,82.97,1,0,0,0,0,0
SLB STK SMART,20150323,101001,82.96,1,0,0,0,0,0
SLB STK SMART,20150323,101013,83,1,0,0,0,0,0
SLB STK SMART,20150323,101024,82.99,1,0,0,0,0,0
SLB STK SMART,20150323,101037,82.98,1,0,0,0,0,0
SLB STK SMART,20150323,101048,82.95,1,0,0,0,0,0
SLB STK SMART,20150323,101107,83.01,1,0,0,0,0,0
SLB STK SMART,20150323,101117,82.97,1,0,0,0,0,0
SLB STK SMART,20150323,101127,82.97,1,0,0,0,0,0
SLB STK SMART,20150323,101148,82.99,1,0,0,0,0,0
SLB STK SMART,20150323,101154,82.99,1,0,0,0,0,0
SLB STK SMART,20150323,101209,83.01,1,0,0,0,0,0
SLB STK SMART,20150323,101218,82.98,1,0,0,0,0,0
SLB STK SMART,20150323,101227,82.96,2,0,0,0,0,0
SLB STK SMART,20150323,101239,83,1,0,0,0,0,0
SLB STK SMART,20150323,101246,83,1,0,0,0,0,0
SLB STK SMART,20150323,101303,83.03,1,0,0,0,0,0
SLB STK SMART,20150323,101320,83.04,1,0,0,0,0,0
SLB STK SMART,20150323,101328,83.03,1,0,0,0,0,0
SLB STK SMART,20150323,101335,83,1,0,0,0,0,0
SLB STK SMART,20150323,101349,83.02,1,0,0,0,0,0
SLB STK SMART,20150323,101351,82.98,1,0,0,0,0,0
SLB STK SMART,20150323,101400,83,1,0,0,0,0,0
SLB STK SMART,20150323,101416,82.97,1,0,0,0,0,0
SLB STK SMART,20150323,101429,82.96,1,0,0,0,0,0
SLB STK SMART,20150323,101436,82.91,1,0,0,0,0,0
SLB STK SMART,20150323,101444,82.93,1,0,0,0,0,0
SLB STK SMART,20150323,101453,82.96,1,0,0,0,0,0
SLB STK SMART,20150323,101506,82.94,1,0,0,0,0,0
SLB STK SMART,20150323,101513,82.93,2,0,0,0,0,0
SLB STK SMART,20150323,101527,82.89,1,0,0,0,0,0
SLB STK SMART,20150323,101540,82.85,1,0,0,0,0,0
SLB STK SMART,20150323,101552,82.84,1,0,0,0,0,0
SLB STK SMART,20150323,101609,82.87,1,0,0,0,0,0
SLB STK SMART,20150323,101619,82.87,2,0,0,0,0,0
SLB STK SMART,20150323,101626,82.81,1,0,0,0,0,0
SLB STK SMART,20150323,101632,82.82,4,0,0,0,0,0
SLB STK SMART,20150323,101649,82.86,1,0,0,0,0,0
SLB STK SMART,20150323,101656,82.82,1,0,0,0,0,0
SLB STK SMART,20150323,101704,82.85,1,0,0,0,0,0
SLB STK SMART,20150323,101716,82.89,1,0,0,0,0,0
SLB STK SMART,20150323,101729,82.9,1,0,0,0,0,0
SLB STK SMART,20150323,101749,82.9,1,0,0,0,0,0
SLB STK SMART,20150323,101751,82.9,3,0,0,0,0,0
SLB STK SMART,20150323,101809,82.91,1,0,0,0,0,0
SLB STK SMART,20150323,101815,82.89,1,0,0,0,0,0
SLB STK SMART,20150323,101829,82.88,1,0,0,0,0,0
SLB STK SMART,20150323,101837,82.88,1,0,0,0,0,0
SLB STK SMART,20150323,101850,82.86,2,0,0,0,0,0
SLB STK SMART,20150323,101854,82.88,1,0,0,0,0,0
SLB STK SMART,20150323,101905,82.89,1,0,0,0,0,0
SLB STK SMART,20150323,101935,82.9,1,0,0,0,0,0
SLB STK SMART,20150323,101948,82.89,1,0,0,0,0,0
SLB STK SMART,20150323,101954,82.88,1,0,0,0,0,0
SLB STK SMART,20150323,102008,82.89,1,0,0,0,0,0
SLB STK SMART,20150323,102019,82.9,1,0,0,0,0,0
SLB STK SMART,20150323,102025,82.91,1,0,0,0,0,0
SLB STK SMART,20150323,102040,82.89,1,0,0,0,0,0
SLB STK SMART,20150323,102046,82.89,1,0,0,0,0,0
SLB STK SMART,20150323,102119,82.88,1,0,0,0,0,0
SLB STK SMART,20150323,102129,82.88,1,0,0,0,0,0
SLB STK SMART,20150323,102136,82.86,1,0,0,0,0,0
SLB STK SMART,20150323,102153,82.87,1,0,0,0,0,0
SLB STK SMART,20150323,102210,82.94,1,0,0,0,0,0
SLB STK SMART,20150323,102216,82.93,1,0,0,0,0,0
SLB STK SMART,20150323,102229,82.97,2,0,0,0,0,0
SLB STK SMART,20150323,102236,82.95,1,0,0,0,0,0
SLB STK SMART,20150323,102247,82.93,1,0,0,0,0,0
SLB STK SMART,20150323,102305,82.9,1,0,0,0,0,0
SLB STK SMART,20150323,102316,82.89,1,0,0,0,0,0
SLB STK SMART,20150323,102326,82.88,1,0,0,0,0,0
SLB STK SMART,20150323,102347,82.85,1,0,0,0,0,0
SLB STK SMART,20150323,102357,82.84,1,0,0,0,0,0
SLB STK SMART,20150323,102410,82.86,1,0,0,0,0,0
SLB STK SMART,20150323,102430,82.9,1,0,0,0,0,0
SLB STK SMART,20150323,102435,82.88,1,0,0,0,0,0
SLB STK SMART,20150323,102441,82.87,1,0,0,0,0,0
SLB STK SMART,20150323,102458,82.86,1,0,0,0,0,0
SLB STK SMART,20150323,102515,82.88,1,0,0,0,0,0
SLB STK SMART,20150323,102525,82.87,1,0,0,0,0,0
SLB STK SMART,20150323,102536,82.86,1,0,0,0,0,0
SLB STK SMART,20150323,102559,82.87,1,0,0,0,0,0
SLB STK SMART,20150323,102606,82.88,1,0,0,0,0,0
SLB STK SMART,20150323,102619,82.92,1,0,0,0,0,0
SLB STK SMART,20150323,102626,82.92,1,0,0,0,0,0
SLB STK SMART,20150323,102645,82.93,1,0,0,0,0,0
SLB STK SMART,20150323,102707,82.93,1,0,0,0,0,0
SLB STK SMART,20150323,102719,82.9,1,0,0,0,0,0
SLB STK SMART,20150323,102730,82.88,1,0,0,0,0,0
SLB STK SMART,20150323,102737,82.87,1,0,0,0,0,0
SLB STK SMART,20150323,102812,82.86,1,0,0,0,0,0
SLB STK SMART,20150323,102834,82.83,1,0,0,0,0,0
SLB STK SMART,20150323,102849,82.81,1,0,0,0,0,0
SLB STK SMART,20150323,102910,82.74,2,0,0,0,0,0
SLB STK SMART,20150323,102920,82.7,1,0,0,0,0,0
SLB STK SMART,20150323,102930,82.72,1,0,0,0,0,0
SLB STK SMART,20150323,102931,82.72,2,0,0,0,0,0
SLB STK SMART,20150323,102956,82.75,1,0,0,0,0,0
SLB STK SMART,20150323,103006,82.74,1,0,0,0,0,0
SLB STK SMART,20150323,103013,82.72,1,0,0,0,0,0
SLB STK SMART,20150323,103027,82.7,1,0,0,0,0,0
SLB STK SMART,20150323,103036,82.7,1,0,0,0,0,0
SLB STK SMART,20150323,103042,82.69,1,0,0,0,0,0
SLB STK SMART,20150323,103128,82.66,1,0,0,0,0,0
SLB STK SMART,20150323,103135,82.69,1,0,0,0,0,0
SLB STK SMART,20150323,103148,82.69,2,0,0,0,0,0
SLB STK SMART,20150323,103155,82.68,1,0,0,0,0,0
SLB STK SMART,20150323,103207,82.68,1,0,0,0,0,0
SLB STK SMART,20150323,103211,82.69,1,0,0,0,0,0
SLB STK SMART,20150323,103228,82.7,2,0,0,0,0,0
SLB STK SMART,20150323,103231,82.69,1,0,0,0,0,0
SLB STK SMART,20150323,103251,82.68,1,0,0,0,0,0
SLB STK SMART,20150323,103308,82.7,1,0,0,0,0,0
SLB STK SMART,20150323,103323,82.73,1,0,0,0,0,0
SLB STK SMART,20150323,103338,82.71,1,0,0,0,0,0
SLB STK SMART,20150323,103358,82.74,1,0,0,0,0,0
SLB STK SMART,20150323,103431,82.76,1,0,0,0,0,0
SLB STK SMART,20150323,103447,82.75,1,0,0,0,0,0
SLB STK SMART,20150323,103459,82.74,1,0,0,0,0,0
SLB STK SMART,20150323,103502,82.74,1,0,0,0,0,0
SLB STK SMART,20150323,103531,82.73,1,0,0,0,0,0
SLB STK SMART,20150323,103546,82.72,1,0,0,0,0,0
SLB STK SMART,20150323,103609,82.7,1,0,0,0,0,0
SLB STK SMART,20150323,103611,82.69,1,0,0,0,0,0
SLB STK SMART,20150323,103622,82.67,1,0,0,0,0,0
SLB STK SMART,20150323,103634,82.65,5,0,0,0,0,0
SLB STK SMART,20150323,103649,82.66,1,0,0,0,0,0
SLB STK SMART,20150323,103654,82.64,1,0,0,0,0,0
SLB STK SMART,20150323,103710,82.69,1,0,0,0,0,0
SLB STK SMART,20150323,103722,82.68,1,0,0,0,0,0
SLB STK SMART,20150323,103735,82.71,1,0,0,0,0,0
SLB STK SMART,20150323,103801,82.68,1,0,0,0,0,0
SLB STK SMART,20150323,103819,82.66,1,0,0,0,0,0
SLB STK SMART,20150323,103836,82.67,1,0,0,0,0,0
SLB STK SMART,20150323,103849,82.69,1,0,0,0,0,0
SLB STK SMART,20150323,103857,82.7,1,0,0,0,0,0
SLB STK SMART,20150323,103905,82.71,1,0,0,0,0,0
SLB STK SMART,20150323,103915,82.72,1,0,0,0,0,0
SLB STK SMART,20150323,103925,82.73,1,0,0,0,0,0
SLB STK SMART,20150323,103934,82.73,1,0,0,0,0,0
SLB STK SMART,20150323,103948,82.72,1,0,0,0,0,0
SLB STK SMART,20150323,104020,82.69,1,0,0,0,0,0
SLB STK SMART,20150323,104030,82.67,1,0,0,0,0,0
SLB STK SMART,20150323,104049,82.68,1,0,0,0,0,0
SLB STK SMART,20150323,104105,82.7,1,0,0,0,0,0
SLB STK SMART,20150323,104113,82.69,1,0,0,0,0,0
SLB STK SMART,20150323,104127,82.67,1,0,0,0,0,0
SLB STK SMART,20150323,104137,82.67,1,0,0,0,0,0
SLB STK SMART,20150323,104201,82.67,5,0,0,0,0,0
SLB STK SMART,20150323,104203,82.68,1,0,0,0,0,0
SLB STK SMART,20150323,104217,82.66,1,0,0,0,0,0
SLB STK SMART,20150323,104305,82.67,1,0,0,0,0,0
SLB STK SMART,20150323,104321,82.67,1,0,0,0,0,0
SLB STK SMART,20150323,104345,82.68,1,0,0,0,0,0
SLB STK SMART,20150323,104356,82.67,1,0,0,0,0,0
SLB STK SMART,20150323,104416,82.68,1,0,0,0,0,0
SLB STK SMART,20150323,104459,82.7,1,0,0,0,0,0
SLB STK SMART,20150323,104617,82.68,1,0,0,0,0,0
SLB STK SMART,20150323,104638,82.67,1,0,0,0,0,0
SLB STK SMART,20150323,104701,82.64,1,0,0,0,0,0
SLB STK SMART,20150323,104707,82.63,1,0,0,0,0,0
SLB STK SMART,20150323,104718,82.63,1,0,0,0,0,0
SLB STK SMART,20150323,104728,82.61,1,0,0,0,0,0
SLB STK SMART,20150323,104745,82.62,1,0,0,0,0,0
SLB STK SMART,20150323,104757,82.6,1,0,0,0,0,0
SLB STK SMART,20150323,104824,82.6,3,0,0,0,0,0
SLB STK SMART,20150323,104841,82.58,1,0,0,0,0,0
SLB STK SMART,20150323,104857,82.56,10,0,0,0,0,0
SLB STK SMART,20150323,104909,82.55,1,0,0,0,0,0
SLB STK SMART,20150323,104913,82.56,1,0,0,0,0,0
SLB STK SMART,20150323,104929,82.55,1,0,0,0,0,0
SLB STK SMART,20150323,104941,82.55,1,0,0,0,0,0
SLB STK SMART,20150323,104949,82.55,1,0,0,0,0,0
SLB STK SMART,20150323,104957,82.55,1,0,0,0,0,0
SLB STK SMART,20150323,105008,82.54,1,0,0,0,0,0
SLB STK SMART,20150323,105019,82.52,1,0,0,0,0,0
SLB STK SMART,20150323,105040,82.53,1,0,0,0,0,0
SLB STK SMART,20150323,105108,82.52,1,0,0,0,0,0
SLB STK SMART,20150323,105121,82.5,1,0,0,0,0,0
SLB STK SMART,20150323,105124,82.51,1,0,0,0,0,0
SLB STK SMART,20150323,105140,82.5,1,0,0,0,0,0
SLB STK SMART,20150323,105206,82.5,1,0,0,0,0,0
SLB STK SMART,20150323,105227,82.5,1,0,0,0,0,0
SLB STK SMART,20150323,105247,82.5,1,0,0,0,0,0
SLB STK SMART,20150323,105259,82.49,1,0,0,0,0,0
SLB STK SMART,20150323,105314,82.5,1,0,0,0,0,0
SLB STK SMART,20150323,105326,82.49,1,0,0,0,0,0
SLB STK SMART,20150323,105340,82.5,1,0,0,0,0,0
SLB STK SMART,20150323,105342,82.5,1,0,0,0,0,0
SLB STK SMART,20150323,105358,82.5,1,0,0,0,0,0
SLB STK SMART,20150323,105431,82.49,1,0,0,0,0,0
SLB STK SMART,20150323,105450,82.49,1,0,0,0,0,0
SLB STK SMART,20150323,105458,82.49,1,0,0,0,0,0
SLB STK SMART,20150323,105508,82.5,1,0,0,0,0,0
SLB STK SMART,20150323,105518,82.5,1,0,0,0,0,0
SLB STK SMART,20150323,105531,82.5,1,0,0,0,0,0
SLB STK SMART,20150323,105540,82.51,1,0,0,0,0,0
SLB STK SMART,20150323,105550,82.5,1,0,0,0,0,0
SLB STK SMART,20150323,105554,82.49,1,0,0,0,0,0
SLB STK SMART,20150323,105611,82.5,1,0,0,0,0,0
SLB STK SMART,20150323,105648,82.5,2,0,0,0,0,0
SLB STK SMART,20150323,105701,82.5,1,0,0,0,0,0
SLB STK SMART,20150323,105711,82.49,1,0,0,0,0,0
SLB STK SMART,20150323,105716,82.5,1,0,0,0,0,0
SLB STK SMART,20150323,105730,82.5,2,0,0,0,0,0
SLB STK SMART,20150323,105734,82.49,1,0,0,0,0,0
SLB STK SMART,20150323,105748,82.5,1,0,0,0,0,0
SLB STK SMART,20150323,105752,82.5,2,0,0,0,0,0
SLB STK SMART,20150323,105815,82.5,1,0,0,0,0,0
SLB STK SMART,20150323,105829,82.51,1,0,0,0,0,0
SLB STK SMART,20150323,105849,82.5,1,0,0,0,0,0
SLB STK SMART,20150323,105859,82.49,1,0,0,0,0,0
SLB STK SMART,20150323,105915,82.5,1,0,0,0,0,0
SLB STK SMART,20150323,105930,82.51,1,0,0,0,0,0
SLB STK SMART,20150323,105944,82.49,1,0,0,0,0,0
SLB STK SMART,20150323,110001,82.47,1,0,0,0,0,0
SLB STK SMART,20150323,110006,82.48,1,0,0,0,0,0
SLB STK SMART,20150323,110021,82.5,1,0,0,0,0,0
SLB STK SMART,20150323,110031,82.5,1,0,0,0,0,0
SLB STK SMART,20150323,110046,82.49,1,0,0,0,0,0
SLB STK SMART,20150323,110059,82.49,1,0,0,0,0,0
SLB STK SMART,20150323,110111,82.5,1,0,0,0,0,0
SLB STK SMART,20150323,110117,82.5,1,0,0,0,0,0
SLB STK SMART,20150323,110150,82.48,1,0,0,0,0,0
SLB STK SMART,20150323,110157,82.46,1,0,0,0,0,0
SLB STK SMART,20150323,110209,82.45,1,0,0,0,0,0
SLB STK SMART,20150323,110221,82.43,1,0,0,0,0,0
SLB STK SMART,20150323,110237,82.38,1,0,0,0,0,0
SLB STK SMART,20150323,110245,82.37,1,0,0,0,0,0
SLB STK SMART,20150323,110257,82.35,1,0,0,0,0,0
SLB STK SMART,20150323,110310,82.34,1,0,0,0,0,0
SLB STK SMART,20150323,110322,82.35,3,0,0,0,0,0
SLB STK SMART,20150323,110332,82.36,2,0,0,0,0,0
SLB STK SMART,20150323,110333,82.36,1,0,0,0,0,0
SLB STK SMART,20150323,110346,82.35,2,0,0,0,0,0
SLB STK SMART,20150323,110401,82.37,1,0,0,0,0,0
SLB STK SMART,20150323,110404,82.34,1,0,0,0,0,0
SLB STK SMART,20150323,110421,82.34,1,0,0,0,0,0
SLB STK SMART,20150323,110441,82.32,1,0,0,0,0,0
SLB STK SMART,20150323,110502,82.18,1,0,0,0,0,0
SLB STK SMART,20150323,110512,82.19,1,0,0,0,0,0
SLB STK SMART,20150323,110520,82.15,2,0,0,0,0,0
SLB STK SMART,20150323,110529,82.15,1,0,0,0,0,0
SLB STK SMART,20150323,110549,82.18,1,0,0,0,0,0
SLB STK SMART,20150323,110600,82.2,1,0,0,0,0,0
SLB STK SMART,20150323,110606,82.21,1,0,0,0,0,0
SLB STK SMART,20150323,110622,82.18,1,0,0,0,0,0
SLB STK SMART,20150323,110630,82.2,2,0,0,0,0,0
SLB STK SMART,20150323,110641,82.18,1,0,0,0,0,0
SLB STK SMART,20150323,110651,82.18,1,0,0,0,0,0
SLB STK SMART,20150323,110701,82.18,2,0,0,0,0,0
SLB STK SMART,20150323,110738,82.21,1,0,0,0,0,0
SLB STK SMART,20150323,110745,82.2,1,0,0,0,0,0
SLB STK SMART,20150323,110802,82.2,1,0,0,0,0,0
SLB STK SMART,20150323,110813,82.21,1,0,0,0,0,0
SLB STK SMART,20150323,110831,82.18,1,0,0,0,0,0
SLB STK SMART,20150323,110841,82.17,1,0,0,0,0,0
SLB STK SMART,20150323,110901,82.18,1,0,0,0,0,0
SLB STK SMART,20150323,110904,82.18,1,0,0,0,0,0
SLB STK SMART,20150323,110918,82.2,1,0,0,0,0,0
SLB STK SMART,20150323,110938,82.2,1,0,0,0,0,0
SLB STK SMART,20150323,110950,82.2,1,0,0,0,0,0
SLB STK SMART,20150323,111011,82.19,1,0,0,0,0,0
SLB STK SMART,20150323,111020,82.18,1,0,0,0,0,0
SLB STK SMART,20150323,111037,82.19,1,0,0,0,0,0
SLB STK SMART,20150323,111050,82.18,1,0,0,0,0,0
SLB STK SMART,20150323,111101,82.15,1,0,0,0,0,0
SLB STK SMART,20150323,111109,82.13,1,0,0,0,0,0
SLB STK SMART,20150323,111115,82.14,1,0,0,0,0,0
SLB STK SMART,20150323,111132,82.12,1,0,0,0,0,0
SLB STK SMART,20150323,111139,82.11,1,0,0,0,0,0
SLB STK SMART,20150323,111147,82.11,1,0,0,0,0,0
SLB STK SMART,20150323,111202,82.09,1,0,0,0,0,0
SLB STK SMART,20150323,111206,82.1,3,0,0,0,0,0
SLB STK SMART,20150323,111216,82.13,1,0,0,0,0,0
SLB STK SMART,20150323,111231,82.12,1,0,0,0,0,0
SLB STK SMART,20150323,111235,82.12,1,0,0,0,0,0
SLB STK SMART,20150323,111251,82.17,1,0,0,0,0,0
SLB STK SMART,20150323,111302,82.18,1,0,0,0,0,0
SLB STK SMART,20150323,111305,82.19,1,0,0,0,0,0
SLB STK SMART,20150323,111321,82.17,1,0,0,0,0,0
SLB STK SMART,20150323,111332,82.18,2,0,0,0,0,0
SLB STK SMART,20150323,111351,82.19,1,0,0,0,0,0
SLB STK SMART,20150323,111400,82.18,2,0,0,0,0,0
SLB STK SMART,20150323,111411,82.17,1,0,0,0,0,0
SLB STK SMART,20150323,111426,82.17,1,0,0,0,0,0
SLB STK SMART,20150323,111441,82.17,1,0,0,0,0,0
SLB STK SMART,20150323,111449,82.2,1,0,0,0,0,0
SLB STK SMART,20150323,111512,82.21,1,0,0,0,0,0
SLB STK SMART,20150323,111523,82.19,1,0,0,0,0,0
SLB STK SMART,20150323,111543,82.18,1,0,0,0,0,0
SLB STK SMART,20150323,111543,82.19,1,0,0,0,0,0
SLB STK SMART,20150323,111602,82.2,1,0,0,0,0,0
SLB STK SMART,20150323,111606,82.21,1,0,0,0,0,0
SLB STK SMART,20150323,111616,82.24,1,0,0,0,0,0
SLB STK SMART,20150323,111631,82.23,1,0,0,0,0,0
SLB STK SMART,20150323,111639,82.22,1,0,0,0,0,0
SLB STK SMART,20150323,111653,82.24,1,0,0,0,0,0
SLB STK SMART,20150323,111701,82.23,1,0,0,0,0,0
SLB STK SMART,20150323,111711,82.25,1,0,0,0,0,0
SLB STK SMART,20150323,111726,82.26,1,0,0,0,0,0
SLB STK SMART,20150323,111751,82.3,1,0,0,0,0,0
SLB STK SMART,20150323,111802,82.27,2,0,0,0,0,0
SLB STK SMART,20150323,111806,82.26,1,0,0,0,0,0
SLB STK SMART,20150323,111819,82.24,1,0,0,0,0,0
SLB STK SMART,20150323,111823,82.23,1,0,0,0,0,0
SLB STK SMART,20150323,111839,82.19,1,0,0,0,0,0
SLB STK SMART,20150323,111912,82.2,1,0,0,0,0,0
SLB STK SMART,20150323,111920,82.19,1,0,0,0,0,0
SLB STK SMART,20150323,111924,82.18,1,0,0,0,0,0
SLB STK SMART,20150323,111937,82.18,1,0,0,0,0,0
SLB STK SMART,20150323,111951,82.17,1,0,0,0,0,0
SLB STK SMART,20150323,111956,82.18,1,0,0,0,0,0
SLB STK SMART,20150323,112012,82.2,1,0,0,0,0,0
SLB STK SMART,20150323,112019,82.21,1,0,0,0,0,0
SLB STK SMART,20150323,112030,82.19,1,0,0,0,0,0
SLB STK SMART,20150323,112038,82.16,1,0,0,0,0,0
SLB STK SMART,20150323,112048,82.12,1,0,0,0,0,0
SLB STK SMART,20150323,112110,82.12,1,0,0,0,0,0
SLB STK SMART,20150323,112118,82.13,1,0,0,0,0,0
SLB STK SMART,20150323,112130,82.14,1,0,0,0,0,0
SLB STK SMART,20150323,112135,82.16,1,0,0,0,0,0
SLB STK SMART,20150323,112150,82.15,1,0,0,0,0,0
SLB STK SMART,20150323,112200,82.17,1,0,0,0,0,0
SLB STK SMART,20150323,112217,82.18,1,0,0,0,0,0
SLB STK SMART,20150323,112237,82.18,1,0,0,0,0,0
SLB STK SMART,20150323,112248,82.17,1,0,0,0,0,0
SLB STK SMART,20150323,112255,82.18,1,0,0,0,0,0
SLB STK SMART,20150323,112308,82.15,1,0,0,0,0,0
SLB STK SMART,20150323,112332,82.12,1,0,0,0,0,0
SLB STK SMART,20150323,112336,82.11,2,0,0,0,0,0
SLB STK SMART,20150323,112349,82.11,1,0,0,0,0,0
SLB STK SMART,20150323,112400,82.16,1,0,0,0,0,0
SLB STK SMART,20150323,112409,82.16,1,0,0,0,0,0
SLB STK SMART,20150323,112415,82.17,1,0,0,0,0,0
SLB STK SMART,20150323,112428,82.18,1,0,0,0,0,0
SLB STK SMART,20150323,112443,82.15,1,0,0,0,0,0
SLB STK SMART,20150323,112446,82.17,1,0,0,0,0,0
SLB STK SMART,20150323,112501,82.17,1,0,0,0,0,0
SLB STK SMART,20150323,112523,82.17,1,0,0,0,0,0
SLB STK SMART,20150323,112540,82.18,1,0,0,0,0,0
SLB STK SMART,20150323,112553,82.2,1,0,0,0,0,0
SLB STK SMART,20150323,112603,82.21,1,0,0,0,0,0
SLB STK SMART,20150323,112608,82.22,1,0,0,0,0,0
SLB STK SMART,20150323,112617,82.21,1,0,0,0,0,0
SLB STK SMART,20150323,112631,82.22,1,0,0,0,0,0
SLB STK SMART,20150323,112704,82.23,1,0,0,0,0,0
SLB STK SMART,20150323,112731,82.23,1,0,0,0,0,0
SLB STK SMART,20150323,112735,82.24,1,0,0,0,0,0
SLB STK SMART,20150323,112801,82.26,2,0,0,0,0,0
SLB STK SMART,20150323,112811,82.26,1,0,0,0,0,0
SLB STK SMART,20150323,112815,82.27,1,0,0,0,0,0
SLB STK SMART,20150323,112844,82.28,1,0,0,0,0,0
SLB STK SMART,20150323,112911,82.23,1,0,0,0,0,0
SLB STK SMART,20150323,112914,82.24,1,0,0,0,0,0
SLB STK SMART,20150323,112929,82.27,1,0,0,0,0,0
SLB STK SMART,20150323,112939,82.28,1,0,0,0,0,0
SLB STK SMART,20150323,112951,82.31,1,0,0,0,0,0
SLB STK SMART,20150323,113000,82.3,1,0,0,0,0,0
SLB STK SMART,20150323,113023,82.3,1,0,0,0,0,0
SLB STK SMART,20150323,113031,82.29,1,0,0,0,0,0
SLB STK SMART,20150323,113051,82.29,2,0,0,0,0,0
SLB STK SMART,20150323,113102,82.31,1,0,0,0,0,0
SLB STK SMART,20150323,113111,82.35,1,0,0,0,0,0
SLB STK SMART,20150323,113120,82.34,1,0,0,0,0,0
SLB STK SMART,20150323,113131,82.36,1,0,0,0,0,0
SLB STK SMART,20150323,113144,82.34,1,0,0,0,0,0
SLB STK SMART,20150323,113203,82.35,1,0,0,0,0,0
SLB STK SMART,20150323,113220,82.37,1,0,0,0,0,0
SLB STK SMART,20150323,113244,82.4,1,0,0,0,0,0
SLB STK SMART,20150323,113323,82.38,1,0,0,0,0,0
SLB STK SMART,20150323,113336,82.39,1,0,0,0,0,0
SLB STK SMART,20150323,113344,82.39,2,0,0,0,0,0
SLB STK SMART,20150323,113400,82.36,1,0,0,0,0,0
SLB STK SMART,20150323,113411,82.37,1,0,0,0,0,0
SLB STK SMART,20150323,113424,82.36,1,0,0,0,0,0
SLB STK SMART,20150323,113433,82.34,1,0,0,0,0,0
SLB STK SMART,20150323,113443,82.33,1,0,0,0,0,0
SLB STK SMART,20150323,113449,82.31,1,0,0,0,0,0
SLB STK SMART,20150323,113502,82.33,1,0,0,0,0,0
SLB STK SMART,20150323,113521,82.36,1,0,0,0,0,0
SLB STK SMART,20150323,113541,82.39,1,0,0,0,0,0
SLB STK SMART,20150323,113548,82.4,1,0,0,0,0,0
SLB STK SMART,20150323,113612,82.41,1,0,0,0,0,0
SLB STK SMART,20150323,113631,82.43,1,0,0,0,0,0
SLB STK SMART,20150323,113643,82.44,1,0,0,0,0,0
SLB STK SMART,20150323,113703,82.42,1,0,0,0,0,0
SLB STK SMART,20150323,113717,82.4,1,0,0,0,0,0
SLB STK SMART,20150323,113733,82.39,1,0,0,0,0,0
SLB STK SMART,20150323,113743,82.36,1,0,0,0,0,0
SLB STK SMART,20150323,113803,82.32,1,0,0,0,0,0
SLB STK SMART,20150323,113810,82.3,2,0,0,0,0,0
SLB STK SMART,20150323,113824,82.29,1,0,0,0,0,0
SLB STK SMART,20150323,113830,82.27,1,0,0,0,0,0
SLB STK SMART,20150323,113835,82.29,1,0,0,0,0,0
SLB STK SMART,20150323,113851,82.28,1,0,0,0,0,0
SLB STK SMART,20150323,113914,82.33,1,0,0,0,0,0
SLB STK SMART,20150323,113924,82.37,1,0,0,0,0,0
SLB STK SMART,20150323,113929,82.34,1,0,0,0,0,0
SLB STK SMART,20150323,113936,82.35,1,0,0,0,0,0
SLB STK SMART,20150323,113953,82.35,1,0,0,0,0,0
SLB STK SMART,20150323,114014,82.36,1,0,0,0,0,0
SLB STK SMART,20150323,114014,82.36,2,0,0,0,0,0
SLB STK SMART,20150323,114024,82.37,1,0,0,0,0,0
SLB STK SMART,20150323,114054,82.35,1,0,0,0,0,0
SLB STK SMART,20150323,114110,82.36,1,0,0,0,0,0
SLB STK SMART,20150323,114118,82.37,1,0,0,0,0,0
SLB STK SMART,20150323,114128,82.38,1,0,0,0,0,0
SLB STK SMART,20150323,114143,82.39,1,0,0,0,0,0
SLB STK SMART,20150323,114149,82.41,1,0,0,0,0,0
SLB STK SMART,20150323,114212,82.43,1,0,0,0,0,0
SLB STK SMART,20150323,114238,82.45,1,0,0,0,0,0
SLB STK SMART,20150323,114250,82.43,1,0,0,0,0,0
SLB STK SMART,20150323,114310,82.42,1,0,0,0,0,0
SLB STK SMART,20150323,114334,82.41,1,0,0,0,0,0
SLB STK SMART,20150323,114343,82.36,2,0,0,0,0,0
SLB STK SMART,20150323,114353,82.37,1,0,0,0,0,0
SLB STK SMART,20150323,114356,82.36,1,0,0,0,0,0
SLB STK SMART,20150323,114409,82.35,1,0,0,0,0,0
SLB STK SMART,20150323,114424,82.37,1,0,0,0,0,0
SLB STK SMART,20150323,114424,82.36,2,0,0,0,0,0
SLB STK SMART,20150323,114440,82.4,1,0,0,0,0,0
SLB STK SMART,20150323,114450,82.41,2,0,0,0,0,0
SLB STK SMART,20150323,114456,82.41,1,0,0,0,0,0
SLB STK SMART,20150323,114513,82.39,1,0,0,0,0,0
SLB STK SMART,20150323,114525,82.38,1,0,0,0,0,0
SLB STK SMART,20150323,114550,82.4,1,0,0,0,0,0
SLB STK SMART,20150323,114556,82.39,2,0,0,0,0,0
SLB STK SMART,20150323,114605,82.39,1,0,0,0,0,0
SLB STK SMART,20150323,114624,82.41,1,0,0,0,0,0
SLB STK SMART,20150323,114628,82.4,1,0,0,0,0,0
SLB STK SMART,20150323,114638,82.41,1,0,0,0,0,0
SLB STK SMART,20150323,114651,82.4,1,0,0,0,0,0
SLB STK SMART,20150323,114702,82.39,1,0,0,0,0,0
SLB STK SMART,20150323,114719,82.4,1,0,0,0,0,0
SLB STK SMART,20150323,114754,82.39,1,0,0,0,0,0
SLB STK SMART,20150323,114756,82.4,1,0,0,0,0,0
SLB STK SMART,20150323,114824,82.41,2,0,0,0,0,0
SLB STK SMART,20150323,114844,82.36,1,0,0,0,0,0
SLB STK SMART,20150323,114851,82.35,3,0,0,0,0,0
SLB STK SMART,20150323,114903,82.33,1,0,0,0,0,0
SLB STK SMART,20150323,114917,82.32,1,0,0,0,0,0
SLB STK SMART,20150323,114932,82.3,1,0,0,0,0,0
SLB STK SMART,20150323,114953,82.35,1,0,0,0,0,0
SLB STK SMART,20150323,114957,82.36,5,0,0,0,0,0
SLB STK SMART,20150323,115021,82.36,1,0,0,0,0,0
SLB STK SMART,20150323,115031,82.37,1,0,0,0,0,0
SLB STK SMART,20150323,115039,82.38,1,0,0,0,0,0
SLB STK SMART,20150323,115053,82.36,1,0,0,0,0,0
SLB STK SMART,20150323,115056,82.37,1,0,0,0,0,0
SLB STK SMART,20150323,115111,82.38,1,0,0,0,0,0
SLB STK SMART,20150323,115123,82.36,1,0,0,0,0,0
SLB STK SMART,20150323,115130,82.35,1,0,0,0,0,0
SLB STK SMART,20150323,115144,82.34,1,0,0,0,0,0
SLB STK SMART,20150323,115153,82.33,1,0,0,0,0,0
SLB STK SMART,20150323,115208,82.32,1,0,0,0,0,0
SLB STK SMART,20150323,115215,82.35,1,0,0,0,0,0
SLB STK SMART,20150323,115230,82.33,1,0,0,0,0,0
SLB STK SMART,20150323,115252,82.35,1,0,0,0,0,0
SLB STK SMART,20150323,115317,82.33,1,0,0,0,0,0
SLB STK SMART,20150323,115329,82.34,1,0,0,0,0,0
SLB STK SMART,20150323,115351,82.33,2,0,0,0,0,0
SLB STK SMART,20150323,115401,82.29,1,0,0,0,0,0
SLB STK SMART,20150323,115413,82.3,1,0,0,0,0,0
SLB STK SMART,20150323,115423,82.27,1,0,0,0,0,0
SLB STK SMART,20150323,115431,82.26,1,0,0,0,0,0
SLB STK SMART,20150323,115436,82.27,1,0,0,0,0,0
SLB STK SMART,20150323,115525,82.23,1,0,0,0,0,0
SLB STK SMART,20150323,115547,82.25,1,0,0,0,0,0
SLB STK SMART,20150323,115602,82.26,1,0,0,0,0,0
SLB STK SMART,20150323,115610,82.27,1,0,0,0,0,0
SLB STK SMART,20150323,115619,82.26,1,0,0,0,0,0
SLB STK SMART,20150323,115655,82.3,1,0,0,0,0,0
SLB STK SMART,20150323,115723,82.36,1,0,0,0,0,0
SLB STK SMART,20150323,115730,82.38,1,0,0,0,0,0
SLB STK SMART,20150323,115743,82.37,1,0,0,0,0,0
SLB STK SMART,20150323,115746,82.35,1,0,0,0,0,0
SLB STK SMART,20150323,115810,82.35,1,0,0,0,0,0
SLB STK SMART,20150323,115824,82.35,1,0,0,0,0,0
SLB STK SMART,20150323,115840,82.36,2,0,0,0,0,0
SLB STK SMART,20150323,115854,82.35,1,0,0,0,0,0
SLB STK SMART,20150323,115904,82.34,1,0,0,0,0,0
SLB STK SMART,20150323,115906,82.36,1,0,0,0,0,0
SLB STK SMART,20150323,115924,82.36,1,0,0,0,0,0
SLB STK SMART,20150323,115933,82.37,1,0,0,0,0,0
SLB STK SMART,20150323,115943,82.37,1,0,0,0,0,0
SLB STK SMART,20150323,120002,82.33,1,0,0,0,0,0
SLB STK SMART,20150323,120034,82.3,1,0,0,0,0,0
SLB STK SMART,20150323,120046,82.25,1,0,0,0,0,0
SLB STK SMART,20150323,120108,82.24,1,0,0,0,0,0
SLB STK SMART,20150323,120127,82.25,1,0,0,0,0,0
SLB STK SMART,20150323,120151,82.22,1,0,0,0,0,0
SLB STK SMART,20150323,120212,82.23,1,0,0,0,0,0
SLB STK SMART,20150323,120218,82.24,1,0,0,0,0,0
SLB STK SMART,20150323,120244,82.27,1,0,0,0,0,0
SLB STK SMART,20150323,120249,82.28,1,0,0,0,0,0
SLB STK SMART,20150323,120320,82.29,1,0,0,0,0,0
SLB STK SMART,20150323,120334,82.28,1,0,0,0,0,0
SLB STK SMART,20150323,120404,82.32,1,0,0,0,0,0
SLB STK SMART,20150323,120421,82.33,1,0,0,0,0,0
SLB STK SMART,20150323,120442,82.32,1,0,0,0,0,0
SLB STK SMART,20150323,120451,82.31,1,0,0,0,0,0
SLB STK SMART,20150323,120504,82.29,1,0,0,0,0,0
SLB STK SMART,20150323,120513,82.29,5,0,0,0,0,0
SLB STK SMART,20150323,120516,82.29,1,0,0,0,0,0
SLB STK SMART,20150323,120535,82.29,1,0,0,0,0,0
SLB STK SMART,20150323,120608,82.3,1,0,0,0,0,0
SLB STK SMART,20150323,120620,82.32,1,0,0,0,0,0
SLB STK SMART,20150323,120628,82.32,1,0,0,0,0,0
SLB STK SMART,20150323,120643,82.31,1,0,0,0,0,0
SLB STK SMART,20150323,120702,82.32,1,0,0,0,0,0
SLB STK SMART,20150323,120711,82.34,1,0,0,0,0,0
SLB STK SMART,20150323,120723,82.35,1,0,0,0,0,0
SLB STK SMART,20150323,120735,82.34,1,0,0,0,0,0
SLB STK SMART,20150323,120743,82.34,1,0,0,0,0,0
SLB STK SMART,20150323,120804,82.34,1,0,0,0,0,0
SLB STK SMART,20150323,120813,82.34,1,0,0,0,0,0
SLB STK SMART,20150323,120840,82.33,1,0,0,0,0,0
SLB STK SMART,20150323,120851,82.34,1,0,0,0,0,0
SLB STK SMART,20150323,120912,82.35,1,0,0,0,0,0
SLB STK SMART,20150323,120935,82.34,1,0,0,0,0,0
SLB STK SMART,20150323,120953,82.36,1,0,0,0,0,0
SLB STK SMART,20150323,121015,82.36,1,0,0,0,0,0
SLB STK SMART,20150323,121017,82.37,1,0,0,0,0,0
SLB STK SMART,20150323,121034,82.38,1,0,0,0,0,0
SLB STK SMART,20150323,121044,82.43,1,0,0,0,0,0
SLB STK SMART,20150323,121047,82.42,1,0,0,0,0,0
SLB STK SMART,20150323,121113,82.41,1,0,0,0,0,0
SLB STK SMART,20150323,121135,82.45,1,0,0,0,0,0
SLB STK SMART,20150323,121147,82.46,1,0,0,0,0,0
SLB STK SMART,20150323,121203,82.44,1,0,0,0,0,0
SLB STK SMART,20150323,121208,82.42,1,0,0,0,0,0
SLB STK SMART,20150323,121219,82.44,1,0,0,0,0,0
SLB STK SMART,20150323,121235,82.42,1,0,0,0,0,0
SLB STK SMART,20150323,121237,82.43,6,0,0,0,0,0
SLB STK SMART,20150323,121257,82.44,1,0,0,0,0,0
SLB STK SMART,20150323,121313,82.43,1,0,0,0,0,0
SLB STK SMART,20150323,121350,82.44,1,0,0,0,0,0
SLB STK SMART,20150323,121409,82.45,1,0,0,0,0,0
SLB STK SMART,20150323,121421,82.44,1,0,0,0,0,0
SLB STK SMART,20150323,121433,82.46,1,0,0,0,0,0
SLB STK SMART,20150323,121437,82.48,1,0,0,0,0,0
SLB STK SMART,20150323,121459,82.49,1,0,0,0,0,0
SLB STK SMART,20150323,121514,82.5,1,0,0,0,0,0
SLB STK SMART,20150323,121526,82.49,2,0,0,0,0,0
SLB STK SMART,20150323,121535,82.5,1,0,0,0,0,0
SLB STK SMART,20150323,121543,82.5,1,0,0,0,0,0
SLB STK SMART,20150323,121552,82.46,1,0,0,0,0,0
SLB STK SMART,20150323,121602,82.45,1,0,0,0,0,0
SLB STK SMART,20150323,121611,82.44,1,0,0,0,0,0
SLB STK SMART,20150323,121621,82.42,1,0,0,0,0,0
SLB STK SMART,20150323,121632,82.41,1,0,0,0,0,0
SLB STK SMART,20150323,121644,82.39,1,0,0,0,0,0
SLB STK SMART,20150323,121652,82.39,1,0,0,0,0,0
SLB STK SMART,20150323,121701,82.38,1,0,0,0,0,0
SLB STK SMART,20150323,121709,82.33,1,0,0,0,0,0
SLB STK SMART,20150323,121735,82.31,1,0,0,0,0,0
SLB STK SMART,20150323,121819,82.33,1,0,0,0,0,0
SLB STK SMART,20150323,121852,82.33,1,0,0,0,0,0
SLB STK SMART,20150323,121905,82.34,1,0,0,0,0,0
SLB STK SMART,20150323,121914,82.34,1,0,0,0,0,0
SLB STK SMART,20150323,121918,82.31,1,0,0,0,0,0
SLB STK SMART,20150323,121928,82.3,1,0,0,0,0,0
SLB STK SMART,20150323,121953,82.31,1,0,0,0,0,0
SLB STK SMART,20150323,122009,82.32,1,0,0,0,0,0
SLB STK SMART,20150323,122034,82.32,1,0,0,0,0,0
SLB STK SMART,20150323,122039,82.33,1,0,0,0,0,0
SLB STK SMART,20150323,122055,82.35,1,0,0,0,0,0
SLB STK SMART,20150323,122113,82.38,1,0,0,0,0,0
SLB STK SMART,20150323,122121,82.36,1,0,0,0,0,0
SLB STK SMART,20150323,122130,82.34,1,0,0,0,0,0
SLB STK SMART,20150323,122225,82.32,2,0,0,0,0,0
SLB STK SMART,20150323,122226,82.32,1,0,0,0,0,0
SLB STK SMART,20150323,122306,82.37,1,0,0,0,0,0
SLB STK SMART,20150323,122312,82.38,1,0,0,0,0,0
SLB STK SMART,20150323,122323,82.36,1,0,0,0,0,0
SLB STK SMART,20150323,122352,82.35,1,0,0,0,0,0
SLB STK SMART,20150323,122402,82.34,1,0,0,0,0,0
SLB STK SMART,20150323,122436,82.33,2,0,0,0,0,0
SLB STK SMART,20150323,122446,82.31,1,0,0,0,0,0
SLB STK SMART,20150323,122455,82.3,1,0,0,0,0,0
SLB STK SMART,20150323,122501,82.29,1,0,0,0,0,0
SLB STK SMART,20150323,122516,82.24,1,0,0,0,0,0
SLB STK SMART,20150323,122525,82.21,1,0,0,0,0,0
SLB STK SMART,20150323,122532,82.22,2,0,0,0,0,0
SLB STK SMART,20150323,122537,82.21,1,0,0,0,0,0
SLB STK SMART,20150323,122549,82.22,1,0,0,0,0,0
SLB STK SMART,20150323,122603,82.23,1,0,0,0,0,0
SLB STK SMART,20150323,122612,82.25,1,0,0,0,0,0
SLB STK SMART,20150323,122623,82.27,1,0,0,0,0,0
SLB STK SMART,20150323,122634,82.24,1,0,0,0,0,0
SLB STK SMART,20150323,122639,82.22,1,0,0,0,0,0
SLB STK SMART,20150323,122653,82.2,1,0,0,0,0,0
SLB STK SMART,20150323,122714,82.2,1,0,0,0,0,0
SLB STK SMART,20150323,122717,82.2,1,0,0,0,0,0
SLB STK SMART,20150323,122737,82.21,1,0,0,0,0,0
SLB STK SMART,20150323,122751,82.22,1,0,0,0,0,0
SLB STK SMART,20150323,122806,82.22,1,0,0,0,0,0
SLB STK SMART,20150323,122816,82.23,1,0,0,0,0,0
SLB STK SMART,20150323,122829,82.26,1,0,0,0,0,0
SLB STK SMART,20150323,122851,82.27,1,0,0,0,0,0
SLB STK SMART,20150323,122857,82.26,1,0,0,0,0,0
SLB STK SMART,20150323,122926,82.29,1,0,0,0,0,0
SLB STK SMART,20150323,122946,82.29,1,0,0,0,0,0
SLB STK SMART,20150323,123005,82.32,1,0,0,0,0,0
SLB STK SMART,20150323,123024,82.34,1,0,0,0,0,0
SLB STK SMART,20150323,123036,82.37,1,0,0,0,0,0
SLB STK SMART,20150323,123043,82.4,1,0,0,0,0,0
SLB STK SMART,20150323,123056,82.41,1,0,0,0,0,0
SLB STK SMART,20150323,123105,82.42,1,0,0,0,0,0
SLB STK SMART,20150323,123115,82.46,1,0,0,0,0,0
SLB STK SMART,20150323,123124,82.48,1,0,0,0,0,0
SLB STK SMART,20150323,123136,82.5,1,0,0,0,0,0
SLB STK SMART,20150323,123142,82.5,5,0,0,0,0,0
SLB STK SMART,20150323,123150,82.49,1,0,0,0,0,0
SLB STK SMART,20150323,123205,82.5,2,0,0,0,0,0
SLB STK SMART,20150323,123215,82.49,1,0,0,0,0,0
SLB STK SMART,20150323,123229,82.5,1,0,0,0,0,0
SLB STK SMART,20150323,123257,82.52,1,0,0,0,0,0
SLB STK SMART,20150323,123335,82.52,1,0,0,0,0,0
SLB STK SMART,20150323,123345,82.54,1,0,0,0,0,0
SLB STK SMART,20150323,123400,82.55,1,0,0,0,0,0
SLB STK SMART,20150323,123414,82.56,1,0,0,0,0,0
SLB STK SMART,20150323,123433,82.58,1,0,0,0,0,0
SLB STK SMART,20150323,123503,82.59,1,0,0,0,0,0
SLB STK SMART,20150323,123512,82.6,1,0,0,0,0,0
SLB STK SMART,20150323,123521,82.6,1,0,0,0,0,0
SLB STK SMART,20150323,123537,82.58,1,0,0,0,0,0
SLB STK SMART,20150323,123557,82.59,2,0,0,0,0,0
SLB STK SMART,20150323,123557,82.59,1,0,0,0,0,0
SLB STK SMART,20150323,123617,82.59,1,0,0,0,0,0
SLB STK SMART,20150323,123624,82.59,5,0,0,0,0,0
SLB STK SMART,20150323,123632,82.6,1,0,0,0,0,0
SLB STK SMART,20150323,123647,82.61,1,0,0,0,0,0
SLB STK SMART,20150323,123726,82.64,1,0,0,0,0,0
SLB STK SMART,20150323,123734,82.64,3,0,0,0,0,0
SLB STK SMART,20150323,123740,82.63,6,0,0,0,0,0
SLB STK SMART,20150323,123753,82.63,1,0,0,0,0,0
SLB STK SMART,20150323,123801,82.62,2,0,0,0,0,0
SLB STK SMART,20150323,123809,82.61,1,0,0,0,0,0
SLB STK SMART,20150323,123821,82.62,1,0,0,0,0,0
SLB STK SMART,20150323,123834,82.63,1,0,0,0,0,0
SLB STK SMART,20150323,123843,82.63,1,0,0,0,0,0
SLB STK SMART,20150323,123905,82.65,1,0,0,0,0,0
SLB STK SMART,20150323,123910,82.65,1,0,0,0,0,0
SLB STK SMART,20150323,123930,82.64,1,0,0,0,0,0
SLB STK SMART,20150323,123947,82.67,10,0,0,0,0,0
SLB STK SMART,20150323,123947,82.67,1,0,0,0,0,0
SLB STK SMART,20150323,124007,82.68,3,0,0,0,0,0
SLB STK SMART,20150323,124016,82.68,1,0,0,0,0,0
SLB STK SMART,20150323,124029,82.7,1,0,0,0,0,0
SLB STK SMART,20150323,124052,82.69,1,0,0,0,0,0
SLB STK SMART,20150323,124105,82.68,6,0,0,0,0,0
SLB STK SMART,20150323,124115,82.69,1,0,0,0,0,0
SLB STK SMART,20150323,124155,82.69,1,0,0,0,0,0
SLB STK SMART,20150323,124201,82.7,1,0,0,0,0,0
SLB STK SMART,20150323,124212,82.71,1,0,0,0,0,0
SLB STK SMART,20150323,124232,82.72,1,0,0,0,0,0
SLB STK SMART,20150323,124254,82.71,1,0,0,0,0,0
SLB STK SMART,20150323,124412,82.71,1,0,0,0,0,0
SLB STK SMART,20150323,124432,82.7,1,0,0,0,0,0
SLB STK SMART,20150323,124515,82.72,1,0,0,0,0,0
SLB STK SMART,20150323,124521,82.71,1,0,0,0,0,0
SLB STK SMART,20150323,124535,82.69,1,0,0,0,0,0
SLB STK SMART,20150323,124556,82.68,1,0,0,0,0,0
SLB STK SMART,20150323,124606,82.7,1,0,0,0,0,0
SLB STK SMART,20150323,124612,82.68,1,0,0,0,0,0
SLB STK SMART,20150323,124620,82.67,1,0,0,0,0,0
SLB STK SMART,20150323,124637,82.66,3,0,0,0,0,0
SLB STK SMART,20150323,124643,82.66,1,0,0,0,0,0
SLB STK SMART,20150323,124723,82.64,1,0,0,0,0,0
SLB STK SMART,20150323,124738,82.65,1,0,0,0,0,0
SLB STK SMART,20150323,124751,82.67,1,0,0,0,0,0
SLB STK SMART,20150323,124804,82.67,1,0,0,0,0,0
SLB STK SMART,20150323,124825,82.67,1,0,0,0,0,0
SLB STK SMART,20150323,124835,82.68,1,0,0,0,0,0
SLB STK SMART,20150323,124925,82.68,1,0,0,0,0,0
SLB STK SMART,20150323,124928,82.69,1,0,0,0,0,0
SLB STK SMART,20150323,124941,82.7,1,0,0,0,0,0
SLB STK SMART,20150323,125013,82.68,1,0,0,0,0,0
SLB STK SMART,20150323,125023,82.68,1,0,0,0,0,0
SLB STK SMART,20150323,125035,82.69,1,0,0,0,0,0
SLB STK SMART,20150323,125046,82.67,1,0,0,0,0,0
SLB STK SMART,20150323,125055,82.65,1,0,0,0,0,0
SLB STK SMART,20150323,125112,82.63,1,0,0,0,0,0
SLB STK SMART,20150323,125120,82.66,1,0,0,0,0,0
SLB STK SMART,20150323,125134,82.66,1,0,0,0,0,0
SLB STK SMART,20150323,125139,82.65,1,0,0,0,0,0
SLB STK SMART,20150323,125148,82.66,1,0,0,0,0,0
SLB STK SMART,20150323,125233,82.64,1,0,0,0,0,0
SLB STK SMART,20150323,125322,82.65,1,0,0,0,0,0
SLB STK SMART,20150323,125331,82.64,1,0,0,0,0,0
SLB STK SMART,20150323,125422,82.63,1,0,0,0,0,0
SLB STK SMART,20150323,125442,82.62,1,0,0,0,0,0
SLB STK SMART,20150323,125457,82.63,1,0,0,0,0,0
SLB STK SMART,20150323,125500,82.62,1,0,0,0,0,0
SLB STK SMART,20150323,125510,82.61,1,0,0,0,0,0
SLB STK SMART,20150323,125537,82.6,1,0,0,0,0,0
SLB STK SMART,20150323,125608,82.59,1,0,0,0,0,0
SLB STK SMART,20150323,125624,82.57,1,0,0,0,0,0
SLB STK SMART,20150323,125630,82.56,1,0,0,0,0,0
SLB STK SMART,20150323,125643,82.54,1,0,0,0,0,0
SLB STK SMART,20150323,125651,82.55,1,0,0,0,0,0
SLB STK SMART,20150323,125658,82.57,1,0,0,0,0,0
SLB STK SMART,20150323,125721,82.56,1,0,0,0,0,0
SLB STK SMART,20150323,125757,82.57,2,0,0,0,0,0
SLB STK SMART,20150323,125813,82.59,1,0,0,0,0,0
SLB STK SMART,20150323,125830,82.59,1,0,0,0,0,0
SLB STK SMART,20150323,125847,82.58,1,0,0,0,0,0
SLB STK SMART,20150323,125848,82.57,1,0,0,0,0,0
SLB STK SMART,20150323,125913,82.58,1,0,0,0,0,0
SLB STK SMART,20150323,125928,82.59,1,0,0,0,0,0
SLB STK SMART,20150323,130001,82.58,1,0,0,0,0,0
SLB STK SMART,20150323,130028,82.59,1,0,0,0,0,0
SLB STK SMART,20150323,130036,82.57,1,0,0,0,0,0
SLB STK SMART,20150323,130044,82.58,1,0,0,0,0,0
SLB STK SMART,20150323,130109,82.6,1,0,0,0,0,0
SLB STK SMART,20150323,130118,82.59,1,0,0,0,0,0
SLB STK SMART,20150323,130147,82.58,1,0,0,0,0,0
SLB STK SMART,20150323,130156,82.6,1,0,0,0,0,0
SLB STK SMART,20150323,130201,82.61,1,0,0,0,0,0
SLB STK SMART,20150323,130209,82.6,1,0,0,0,0,0
SLB STK SMART,20150323,130228,82.6,1,0,0,0,0,0
SLB STK SMART,20150323,130243,82.59,1,0,0,0,0,0
SLB STK SMART,20150323,130259,82.6,1,0,0,0,0,0
SLB STK SMART,20150323,130316,82.6,1,0,0,0,0,0
SLB STK SMART,20150323,130321,82.59,1,0,0,0,0,0
SLB STK SMART,20150323,130345,82.61,1,0,0,0,0,0
SLB STK SMART,20150323,130351,82.6,1,0,0,0,0,0
SLB STK SMART,20150323,130411,82.59,1,0,0,0,0,0
SLB STK SMART,20150323,130424,82.6,1,0,0,0,0,0
SLB STK SMART,20150323,130431,82.6,1,0,0,0,0,0
SLB STK SMART,20150323,130501,82.58,1,0,0,0,0,0
SLB STK SMART,20150323,130512,82.57,1,0,0,0,0,0
SLB STK SMART,20150323,130543,82.58,1,0,0,0,0,0
SLB STK SMART,20150323,130554,82.59,1,0,0,0,0,0
SLB STK SMART,20150323,130601,82.58,1,0,0,0,0,0
SLB STK SMART,20150323,130628,82.59,1,0,0,0,0,0
SLB STK SMART,20150323,130634,82.56,1,0,0,0,0,0
SLB STK SMART,20150323,130645,82.56,1,0,0,0,0,0
SLB STK SMART,20150323,130701,82.56,1,0,0,0,0,0
SLB STK SMART,20150323,130718,82.56,1,0,0,0,0,0
SLB STK SMART,20150323,130752,82.57,1,0,0,0,0,0
SLB STK SMART,20150323,130811,82.58,1,0,0,0,0,0
SLB STK SMART,20150323,130830,82.6,1,0,0,0,0,0
SLB STK SMART,20150323,130903,82.61,1,0,0,0,0,0
SLB STK SMART,20150323,130914,82.61,1,0,0,0,0,0
SLB STK SMART,20150323,130936,82.62,1,0,0,0,0,0
SLB STK SMART,20150323,131016,82.61,1,0,0,0,0,0
SLB STK SMART,20150323,131028,82.6,1,0,0,0,0,0
SLB STK SMART,20150323,131036,82.6,1,0,0,0,0,0
SLB STK SMART,20150323,131100,82.6,1,0,0,0,0,0
SLB STK SMART,20150323,131109,82.59,1,0,0,0,0,0
SLB STK SMART,20150323,131130,82.6,1,0,0,0,0,0
SLB STK SMART,20150323,131147,82.59,1,0,0,0,0,0
SLB STK SMART,20150323,131218,82.57,1,0,0,0,0,0
SLB STK SMART,20150323,131228,82.58,1,0,0,0,0,0
SLB STK SMART,20150323,131258,82.59,1,0,0,0,0,0
SLB STK SMART,20150323,131304,82.58,1,0,0,0,0,0
SLB STK SMART,20150323,131343,82.56,1,0,0,0,0,0
SLB STK SMART,20150323,131413,82.57,1,0,0,0,0,0
SLB STK SMART,20150323,131426,82.56,1,0,0,0,0,0
SLB STK SMART,20150323,131441,82.55,1,0,0,0,0,0
SLB STK SMART,20150323,131509,82.53,1,0,0,0,0,0
SLB STK SMART,20150323,131520,82.52,1,0,0,0,0,0
SLB STK SMART,20150323,131536,82.52,2,0,0,0,0,0
SLB STK SMART,20150323,131553,82.52,1,0,0,0,0,0
SLB STK SMART,20150323,131628,82.52,2,0,0,0,0,0
SLB STK SMART,20150323,131702,82.5,1,0,0,0,0,0
SLB STK SMART,20150323,131709,82.49,1,0,0,0,0,0
SLB STK SMART,20150323,131738,82.47,1,0,0,0,0,0
SLB STK SMART,20150323,131758,82.46,1,0,0,0,0,0
SLB STK SMART,20150323,131808,82.46,9,0,0,0,0,0
SLB STK SMART,20150323,131812,82.46,1,0,0,0,0,0
SLB STK SMART,20150323,131832,82.47,1,0,0,0,0,0
SLB STK SMART,20150323,131846,82.47,1,0,0,0,0,0
SLB STK SMART,20150323,131924,82.47,1,0,0,0,0,0
SLB STK SMART,20150323,132057,82.48,1,0,0,0,0,0
SLB STK SMART,20150323,132101,82.48,1,0,0,0,0,0
SLB STK SMART,20150323,132127,82.5,1,0,0,0,0,0
SLB STK SMART,20150323,132132,82.51,1,0,0,0,0,0
SLB STK SMART,20150323,132146,82.5,1,0,0,0,0,0
SLB STK SMART,20150323,132205,82.48,1,0,0,0,0,0
SLB STK SMART,20150323,132218,82.5,1,0,0,0,0,0
SLB STK SMART,20150323,132236,82.54,1,0,0,0,0,0
SLB STK SMART,20150323,132244,82.56,1,0,0,0,0,0
SLB STK SMART,20150323,132345,82.55,1,0,0,0,0,0
SLB STK SMART,20150323,132354,82.56,1,0,0,0,0,0
SLB STK SMART,20150323,132405,82.58,1,0,0,0,0,0
SLB STK SMART,20150323,132418,82.6,1,0,0,0,0,0
SLB STK SMART,20150323,132421,82.59,1,0,0,0,0,0
SLB STK SMART,20150323,132436,82.58,1,0,0,0,0,0
SLB STK SMART,20150323,132447,82.57,2,0,0,0,0,0
SLB STK SMART,20150323,132509,82.54,1,0,0,0,0,0
SLB STK SMART,20150323,132517,82.56,1,0,0,0,0,0
SLB STK SMART,20150323,132524,82.56,1,0,0,0,0,0
SLB STK SMART,20150323,132535,82.59,1,0,0,0,0,0
SLB STK SMART,20150323,132627,82.51,1,0,0,0,0,0
SLB STK SMART,20150323,132644,82.5,1,0,0,0,0,0
SLB STK SMART,20150323,132658,82.49,1,0,0,0,0,0
SLB STK SMART,20150323,132725,82.43,2,0,0,0,0,0
SLB STK SMART,20150323,132737,82.41,1,0,0,0,0,0
SLB STK SMART,20150323,132748,82.42,1,0,0,0,0,0
SLB STK SMART,20150323,132823,82.42,1,0,0,0,0,0
SLB STK SMART,20150323,132845,82.41,1,0,0,0,0,0
SLB STK SMART,20150323,132856,82.4,1,0,0,0,0,0
SLB STK SMART,20150323,132911,82.37,1,0,0,0,0,0
SLB STK SMART,20150323,132927,82.36,2,0,0,0,0,0
SLB STK SMART,20150323,133039,82.33,1,0,0,0,0,0
SLB STK SMART,20150323,133048,82.34,1,0,0,0,0,0
SLB STK SMART,20150323,133053,82.35,1,0,0,0,0,0
SLB STK SMART,20150323,133107,82.37,1,0,0,0,0,0
SLB STK SMART,20150323,133125,82.39,2,0,0,0,0,0
SLB STK SMART,20150323,133148,82.39,1,0,0,0,0,0
SLB STK SMART,20150323,133254,82.39,1,0,0,0,0,0
SLB STK SMART,20150323,133335,82.37,1,0,0,0,0,0
SLB STK SMART,20150323,133343,82.38,1,0,0,0,0,0
SLB STK SMART,20150323,133406,82.37,1,0,0,0,0,0
SLB STK SMART,20150323,133439,82.35,1,0,0,0,0,0
SLB STK SMART,20150323,133448,82.34,1,0,0,0,0,0
SLB STK SMART,20150323,133454,82.32,1,0,0,0,0,0
SLB STK SMART,20150323,133546,82.3,1,0,0,0,0,0
SLB STK SMART,20150323,133559,82.31,1,0,0,0,0,0
SLB STK SMART,20150323,133607,82.32,1,0,0,0,0,0
SLB STK SMART,20150323,133626,82.32,1,0,0,0,0,0
SLB STK SMART,20150323,133640,82.31,1,0,0,0,0,0
SLB STK SMART,20150323,133744,82.3,1,0,0,0,0,0
SLB STK SMART,20150323,133838,82.29,1,0,0,0,0,0
SLB STK SMART,20150323,133852,82.3,1,0,0,0,0,0
SLB STK SMART,20150323,133912,82.29,1,0,0,0,0,0
SLB STK SMART,20150323,133953,82.31,1,0,0,0,0,0
SLB STK SMART,20150323,134036,82.32,2,0,0,0,0,0
SLB STK SMART,20150323,134045,82.32,1,0,0,0,0,0
SLB STK SMART,20150323,134119,82.33,1,0,0,0,0,0
SLB STK SMART,20150323,134128,82.35,1,0,0,0,0,0
SLB STK SMART,20150323,134137,82.34,1,0,0,0,0,0
SLB STK SMART,20150323,134147,82.35,1,0,0,0,0,0
SLB STK SMART,20150323,134157,82.37,1,0,0,0,0,0
SLB STK SMART,20150323,134219,82.4,1,0,0,0,0,0
SLB STK SMART,20150323,134229,82.39,2,0,0,0,0,0
SLB STK SMART,20150323,134246,82.38,1,0,0,0,0,0
SLB STK SMART,20150323,134330,82.39,1,0,0,0,0,0
SLB STK SMART,20150323,134357,82.41,1,0,0,0,0,0
SLB STK SMART,20150323,134403,82.42,1,0,0,0,0,0
SLB STK SMART,20150323,134416,82.45,1,0,0,0,0,0
SLB STK SMART,20150323,134428,82.46,1,0,0,0,0,0
SLB STK SMART,20150323,134450,82.46,4,0,0,0,0,0
SLB STK SMART,20150323,134453,82.46,1,0,0,0,0,0
SLB STK SMART,20150323,134512,82.45,1,0,0,0,0,0
SLB STK SMART,20150323,134529,82.44,1,0,0,0,0,0
SLB STK SMART,20150323,134544,82.45,1,0,0,0,0,0
SLB STK SMART,20150323,134553,82.46,1,0,0,0,0,0
SLB STK SMART,20150323,134603,82.45,1,0,0,0,0,0
SLB STK SMART,20150323,134626,82.44,1,0,0,0,0,0
SLB STK SMART,20150323,134637,82.44,1,0,0,0,0,0
SLB STK SMART,20150323,134648,82.47,1,0,0,0,0,0
SLB STK SMART,20150323,134704,82.48,1,0,0,0,0,0
SLB STK SMART,20150323,134725,82.47,2,0,0,0,0,0
SLB STK SMART,20150323,134739,82.46,1,0,0,0,0,0
SLB STK SMART,20150323,134741,82.45,1,0,0,0,0,0
SLB STK SMART,20150323,134801,82.43,1,0,0,0,0,0
SLB STK SMART,20150323,134814,82.41,1,0,0,0,0,0
SLB STK SMART,20150323,134826,82.42,1,0,0,0,0,0
SLB STK SMART,20150323,134835,82.42,1,0,0,0,0,0
SLB STK SMART,20150323,134850,82.43,1,0,0,0,0,0
SLB STK SMART,20150323,134853,82.42,1,0,0,0,0,0
SLB STK SMART,20150323,134904,82.4,1,0,0,0,0,0
SLB STK SMART,20150323,134921,82.39,1,0,0,0,0,0
SLB STK SMART,20150323,134950,82.41,1,0,0,0,0,0
SLB STK SMART,20150323,135009,82.42,1,0,0,0,0,0
SLB STK SMART,20150323,135019,82.44,1,0,0,0,0,0
SLB STK SMART,20150323,135029,82.44,1,0,0,0,0,0
SLB STK SMART,20150323,135042,82.42,2,0,0,0,0,0
SLB STK SMART,20150323,135058,82.43,1,0,0,0,0,0
SLB STK SMART,20150323,135110,82.42,1,0,0,0,0,0
SLB STK SMART,20150323,135113,82.43,1,0,0,0,0,0
SLB STK SMART,20150323,135129,82.45,1,0,0,0,0,0
SLB STK SMART,20150323,135217,82.42,2,0,0,0,0,0
SLB STK SMART,20150323,135229,82.42,1,0,0,0,0,0
SLB STK SMART,20150323,135231,82.41,6,0,0,0,0,0
SLB STK SMART,20150323,135248,82.42,1,0,0,0,0,0
SLB STK SMART,20150323,135300,82.4,1,0,0,0,0,0
SLB STK SMART,20150323,135310,82.4,1,0,0,0,0,0
SLB STK SMART,20150323,135319,82.42,1,0,0,0,0,0
SLB STK SMART,20150323,135332,82.43,1,0,0,0,0,0
SLB STK SMART,20150323,135351,82.46,1,0,0,0,0,0
SLB STK SMART,20150323,135409,82.46,1,0,0,0,0,0
SLB STK SMART,20150323,135421,82.45,1,0,0,0,0,0
SLB STK SMART,20150323,135500,82.44,1,0,0,0,0,0
SLB STK SMART,20150323,135510,82.43,1,0,0,0,0,0
SLB STK SMART,20150323,135521,82.42,1,0,0,0,0,0
SLB STK SMART,20150323,135555,82.41,1,0,0,0,0,0
SLB STK SMART,20150323,135608,82.4,1,0,0,0,0,0
SLB STK SMART,20150323,135623,82.37,1,0,0,0,0,0
SLB STK SMART,20150323,135638,82.36,1,0,0,0,0,0
SLB STK SMART,20150323,135643,82.35,1,0,0,0,0,0
SLB STK SMART,20150323,135654,82.33,1,0,0,0,0,0
SLB STK SMART,20150323,135705,82.31,1,0,0,0,0,0
SLB STK SMART,20150323,135729,82.31,1,0,0,0,0,0
SLB STK SMART,20150323,135750,82.32,1,0,0,0,0,0
SLB STK SMART,20150323,135800,82.33,1,0,0,0,0,0
SLB STK SMART,20150323,135825,82.31,1,0,0,0,0,0
SLB STK SMART,20150323,135850,82.33,1,0,0,0,0,0
SLB STK SMART,20150323,135930,82.31,1,0,0,0,0,0
SLB STK SMART,20150323,135932,82.32,1,0,0,0,0,0
SLB STK SMART,20150323,140009,82.31,1,0,0,0,0,0
SLB STK SMART,20150323,140020,82.33,1,0,0,0,0,0
SLB STK SMART,20150323,140025,82.34,1,0,0,0,0,0
SLB STK SMART,20150323,140032,82.34,5,0,0,0,0,0
SLB STK SMART,20150323,140107,82.33,1,0,0,0,0,0
SLB STK SMART,20150323,140132,82.34,1,0,0,0,0,0
SLB STK SMART,20150323,140208,82.39,1,0,0,0,0,0
SLB STK SMART,20150323,140219,82.42,1,0,0,0,0,0
SLB STK SMART,20150323,140224,82.43,1,0,0,0,0,0
SLB STK SMART,20150323,140238,82.42,1,0,0,0,0,0
SLB STK SMART,20150323,140251,82.42,10,0,0,0,0,0
SLB STK SMART,20150323,140301,82.42,1,0,0,0,0,0
SLB STK SMART,20150323,140310,82.43,1,0,0,0,0,0
SLB STK SMART,20150323,140324,82.42,1,0,0,0,0,0
SLB STK SMART,20150323,140337,82.43,1,0,0,0,0,0
SLB STK SMART,20150323,140343,82.44,1,0,0,0,0,0
SLB STK SMART,20150323,140356,82.44,2,0,0,0,0,0
SLB STK SMART,20150323,140405,82.45,3,0,0,0,0,0
SLB STK SMART,20150323,140414,82.44,1,0,0,0,0,0
SLB STK SMART,20150323,140424,82.43,1,0,0,0,0,0
SLB STK SMART,20150323,140501,82.42,1,0,0,0,0,0
SLB STK SMART,20150323,140508,82.43,1,0,0,0,0,0
SLB STK SMART,20150323,140513,82.44,1,0,0,0,0,0
SLB STK SMART,20150323,140530,82.45,1,0,0,0,0,0
SLB STK SMART,20150323,140555,82.44,1,0,0,0,0,0
SLB STK SMART,20150323,140609,82.45,1,0,0,0,0,0
SLB STK SMART,20150323,140637,82.44,1,0,0,0,0,0
SLB STK SMART,20150323,140705,82.46,1,0,0,0,0,0
SLB STK SMART,20150323,140718,82.46,1,0,0,0,0,0
SLB STK SMART,20150323,140730,82.46,1,0,0,0,0,0
SLB STK SMART,20150323,140757,82.45,1,0,0,0,0,0
SLB STK SMART,20150323,140810,82.47,1,0,0,0,0,0
SLB STK SMART,20150323,140819,82.46,1,0,0,0,0,0
SLB STK SMART,20150323,140828,82.47,1,0,0,0,0,0
SLB STK SMART,20150323,140839,82.48,1,0,0,0,0,0
SLB STK SMART,20150323,140852,82.49,1,0,0,0,0,0
SLB STK SMART,20150323,140917,82.51,1,0,0,0,0,0
SLB STK SMART,20150323,140935,82.52,1,0,0,0,0,0
SLB STK SMART,20150323,140957,82.51,1,0,0,0,0,0
SLB STK SMART,20150323,141002,82.5,1,0,0,0,0,0
SLB STK SMART,20150323,141019,82.51,1,0,0,0,0,0
SLB STK SMART,20150323,141029,82.53,1,0,0,0,0,0
SLB STK SMART,20150323,141106,82.53,1,0,0,0,0,0
SLB STK SMART,20150323,141116,82.52,1,0,0,0,0,0
SLB STK SMART,20150323,141201,82.52,1,0,0,0,0,0
SLB STK SMART,20150323,141209,82.5,2,0,0,0,0,0
SLB STK SMART,20150323,141219,82.49,1,0,0,0,0,0
SLB STK SMART,20150323,141231,82.5,1,0,0,0,0,0
SLB STK SMART,20150323,141311,82.52,1,0,0,0,0,0
SLB STK SMART,20150323,141320,82.54,1,0,0,0,0,0
SLB STK SMART,20150323,141331,82.56,1,0,0,0,0,0
SLB STK SMART,20150323,141334,82.56,1,0,0,0,0,0
SLB STK SMART,20150323,141351,82.58,1,0,0,0,0,0
SLB STK SMART,20150323,141410,82.59,1,0,0,0,0,0
SLB STK SMART,20150323,141414,82.6,1,0,0,0,0,0
SLB STK SMART,20150323,141427,82.61,1,0,0,0,0,0
SLB STK SMART,20150323,141439,82.57,1,0,0,0,0,0
SLB STK SMART,20150323,141454,82.56,1,0,0,0,0,0
SLB STK SMART,20150323,141510,82.57,1,0,0,0,0,0
SLB STK SMART,20150323,141534,82.56,2,0,0,0,0,0
SLB STK SMART,20150323,141554,82.55,1,0,0,0,0,0
SLB STK SMART,20150323,141606,82.58,1,0,0,0,0,0
SLB STK SMART,20150323,141615,82.6,1,0,0,0,0,0
SLB STK SMART,20150323,141639,82.59,6,0,0,0,0,0
SLB STK SMART,20150323,141650,82.58,1,0,0,0,0,0
SLB STK SMART,20150323,141657,82.57,3,0,0,0,0,0
SLB STK SMART,20150323,141703,82.56,1,0,0,0,0,0
SLB STK SMART,20150323,141728,82.57,1,0,0,0,0,0
SLB STK SMART,20150323,141749,82.55,1,0,0,0,0,0
SLB STK SMART,20150323,141757,82.56,1,0,0,0,0,0
SLB STK SMART,20150323,141811,82.54,1,0,0,0,0,0
SLB STK SMART,20150323,141821,82.54,1,0,0,0,0,0
SLB STK SMART,20150323,141830,82.53,1,0,0,0,0,0
SLB STK SMART,20150323,141840,82.52,2,0,0,0,0,0
SLB STK SMART,20150323,141850,82.5,1,0,0,0,0,0
SLB STK SMART,20150323,141910,82.51,1,0,0,0,0,0
SLB STK SMART,20150323,141921,82.55,1,0,0,0,0,0
SLB STK SMART,20150323,141937,82.54,1,0,0,0,0,0
SLB STK SMART,20150323,141942,82.52,1,0,0,0,0,0
SLB STK SMART,20150323,142018,82.53,1,0,0,0,0,0
SLB STK SMART,20150323,142032,82.52,1,0,0,0,0,0
SLB STK SMART,20150323,142042,82.56,1,0,0,0,0,0
SLB STK SMART,20150323,142052,82.54,1,0,0,0,0,0
SLB STK SMART,20150323,142109,82.55,1,0,0,0,0,0
SLB STK SMART,20150323,142122,82.55,1,0,0,0,0,0
SLB STK SMART,20150323,142131,82.53,1,0,0,0,0,0
SLB STK SMART,20150323,142142,82.56,1,0,0,0,0,0
SLB STK SMART,20150323,142152,82.55,1,0,0,0,0,0
SLB STK SMART,20150323,142209,82.57,3,0,0,0,0,0
SLB STK SMART,20150323,142215,82.56,1,0,0,0,0,0
SLB STK SMART,20150323,142301,82.57,1,0,0,0,0,0
SLB STK SMART,20150323,142322,82.57,2,0,0,0,0,0
SLB STK SMART,20150323,142329,82.57,1,0,0,0,0,0
SLB STK SMART,20150323,142340,82.6,1,0,0,0,0,0
SLB STK SMART,20150323,142351,82.61,2,0,0,0,0,0
SLB STK SMART,20150323,142359,82.61,1,0,0,0,0,0
SLB STK SMART,20150323,142410,82.6,1,0,0,0,0,0
SLB STK SMART,20150323,142422,82.61,1,0,0,0,0,0
SLB STK SMART,20150323,142433,82.62,1,0,0,0,0,0
SLB STK SMART,20150323,142445,82.59,1,0,0,0,0,0
SLB STK SMART,20150323,142500,82.59,1,0,0,0,0,0
SLB STK SMART,20150323,142509,82.61,1,0,0,0,0,0
SLB STK SMART,20150323,142536,82.61,1,0,0,0,0,0
SLB STK SMART,20150323,142547,82.62,1,0,0,0,0,0
SLB STK SMART,20150323,142557,82.61,1,0,0,0,0,0
SLB STK SMART,20150323,142610,82.59,1,0,0,0,0,0
SLB STK SMART,20150323,142619,82.6,1,0,0,0,0,0
SLB STK SMART,20150323,142624,82.61,1,0,0,0,0,0
SLB STK SMART,20150323,142641,82.59,1,0,0,0,0,0
SLB STK SMART,20150323,142658,82.6,1,0,0,0,0,0
SLB STK SMART,20150323,142751,82.63,1,0,0,0,0,0
SLB STK SMART,20150323,142802,82.64,1,0,0,0,0,0
SLB STK SMART,20150323,142805,82.62,1,0,0,0,0,0
SLB STK SMART,20150323,142829,82.64,1,0,0,0,0,0
SLB STK SMART,20150323,142848,82.65,1,0,0,0,0,0
SLB STK SMART,20150323,142900,82.64,1,0,0,0,0,0
SLB STK SMART,20150323,142920,82.64,1,0,0,0,0,0
SLB STK SMART,20150323,142926,82.65,1,0,0,0,0,0
SLB STK SMART,20150323,142938,82.64,1,0,0,0,0,0
SLB STK SMART,20150323,143031,82.6,1,0,0,0,0,0
SLB STK SMART,20150323,143127,82.57,1,0,0,0,0,0
SLB STK SMART,20150323,143137,82.56,1,0,0,0,0,0
SLB STK SMART,20150323,143209,82.55,1,0,0,0,0,0
SLB STK SMART,20150323,143218,82.53,1,0,0,0,0,0
SLB STK SMART,20150323,143226,82.51,1,0,0,0,0,0
SLB STK SMART,20150323,143238,82.49,1,0,0,0,0,0
SLB STK SMART,20150323,143252,82.47,1,0,0,0,0,0
SLB STK SMART,20150323,143257,82.48,1,0,0,0,0,0
SLB STK SMART,20150323,143317,82.47,2,0,0,0,0,0
SLB STK SMART,20150323,143336,82.5,1,0,0,0,0,0
SLB STK SMART,20150323,143404,82.48,1,0,0,0,0,0
SLB STK SMART,20150323,143506,82.46,1,0,0,0,0,0
SLB STK SMART,20150323,143527,82.44,1,0,0,0,0,0
SLB STK SMART,20150323,143536,82.43,1,0,0,0,0,0
SLB STK SMART,20150323,143551,82.39,1,0,0,0,0,0
SLB STK SMART,20150323,143606,82.4,1,0,0,0,0,0
SLB STK SMART,20150323,143649,82.41,1,0,0,0,0,0
SLB STK SMART,20150323,143654,82.39,1,0,0,0,0,0
SLB STK SMART,20150323,143710,82.4,1,0,0,0,0,0
SLB STK SMART,20150323,143716,82.41,1,0,0,0,0,0
SLB STK SMART,20150323,143729,82.4,1,0,0,0,0,0
SLB STK SMART,20150323,143751,82.38,1,0,0,0,0,0
SLB STK SMART,20150323,143837,82.37,1,0,0,0,0,0
SLB STK SMART,20150323,143852,82.38,1,0,0,0,0,0
SLB STK SMART,20150323,143854,82.37,1,0,0,0,0,0
SLB STK SMART,20150323,143909,82.38,1,0,0,0,0,0
SLB STK SMART,20150323,143931,82.4,1,0,0,0,0,0
SLB STK SMART,20150323,143934,82.4,1,0,0,0,0,0
SLB STK SMART,20150323,144010,82.41,1,0,0,0,0,0
SLB STK SMART,20150323,144022,82.4,1,0,0,0,0,0
SLB STK SMART,20150323,144031,82.38,1,0,0,0,0,0
SLB STK SMART,20150323,144042,82.41,1,0,0,0,0,0
SLB STK SMART,20150323,144052,82.43,1,0,0,0,0,0
SLB STK SMART,20150323,144055,82.42,1,0,0,0,0,0
SLB STK SMART,20150323,144110,82.43,1,0,0,0,0,0
SLB STK SMART,20150323,144122,82.46,1,0,0,0,0,0
SLB STK SMART,20150323,144128,82.45,1,0,0,0,0,0
SLB STK SMART,20150323,144141,82.47,1,0,0,0,0,0
SLB STK SMART,20150323,144203,82.48,1,0,0,0,0,0
SLB STK SMART,20150323,144220,82.49,1,0,0,0,0,0
SLB STK SMART,20150323,144229,82.51,1,0,0,0,0,0
SLB STK SMART,20150323,144308,82.5,1,0,0,0,0,0
SLB STK SMART,20150323,144346,82.51,1,0,0,0,0,0
SLB STK SMART,20150323,144410,82.52,1,0,0,0,0,0
SLB STK SMART,20150323,144428,82.53,1,0,0,0,0,0
SLB STK SMART,20150323,144443,82.52,2,0,0,0,0,0
SLB STK SMART,20150323,144448,82.53,1,0,0,0,0,0
SLB STK SMART,20150323,144507,82.53,1,0,0,0,0,0
SLB STK SMART,20150323,144513,82.52,1,0,0,0,0,0
SLB STK SMART,20150323,144531,82.53,1,0,0,0,0,0
SLB STK SMART,20150323,144543,82.52,1,0,0,0,0,0
SLB STK SMART,20150323,144545,82.53,1,0,0,0,0,0
SLB STK SMART,20150323,144620,82.53,2,0,0,0,0,0
SLB STK SMART,20150323,144638,82.54,1,0,0,0,0,0
SLB STK SMART,20150323,144703,82.53,1,0,0,0,0,0
SLB STK SMART,20150323,144717,82.54,1,0,0,0,0,0
SLB STK SMART,20150323,144733,82.56,1,0,0,0,0,0
SLB STK SMART,20150323,144743,82.55,1,0,0,0,0,0
SLB STK SMART,20150323,144745,82.53,1,0,0,0,0,0
SLB STK SMART,20150323,144757,82.52,1,0,0,0,0,0
SLB STK SMART,20150323,144809,82.49,2,0,0,0,0,0
SLB STK SMART,20150323,144818,82.49,2,0,0,0,0,0
SLB STK SMART,20150323,144830,82.46,1,0,0,0,0,0
SLB STK SMART,20150323,144838,82.47,1,0,0,0,0,0
SLB STK SMART,20150323,144852,82.44,2,0,0,0,0,0
SLB STK SMART,20150323,144900,82.43,1,0,0,0,0,0
SLB STK SMART,20150323,144921,82.44,1,0,0,0,0,0
SLB STK SMART,20150323,144933,82.39,1,0,0,0,0,0
SLB STK SMART,20150323,144950,82.37,2,0,0,0,0,0
SLB STK SMART,20150323,144959,82.36,1,0,0,0,0,0
SLB STK SMART,20150323,145020,82.36,1,0,0,0,0,0
SLB STK SMART,20150323,145033,82.37,2,0,0,0,0,0
SLB STK SMART,20150323,145040,82.36,1,0,0,0,0,0
SLB STK SMART,20150323,145050,82.36,1,0,0,0,0,0
SLB STK SMART,20150323,145101,82.37,2,0,0,0,0,0
SLB STK SMART,20150323,145122,82.38,1,0,0,0,0,0
SLB STK SMART,20150323,145133,82.36,2,0,0,0,0,0
SLB STK SMART,20150323,145140,82.35,1,0,0,0,0,0
SLB STK SMART,20150323,145209,82.37,3,0,0,0,0,0
SLB STK SMART,20150323,145223,82.38,1,0,0,0,0,0
SLB STK SMART,20150323,145241,82.35,1,0,0,0,0,0
SLB STK SMART,20150323,145301,82.38,1,0,0,0,0,0
SLB STK SMART,20150323,145312,82.35,1,0,0,0,0,0
SLB STK SMART,20150323,145327,82.34,1,0,0,0,0,0
SLB STK SMART,20150323,145343,82.34,1,0,0,0,0,0
SLB STK SMART,20150323,145352,82.32,1,0,0,0,0,0
SLB STK SMART,20150323,145415,82.34,1,0,0,0,0,0
SLB STK SMART,20150323,145442,82.33,1,0,0,0,0,0
SLB STK SMART,20150323,145502,82.32,2,0,0,0,0,0
SLB STK SMART,20150323,145508,82.32,1,0,0,0,0,0
SLB STK SMART,20150323,145521,82.3,1,0,0,0,0,0
SLB STK SMART,20150323,145528,82.29,1,0,0,0,0,0
SLB STK SMART,20150323,145543,82.27,1,0,0,0,0,0
SLB STK SMART,20150323,145548,82.27,1,0,0,0,0,0
SLB STK SMART,20150323,145600,82.28,1,0,0,0,0,0
SLB STK SMART,20150323,145611,82.26,1,0,0,0,0,0
SLB STK SMART,20150323,145638,82.27,2,0,0,0,0,0
SLB STK SMART,20150323,145653,82.27,2,0,0,0,0,0
SLB STK SMART,20150323,145658,82.25,1,0,0,0,0,0
SLB STK SMART,20150323,145707,82.24,1,0,0,0,0,0
SLB STK SMART,20150323,145723,82.26,2,0,0,0,0,0
SLB STK SMART,20150323,145728,82.27,2,0,0,0,0,0
SLB STK SMART,20150323,145743,82.27,2,0,0,0,0,0
SLB STK SMART,20150323,145800,82.28,6,0,0,0,0,0
SLB STK SMART,20150323,145807,82.29,1,0,0,0,0,0
SLB STK SMART,20150323,145850,82.29,1,0,0,0,0,0
SLB STK SMART,20150323,145901,82.31,1,0,0,0,0,0
SLB STK SMART,20150323,145926,82.32,1,0,0,0,0,0
SLB STK SMART,20150323,145940,82.31,2,0,0,0,0,0
SLB STK SMART,20150323,145948,82.29,2,0,0,0,0,0
SLB STK SMART,20150323,150001,82.23,1,0,0,0,0,0
SLB STK SMART,20150323,150006,82.24,1,0,0,0,0,0
SLB STK SMART,20150323,150020,82.23,1,0,0,0,0,0
SLB STK SMART,20150323,150034,82.24,1,0,0,0,0,0
SLB STK SMART,20150323,150052,82.27,1,0,0,0,0,0
SLB STK SMART,20150323,150103,82.3,2,0,0,0,0,0
SLB STK SMART,20150323,150109,82.32,1,0,0,0,0,0
SLB STK SMART,20150323,150121,82.31,2,0,0,0,0,0
SLB STK SMART,20150323,150133,82.31,1,0,0,0,0,0
SLB STK SMART,20150323,150148,82.3,1,0,0,0,0,0
SLB STK SMART,20150323,150234,82.29,1,0,0,0,0,0
SLB STK SMART,20150323,150242,82.28,1,0,0,0,0,0
SLB STK SMART,20150323,150251,82.3,2,0,0,0,0,0
SLB STK SMART,20150323,150300,82.3,1,0,0,0,0,0
SLB STK SMART,20150323,150323,82.28,1,0,0,0,0,0
SLB STK SMART,20150323,150326,82.29,1,0,0,0,0,0
SLB STK SMART,20150323,150344,82.3,2,0,0,0,0,0
SLB STK SMART,20150323,150344,82.3,1,0,0,0,0,0
SLB STK SMART,20150323,150359,82.31,1,0,0,0,0,0
SLB STK SMART,20150323,150432,82.3,1,0,0,0,0,0
SLB STK SMART,20150323,150441,82.29,1,0,0,0,0,0
SLB STK SMART,20150323,150446,82.27,1,0,0,0,0,0
SLB STK SMART,20150323,150508,82.26,1,0,0,0,0,0
SLB STK SMART,20150323,150528,82.27,1,0,0,0,0,0
SLB STK SMART,20150323,150542,82.27,1,0,0,0,0,0
SLB STK SMART,20150323,150554,82.27,1,0,0,0,0,0
SLB STK SMART,20150323,150557,82.27,1,0,0,0,0,0
SLB STK SMART,20150323,150609,82.25,1,0,0,0,0,0
SLB STK SMART,20150323,150647,82.24,1,0,0,0,0,0
SLB STK SMART,20150323,150703,82.19,1,0,0,0,0,0
SLB STK SMART,20150323,150712,82.16,1,0,0,0,0,0
SLB STK SMART,20150323,150749,82.17,1,0,0,0,0,0
SLB STK SMART,20150323,150810,82.19,1,0,0,0,0,0
SLB STK SMART,20150323,150826,82.2,1,0,0,0,0,0
SLB STK SMART,20150323,150840,82.2,1,0,0,0,0,0
SLB STK SMART,20150323,150853,82.2,1,0,0,0,0,0
SLB STK SMART,20150323,150859,82.21,1,0,0,0,0,0
SLB STK SMART,20150323,150911,82.22,1,0,0,0,0,0
SLB STK SMART,20150323,150931,82.21,1,0,0,0,0,0
SLB STK SMART,20150323,151014,82.22,1,0,0,0,0,0
SLB STK SMART,20150323,151018,82.23,1,0,0,0,0,0
SLB STK SMART,20150323,151035,82.22,1,0,0,0,0,0
SLB STK SMART,20150323,151050,82.2,1,0,0,0,0,0
SLB STK SMART,20150323,151100,82.19,1,0,0,0,0,0
SLB STK SMART,20150323,151109,82.19,1,0,0,0,0,0
SLB STK SMART,20150323,151119,82.19,1,0,0,0,0,0
SLB STK SMART,20150323,151126,82.2,1,0,0,0,0,0
SLB STK SMART,20150323,151140,82.2,1,0,0,0,0,0
SLB STK SMART,20150323,151154,82.22,1,0,0,0,0,0
SLB STK SMART,20150323,151200,82.22,2,0,0,0,0,0
SLB STK SMART,20150323,151211,82.22,1,0,0,0,0,0
SLB STK SMART,20150323,151231,82.19,1,0,0,0,0,0
SLB STK SMART,20150323,151243,82.16,1,0,0,0,0,0
SLB STK SMART,20150323,151254,82.17,2,0,0,0,0,0
SLB STK SMART,20150323,151320,82.16,1,0,0,0,0,0
SLB STK SMART,20150323,151329,82.17,1,0,0,0,0,0
SLB STK SMART,20150323,151340,82.16,1,0,0,0,0,0
SLB STK SMART,20150323,151403,82.18,1,0,0,0,0,0
SLB STK SMART,20150323,151414,82.19,1,0,0,0,0,0
SLB STK SMART,20150323,151434,82.19,2,0,0,0,0,0
SLB STK SMART,20150323,151445,82.2,1,0,0,0,0,0
SLB STK SMART,20150323,151521,82.23,1,0,0,0,0,0
SLB STK SMART,20150323,151545,82.24,1,0,0,0,0,0
SLB STK SMART,20150323,151607,82.24,5,0,0,0,0,0
SLB STK SMART,20150323,151622,82.26,1,0,0,0,0,0
SLB STK SMART,20150323,151654,82.26,1,0,0,0,0,0
SLB STK SMART,20150323,151723,82.24,1,0,0,0,0,0
SLB STK SMART,20150323,151733,82.26,2,0,0,0,0,0
SLB STK SMART,20150323,151740,82.27,1,0,0,0,0,0
SLB STK SMART,20150323,151808,82.29,1,0,0,0,0,0
SLB STK SMART,20150323,151819,82.27,1,0,0,0,0,0
SLB STK SMART,20150323,151833,82.29,1,0,0,0,0,0
SLB STK SMART,20150323,151845,82.28,2,0,0,0,0,0
SLB STK SMART,20150323,151845,82.28,1,0,0,0,0,0
SLB STK SMART,20150323,151858,82.27,1,0,0,0,0,0
SLB STK SMART,20150323,151906,82.28,1,0,0,0,0,0
SLB STK SMART,20150323,151932,82.29,1,0,0,0,0,0
SLB STK SMART,20150323,151946,82.29,1,0,0,0,0,0
SLB STK SMART,20150323,152044,82.26,2,0,0,0,0,0
SLB STK SMART,20150323,152112,82.28,1,0,0,0,0,0
SLB STK SMART,20150323,152123,82.27,1,0,0,0,0,0
SLB STK SMART,20150323,152130,82.27,1,0,0,0,0,0
SLB STK SMART,20150323,152138,82.28,1,0,0,0,0,0
SLB STK SMART,20150323,152151,82.28,2,0,0,0,0,0
SLB STK SMART,20150323,152200,82.29,1,0,0,0,0,0
SLB STK SMART,20150323,152214,82.3,1,0,0,0,0,0
SLB STK SMART,20150323,152242,82.29,1,0,0,0,0,0
SLB STK SMART,20150323,152254,82.29,1,0,0,0,0,0
SLB STK SMART,20150323,152314,82.27,1,0,0,0,0,0
SLB STK SMART,20150323,152331,82.26,1,0,0,0,0,0
SLB STK SMART,20150323,152343,82.28,1,0,0,0,0,0
SLB STK SMART,20150323,152359,82.29,1,0,0,0,0,0
SLB STK SMART,20150323,152411,82.29,1,0,0,0,0,0
SLB STK SMART,20150323,152434,82.29,1,0,0,0,0,0
SLB STK SMART,20150323,152447,82.3,1,0,0,0,0,0
SLB STK SMART,20150323,152502,82.31,1,0,0,0,0,0
SLB STK SMART,20150323,152509,82.3,1,0,0,0,0,0
SLB STK SMART,20150323,152525,82.32,2,0,0,0,0,0
SLB STK SMART,20150323,152533,82.33,1,0,0,0,0,0
SLB STK SMART,20150323,152549,82.34,1,0,0,0,0,0
SLB STK SMART,20150323,152603,82.35,1,0,0,0,0,0
SLB STK SMART,20150323,152614,82.35,3,0,0,0,0,0
SLB STK SMART,20150323,152629,82.35,1,0,0,0,0,0
SLB STK SMART,20150323,152701,82.34,1,0,0,0,0,0
SLB STK SMART,20150323,152714,82.33,1,0,0,0,0,0
SLB STK SMART,20150323,152720,82.33,2,0,0,0,0,0
SLB STK SMART,20150323,152734,82.33,1,0,0,0,0,0
SLB STK SMART,20150323,152743,82.33,1,0,0,0,0,0
SLB STK SMART,20150323,152749,82.31,1,0,0,0,0,0
SLB STK SMART,20150323,152803,82.3,1,0,0,0,0,0
SLB STK SMART,20150323,152811,82.3,1,0,0,0,0,0
SLB STK SMART,20150323,152821,82.29,1,0,0,0,0,0
SLB STK SMART,20150323,152832,82.25,1,0,0,0,0,0
SLB STK SMART,20150323,152842,82.26,1,0,0,0,0,0
SLB STK SMART,20150323,152852,82.24,1,0,0,0,0,0
SLB STK SMART,20150323,152859,82.22,1,0,0,0,0,0
SLB STK SMART,20150323,152912,82.21,3,0,0,0,0,0
SLB STK SMART,20150323,152925,82.22,1,0,0,0,0,0
SLB STK SMART,20150323,152929,82.21,1,0,0,0,0,0
SLB STK SMART,20150323,152938,82.21,1,0,0,0,0,0
SLB STK SMART,20150323,153004,82.21,1,0,0,0,0,0
SLB STK SMART,20150323,153013,82.21,1,0,0,0,0,0
SLB STK SMART,20150323,153018,82.2,1,0,0,0,0,0
SLB STK SMART,20150323,153029,82.19,1,0,0,0,0,0
SLB STK SMART,20150323,153036,82.2,1,0,0,0,0,0
SLB STK SMART,20150323,153055,82.2,1,0,0,0,0,0
SLB STK SMART,20150323,153100,82.18,1,0,0,0,0,0
SLB STK SMART,20150323,153112,82.17,1,0,0,0,0,0
SLB STK SMART,20150323,153125,82.18,7,0,0,0,0,0
SLB STK SMART,20150323,153133,82.18,1,0,0,0,0,0
SLB STK SMART,20150323,153142,82.18,1,0,0,0,0,0
SLB STK SMART,20150323,153150,82.19,2,0,0,0,0,0
SLB STK SMART,20150323,153203,82.21,2,0,0,0,0,0
SLB STK SMART,20150323,153208,82.21,1,0,0,0,0,0
SLB STK SMART,20150323,153224,82.22,1,0,0,0,0,0
SLB STK SMART,20150323,153246,82.22,2,0,0,0,0,0
SLB STK SMART,20150323,153256,82.21,1,0,0,0,0,0
SLB STK SMART,20150323,153335,82.22,1,0,0,0,0,0
SLB STK SMART,20150323,153344,82.23,1,0,0,0,0,0
SLB STK SMART,20150323,153349,82.24,1,0,0,0,0,0
SLB STK SMART,20150323,153404,82.23,1,0,0,0,0,0
SLB STK SMART,20150323,153414,82.22,1,0,0,0,0,0
SLB STK SMART,20150323,153422,82.23,1,0,0,0,0,0
SLB STK SMART,20150323,153428,82.22,1,0,0,0,0,0
SLB STK SMART,20150323,153445,82.24,1,0,0,0,0,0
SLB STK SMART,20150323,153456,82.22,2,0,0,0,0,0
SLB STK SMART,20150323,153502,82.24,2,0,0,0,0,0
SLB STK SMART,20150323,153512,82.24,1,0,0,0,0,0
SLB STK SMART,20150323,153521,82.26,1,0,0,0,0,0
SLB STK SMART,20150323,153537,82.25,1,0,0,0,0,0
SLB STK SMART,20150323,153549,82.26,1,0,0,0,0,0
SLB STK SMART,20150323,153603,82.28,1,0,0,0,0,0
SLB STK SMART,20150323,153611,82.29,1,0,0,0,0,0
SLB STK SMART,20150323,153619,82.3,1,0,0,0,0,0
SLB STK SMART,20150323,153636,82.3,2,0,0,0,0,0
SLB STK SMART,20150323,153636,82.31,1,0,0,0,0,0
SLB STK SMART,20150323,153654,82.3,3,0,0,0,0,0
SLB STK SMART,20150323,153706,82.3,1,0,0,0,0,0
SLB STK SMART,20150323,153742,82.32,1,0,0,0,0,0
SLB STK SMART,20150323,153803,82.33,1,0,0,0,0,0
SLB STK SMART,20150323,153810,82.34,2,0,0,0,0,0
SLB STK SMART,20150323,153822,82.35,1,0,0,0,0,0
SLB STK SMART,20150323,153833,82.34,1,0,0,0,0,0
SLB STK SMART,20150323,153847,82.33,1,0,0,0,0,0
SLB STK SMART,20150323,153859,82.32,1,0,0,0,0,0
SLB STK SMART,20150323,153912,82.32,1,0,0,0,0,0
SLB STK SMART,20150323,153925,82.31,1,0,0,0,0,0
SLB STK SMART,20150323,153930,82.3,1,0,0,0,0,0
SLB STK SMART,20150323,153953,82.31,1,0,0,0,0,0
SLB STK SMART,20150323,154005,82.32,3,0,0,0,0,0
SLB STK SMART,20150323,154006,82.32,1,0,0,0,0,0
SLB STK SMART,20150323,154024,82.3,1,0,0,0,0,0
SLB STK SMART,20150323,154040,82.27,1,0,0,0,0,0
SLB STK SMART,20150323,154055,82.26,2,0,0,0,0,0
SLB STK SMART,20150323,154100,82.24,1,0,0,0,0,0
SLB STK SMART,20150323,154115,82.23,1,0,0,0,0,0
SLB STK SMART,20150323,154136,82.24,1,0,0,0,0,0
SLB STK SMART,20150323,154145,82.23,1,0,0,0,0,0
SLB STK SMART,20150323,154156,82.23,1,0,0,0,0,0
SLB STK SMART,20150323,154202,82.24,1,0,0,0,0,0
SLB STK SMART,20150323,154216,82.23,3,0,0,0,0,0
SLB STK SMART,20150323,154219,82.23,1,0,0,0,0,0
SLB STK SMART,20150323,154236,82.22,2,0,0,0,0,0
SLB STK SMART,20150323,154245,82.22,1,0,0,0,0,0
SLB STK SMART,20150323,154255,82.25,1,0,0,0,0,0
SLB STK SMART,20150323,154259,82.24,1,0,0,0,0,0
SLB STK SMART,20150323,154312,82.22,1,0,0,0,0,0
SLB STK SMART,20150323,154325,82.21,1,0,0,0,0,0
SLB STK SMART,20150323,154334,82.22,1,0,0,0,0,0
SLB STK SMART,20150323,154336,82.23,1,0,0,0,0,0
SLB STK SMART,20150323,154348,82.24,1,0,0,0,0,0
SLB STK SMART,20150323,154405,82.25,1,0,0,0,0,0
SLB STK SMART,20150323,154409,82.26,1,0,0,0,0,0
SLB STK SMART,20150323,154425,82.26,1,0,0,0,0,0
SLB STK SMART,20150323,154435,82.25,2,0,0,0,0,0
SLB STK SMART,20150323,154442,82.25,1,0,0,0,0,0
SLB STK SMART,20150323,154451,82.24,1,0,0,0,0,0
SLB STK SMART,20150323,154500,82.26,5,0,0,0,0,0
SLB STK SMART,20150323,154515,82.25,1,0,0,0,0,0
SLB STK SMART,20150323,154521,82.25,1,0,0,0,0,0
SLB STK SMART,20150323,154546,82.29,1,0,0,0,0,0
SLB STK SMART,20150323,154556,82.29,1,0,0,0,0,0
SLB STK SMART,20150323,154605,82.3,1,0,0,0,0,0
SLB STK SMART,20150323,154617,82.31,1,0,0,0,0,0
SLB STK SMART,20150323,154629,82.32,2,0,0,0,0,0
SLB STK SMART,20150323,154645,82.32,1,0,0,0,0,0
SLB STK SMART,20150323,154654,82.3,1,0,0,0,0,0
SLB STK SMART,20150323,154707,82.31,1,0,0,0,0,0
SLB STK SMART,20150323,154723,82.3,1,0,0,0,0,0
SLB STK SMART,20150323,154735,82.32,2,0,0,0,0,0
SLB STK SMART,20150323,154742,82.32,1,0,0,0,0,0
SLB STK SMART,20150323,154753,82.34,1,0,0,0,0,0
SLB STK SMART,20150323,154816,82.35,1,0,0,0,0,0
SLB STK SMART,20150323,154820,82.34,1,0,0,0,0,0
SLB STK SMART,20150323,154832,82.34,2,0,0,0,0,0
SLB STK SMART,20150323,154844,82.35,1,0,0,0,0,0
SLB STK SMART,20150323,154905,82.34,1,0,0,0,0,0
SLB STK SMART,20150323,154926,82.35,2,0,0,0,0,0
SLB STK SMART,20150323,154930,82.33,1,0,0,0,0,0
SLB STK SMART,20150323,154939,82.34,1,0,0,0,0,0
SLB STK SMART,20150323,154952,82.33,2,0,0,0,0,0
SLB STK SMART,20150323,154958,82.33,1,0,0,0,0,0
SLB STK SMART,20150323,155011,82.31,1,0,0,0,0,0
SLB STK SMART,20150323,155032,82.32,2,0,0,0,0,0
SLB STK SMART,20150323,155051,82.31,1,0,0,0,0,0
SLB STK SMART,20150323,155104,82.31,1,0,0,0,0,0
SLB STK SMART,20150323,155116,82.29,1,0,0,0,0,0
SLB STK SMART,20150323,155119,82.28,1,0,0,0,0,0
SLB STK SMART,20150323,155132,82.27,1,0,0,0,0,0
SLB STK SMART,20150323,155142,82.26,1,0,0,0,0,0
SLB STK SMART,20150323,155156,82.26,1,0,0,0,0,0
SLB STK SMART,20150323,155205,82.27,2,0,0,0,0,0
SLB STK SMART,20150323,155211,82.28,1,0,0,0,0,0
SLB STK SMART,20150323,155226,82.27,2,0,0,0,0,0
SLB STK SMART,20150323,155235,82.27,1,0,0,0,0,0
SLB STK SMART,20150323,155243,82.26,1,0,0,0,0,0
SLB STK SMART,20150323,155254,82.29,1,0,0,0,0,0
SLB STK SMART,20150323,155300,82.28,1,0,0,0,0,0
SLB STK SMART,20150323,155312,82.29,2,0,0,0,0,0
SLB STK SMART,20150323,155336,82.28,1,0,0,0,0,0
SLB STK SMART,20150323,155355,82.25,2,0,0,0,0,0
SLB STK SMART,20150323,155407,82.26,1,0,0,0,0,0
SLB STK SMART,20150323,155416,82.26,2,0,0,0,0,0
SLB STK SMART,20150323,155422,82.27,1,0,0,0,0,0
SLB STK SMART,20150323,155435,82.24,1,0,0,0,0,0
SLB STK SMART,20150323,155446,82.23,1,0,0,0,0,0
SLB STK SMART,20150323,155456,82.21,1,0,0,0,0,0
SLB STK SMART,20150323,155506,82.21,1,0,0,0,0,0
SLB STK SMART,20150323,155516,82.2,2,0,0,0,0,0
SLB STK SMART,20150323,155526,82.2,1,0,0,0,0,0
SLB STK SMART,20150323,155535,82.2,1,0,0,0,0,0
SLB STK SMART,20150323,155546,82.18,1,0,0,0,0,0
SLB STK SMART,20150323,155557,82.18,1,0,0,0,0,0
SLB STK SMART,20150323,155607,82.17,1,0,0,0,0,0
SLB STK SMART,20150323,155616,82.14,1,0,0,0,0,0
SLB STK SMART,20150323,155627,82.14,1,0,0,0,0,0
SLB STK SMART,20150323,155636,82.14,1,0,0,0,0,0
SLB STK SMART,20150323,155647,82.13,2,0,0,0,0,0
SLB STK SMART,20150323,155656,82.13,6,0,0,0,0,0
SLB STK SMART,20150323,155706,82.15,1,0,0,0,0,0
SLB STK SMART,20150323,155712,82.14,1,0,0,0,0,0
SLB STK SMART,20150323,155724,82.14,1,0,0,0,0,0
SLB STK SMART,20150323,155733,82.14,1,0,0,0,0,0
SLB STK SMART,20150323,155747,82.14,7,0,0,0,0,0
SLB STK SMART,20150323,155755,82.1,1,0,0,0,0,0
SLB STK SMART,20150323,155759,82.09,1,0,0,0,0,0
SLB STK SMART,20150323,155816,82.09,2,0,0,0,0,0
SLB STK SMART,20150323,155823,82.07,1,0,0,0,0,0
SLB STK SMART,20150323,155836,82.1,1,0,0,0,0,0
SLB STK SMART,20150323,155847,82.07,1,0,0,0,0,0
SLB STK SMART,20150323,155857,82.07,2,0,0,0,0,0
SLB STK SMART,20150323,155907,82.04,1,0,0,0,0,0
SLB STK SMART,20150323,155916,82.01,1,0,0,0,0,0
SLB STK SMART,20150323,155923,82,1,0,0,0,0,0
SLB STK SMART,20150323,155927,82.01,1,0,0,0,0,0
