1070                
XLU STK SMART,20150323,92931,44.98,1,0,0,0,0,0
XLU STK SMART,20150323,92948,44.95,3,0,0,0,0,0
XLU STK SMART,20150323,92958,45,1,0,0,0,0,0
XLU STK SMART,20150323,93028,45.02,1,0,0,0,0,0
XLU STK SMART,20150323,93034,45.01,4,0,0,0,0,0
XLU STK SMART,20150323,93043,45.04,1,0,0,0,0,0
XLU STK SMART,20150323,93052,45.03,1,0,0,0,0,0
XLU STK SMART,20150323,93113,45.02,1,0,0,0,0,0
XLU STK SMART,20150323,93137,45,8,0,0,0,0,0
XLU STK SMART,20150323,93146,44.98,1,0,0,0,0,0
XLU STK SMART,20150323,93157,44.98,1,0,0,0,0,0
XLU STK SMART,20150323,93200,44.99,1,0,0,0,0,0
XLU STK SMART,20150323,93216,45.02,1,0,0,0,0,0
XLU STK SMART,20150323,93220,45.05,1,0,0,0,0,0
XLU STK SMART,20150323,93234,45.01,1,0,0,0,0,0
XLU STK SMART,20150323,93246,45.01,10,0,0,0,0,0
XLU STK SMART,20150323,93250,45.01,1,0,0,0,0,0
XLU STK SMART,20150323,93302,45,10,0,0,0,0,0
XLU STK SMART,20150323,93327,44.99,2,0,0,0,0,0
XLU STK SMART,20150323,93336,44.95,2,0,0,0,0,0
XLU STK SMART,20150323,93339,44.97,1,0,0,0,0,0
XLU STK SMART,20150323,93352,44.98,1,0,0,0,0,0
XLU STK SMART,20150323,93359,44.98,1,0,0,0,0,0
XLU STK SMART,20150323,93410,44.99,1,0,0,0,0,0
XLU STK SMART,20150323,93425,45,1,0,0,0,0,0
XLU STK SMART,20150323,93442,45.01,1,0,0,0,0,0
XLU STK SMART,20150323,93455,45.01,3,0,0,0,0,0
XLU STK SMART,20150323,93524,45,1,0,0,0,0,0
XLU STK SMART,20150323,93537,45.03,2,0,0,0,0,0
XLU STK SMART,20150323,93547,45.03,1,0,0,0,0,0
XLU STK SMART,20150323,93551,45.04,1,0,0,0,0,0
XLU STK SMART,20150323,93600,45.05,2,0,0,0,0,0
XLU STK SMART,20150323,93614,45.05,1,0,0,0,0,0
XLU STK SMART,20150323,93625,45.06,1,0,0,0,0,0
XLU STK SMART,20150323,93634,45.07,1,0,0,0,0,0
XLU STK SMART,20150323,93645,45.07,1,0,0,0,0,0
XLU STK SMART,20150323,93657,45.06,2,0,0,0,0,0
XLU STK SMART,20150323,93705,45.08,1,0,0,0,0,0
XLU STK SMART,20150323,93717,45.06,3,0,0,0,0,0
XLU STK SMART,20150323,93724,45.06,1,0,0,0,0,0
XLU STK SMART,20150323,93845,45.07,2,0,0,0,0,0
XLU STK SMART,20150323,93858,45.08,6,0,0,0,0,0
XLU STK SMART,20150323,93907,45.06,1,0,0,0,0,0
XLU STK SMART,20150323,93918,45.05,2,0,0,0,0,0
XLU STK SMART,20150323,93923,45.07,1,0,0,0,0,0
XLU STK SMART,20150323,93939,45.06,1,0,0,0,0,0
XLU STK SMART,20150323,93953,45.07,1,0,0,0,0,0
XLU STK SMART,20150323,94016,45.05,2,0,0,0,0,0
XLU STK SMART,20150323,94027,45.04,2,0,0,0,0,0
XLU STK SMART,20150323,94049,45.06,1,0,0,0,0,0
XLU STK SMART,20150323,94054,45.06,2,0,0,0,0,0
XLU STK SMART,20150323,94104,45.06,1,0,0,0,0,0
XLU STK SMART,20150323,94118,45.06,3,0,0,0,0,0
XLU STK SMART,20150323,94125,45.07,1,0,0,0,0,0
XLU STK SMART,20150323,94131,45.06,1,0,0,0,0,0
XLU STK SMART,20150323,94148,45.05,1,0,0,0,0,0
XLU STK SMART,20150323,94203,45.06,2,0,0,0,0,0
XLU STK SMART,20150323,94214,45.03,1,0,0,0,0,0
XLU STK SMART,20150323,94239,45.04,6,0,0,0,0,0
XLU STK SMART,20150323,94247,45.05,1,0,0,0,0,0
XLU STK SMART,20150323,94308,45.05,1,0,0,0,0,0
XLU STK SMART,20150323,94315,45.05,1,0,0,0,0,0
XLU STK SMART,20150323,94322,45.05,1,0,0,0,0,0
XLU STK SMART,20150323,94338,45.05,1,0,0,0,0,0
XLU STK SMART,20150323,94342,45.04,1,0,0,0,0,0
XLU STK SMART,20150323,94406,45.04,13,0,0,0,0,0
XLU STK SMART,20150323,94416,45.03,3,0,0,0,0,0
XLU STK SMART,20150323,94429,45.03,3,0,0,0,0,0
XLU STK SMART,20150323,94433,45.04,16,0,0,0,0,0
XLU STK SMART,20150323,94448,45.04,4,0,0,0,0,0
XLU STK SMART,20150323,94453,45.05,1,0,0,0,0,0
XLU STK SMART,20150323,94509,45.03,15,0,0,0,0,0
XLU STK SMART,20150323,94517,45.02,2,0,0,0,0,0
XLU STK SMART,20150323,94529,45.03,1,0,0,0,0,0
XLU STK SMART,20150323,94606,45.04,1,0,0,0,0,0
XLU STK SMART,20150323,94619,45.05,2,0,0,0,0,0
XLU STK SMART,20150323,94620,45.05,3,0,0,0,0,0
XLU STK SMART,20150323,94658,45.05,1,0,0,0,0,0
XLU STK SMART,20150323,94703,45.06,1,0,0,0,0,0
XLU STK SMART,20150323,94718,45.06,1,0,0,0,0,0
XLU STK SMART,20150323,94753,45.04,1,0,0,0,0,0
XLU STK SMART,20150323,94807,45.06,6,0,0,0,0,0
XLU STK SMART,20150323,94829,45.06,2,0,0,0,0,0
XLU STK SMART,20150323,94836,45.05,1,0,0,0,0,0
XLU STK SMART,20150323,94849,45.05,1,0,0,0,0,0
XLU STK SMART,20150323,94908,45.05,2,0,0,0,0,0
XLU STK SMART,20150323,94916,45.06,1,0,0,0,0,0
XLU STK SMART,20150323,94925,45.08,5,0,0,0,0,0
XLU STK SMART,20150323,94937,45.08,2,0,0,0,0,0
XLU STK SMART,20150323,94949,45.1,2,0,0,0,0,0
XLU STK SMART,20150323,94953,45.12,1,0,0,0,0,0
XLU STK SMART,20150323,95009,45.12,2,0,0,0,0,0
XLU STK SMART,20150323,95028,45.13,1,0,0,0,0,0
XLU STK SMART,20150323,95037,45.14,3,0,0,0,0,0
XLU STK SMART,20150323,95045,45.14,6,0,0,0,0,0
XLU STK SMART,20150323,95059,45.12,1,0,0,0,0,0
XLU STK SMART,20150323,95108,45.15,1,0,0,0,0,0
XLU STK SMART,20150323,95115,45.13,1,0,0,0,0,0
XLU STK SMART,20150323,95149,45.13,2,0,0,0,0,0
XLU STK SMART,20150323,95159,45.13,5,0,0,0,0,0
XLU STK SMART,20150323,95206,45.13,2,0,0,0,0,0
XLU STK SMART,20150323,95215,45.14,5,0,0,0,0,0
XLU STK SMART,20150323,95221,45.14,5,0,0,0,0,0
XLU STK SMART,20150323,95237,45.13,1,0,0,0,0,0
XLU STK SMART,20150323,95305,45.14,1,0,0,0,0,0
XLU STK SMART,20150323,95316,45.16,3,0,0,0,0,0
XLU STK SMART,20150323,95322,45.15,5,0,0,0,0,0
XLU STK SMART,20150323,95339,45.16,1,0,0,0,0,0
XLU STK SMART,20150323,95347,45.17,3,0,0,0,0,0
XLU STK SMART,20150323,95351,45.17,5,0,0,0,0,0
XLU STK SMART,20150323,95409,45.18,1,0,0,0,0,0
XLU STK SMART,20150323,95425,45.15,1,0,0,0,0,0
XLU STK SMART,20150323,95434,45.16,1,0,0,0,0,0
XLU STK SMART,20150323,95444,45.15,1,0,0,0,0,0
XLU STK SMART,20150323,95508,45.14,1,0,0,0,0,0
XLU STK SMART,20150323,95515,45.18,3,0,0,0,0,0
XLU STK SMART,20150323,95526,45.18,1,0,0,0,0,0
XLU STK SMART,20150323,95530,45.17,1,0,0,0,0,0
XLU STK SMART,20150323,95546,45.15,1,0,0,0,0,0
XLU STK SMART,20150323,95557,45.17,1,0,0,0,0,0
XLU STK SMART,20150323,95604,45.17,5,0,0,0,0,0
XLU STK SMART,20150323,95610,45.17,1,0,0,0,0,0
XLU STK SMART,20150323,95629,45.17,1,0,0,0,0,0
XLU STK SMART,20150323,95642,45.18,1,0,0,0,0,0
XLU STK SMART,20150323,95657,45.17,2,0,0,0,0,0
XLU STK SMART,20150323,95718,45.17,1,0,0,0,0,0
XLU STK SMART,20150323,95729,45.16,2,0,0,0,0,0
XLU STK SMART,20150323,95740,45.15,1,0,0,0,0,0
XLU STK SMART,20150323,95748,45.14,1,0,0,0,0,0
XLU STK SMART,20150323,95800,45.14,1,0,0,0,0,0
XLU STK SMART,20150323,95801,45.14,2,0,0,0,0,0
XLU STK SMART,20150323,95819,45.15,1,0,0,0,0,0
XLU STK SMART,20150323,95820,45.15,1,0,0,0,0,0
XLU STK SMART,20150323,95838,45.14,1,0,0,0,0,0
XLU STK SMART,20150323,95845,45.14,3,0,0,0,0,0
XLU STK SMART,20150323,95857,45.15,1,0,0,0,0,0
XLU STK SMART,20150323,95901,45.14,1,0,0,0,0,0
XLU STK SMART,20150323,95919,45.15,2,0,0,0,0,0
XLU STK SMART,20150323,95930,45.17,2,0,0,0,0,0
XLU STK SMART,20150323,95938,45.17,1,0,0,0,0,0
XLU STK SMART,20150323,95946,45.14,1,0,0,0,0,0
XLU STK SMART,20150323,100001,45.13,1,0,0,0,0,0
XLU STK SMART,20150323,100019,45.14,1,0,0,0,0,0
XLU STK SMART,20150323,100036,45.12,1,0,0,0,0,0
XLU STK SMART,20150323,100059,45.12,3,0,0,0,0,0
XLU STK SMART,20150323,100101,45.13,7,0,0,0,0,0
XLU STK SMART,20150323,100112,45.12,4,0,0,0,0,0
XLU STK SMART,20150323,100127,45.12,1,0,0,0,0,0
XLU STK SMART,20150323,100137,45.14,1,0,0,0,0,0
XLU STK SMART,20150323,100155,45.13,1,0,0,0,0,0
XLU STK SMART,20150323,100224,45.13,1,0,0,0,0,0
XLU STK SMART,20150323,100254,45.13,2,0,0,0,0,0
XLU STK SMART,20150323,100307,45.14,1,0,0,0,0,0
XLU STK SMART,20150323,100338,45.14,5,0,0,0,0,0
XLU STK SMART,20150323,100346,45.14,1,0,0,0,0,0
XLU STK SMART,20150323,100354,45.13,4,0,0,0,0,0
XLU STK SMART,20150323,100406,45.13,1,0,0,0,0,0
XLU STK SMART,20150323,100421,45.15,3,0,0,0,0,0
XLU STK SMART,20150323,100440,45.15,2,0,0,0,0,0
XLU STK SMART,20150323,100441,45.15,1,0,0,0,0,0
XLU STK SMART,20150323,100509,45.16,2,0,0,0,0,0
XLU STK SMART,20150323,100515,45.16,1,0,0,0,0,0
XLU STK SMART,20150323,100523,45.14,4,0,0,0,0,0
XLU STK SMART,20150323,100535,45.12,1,0,0,0,0,0
XLU STK SMART,20150323,100547,45.13,1,0,0,0,0,0
XLU STK SMART,20150323,100610,45.13,2,0,0,0,0,0
XLU STK SMART,20150323,100610,45.13,1,0,0,0,0,0
XLU STK SMART,20150323,100628,45.14,4,0,0,0,0,0
XLU STK SMART,20150323,100634,45.14,1,0,0,0,0,0
XLU STK SMART,20150323,100650,45.15,1,0,0,0,0,0
XLU STK SMART,20150323,100706,45.17,2,0,0,0,0,0
XLU STK SMART,20150323,100720,45.16,1,0,0,0,0,0
XLU STK SMART,20150323,100727,45.17,2,0,0,0,0,0
XLU STK SMART,20150323,100736,45.17,1,0,0,0,0,0
XLU STK SMART,20150323,100810,45.16,5,0,0,0,0,0
XLU STK SMART,20150323,100817,45.18,4,0,0,0,0,0
XLU STK SMART,20150323,100824,45.17,1,0,0,0,0,0
XLU STK SMART,20150323,100839,45.17,3,0,0,0,0,0
XLU STK SMART,20150323,100845,45.17,1,0,0,0,0,0
XLU STK SMART,20150323,100901,45.18,4,0,0,0,0,0
XLU STK SMART,20150323,100920,45.18,10,0,0,0,0,0
XLU STK SMART,20150323,100921,45.18,1,0,0,0,0,0
XLU STK SMART,20150323,100934,45.17,4,0,0,0,0,0
XLU STK SMART,20150323,100945,45.18,3,0,0,0,0,0
XLU STK SMART,20150323,100952,45.17,5,0,0,0,0,0
XLU STK SMART,20150323,101002,45.17,1,0,0,0,0,0
XLU STK SMART,20150323,101019,45.19,5,0,0,0,0,0
XLU STK SMART,20150323,101024,45.19,1,0,0,0,0,0
XLU STK SMART,20150323,101059,45.19,1,0,0,0,0,0
XLU STK SMART,20150323,101137,45.19,3,0,0,0,0,0
XLU STK SMART,20150323,101141,45.19,1,0,0,0,0,0
XLU STK SMART,20150323,101153,45.19,1,0,0,0,0,0
XLU STK SMART,20150323,101211,45.19,1,0,0,0,0,0
XLU STK SMART,20150323,101230,45.18,4,0,0,0,0,0
XLU STK SMART,20150323,101236,45.18,1,0,0,0,0,0
XLU STK SMART,20150323,101300,45.17,2,0,0,0,0,0
XLU STK SMART,20150323,101309,45.14,1,0,0,0,0,0
XLU STK SMART,20150323,101320,45.14,5,0,0,0,0,0
XLU STK SMART,20150323,101330,45.14,2,0,0,0,0,0
XLU STK SMART,20150323,101338,45.13,1,0,0,0,0,0
XLU STK SMART,20150323,101350,45.15,6,0,0,0,0,0
XLU STK SMART,20150323,101356,45.14,2,0,0,0,0,0
XLU STK SMART,20150323,101408,45.15,3,0,0,0,0,0
XLU STK SMART,20150323,101413,45.14,2,0,0,0,0,0
XLU STK SMART,20150323,101428,45.14,9,0,0,0,0,0
XLU STK SMART,20150323,101433,45.13,1,0,0,0,0,0
XLU STK SMART,20150323,101450,45.12,1,0,0,0,0,0
XLU STK SMART,20150323,101458,45.1,1,0,0,0,0,0
XLU STK SMART,20150323,101505,45.1,3,0,0,0,0,0
XLU STK SMART,20150323,101513,45.11,1,0,0,0,0,0
XLU STK SMART,20150323,101526,45.1,1,0,0,0,0,0
XLU STK SMART,20150323,101532,45.11,1,0,0,0,0,0
XLU STK SMART,20150323,101624,45.12,1,0,0,0,0,0
XLU STK SMART,20150323,101643,45.11,6,0,0,0,0,0
XLU STK SMART,20150323,101707,45.12,2,0,0,0,0,0
XLU STK SMART,20150323,101720,45.11,2,0,0,0,0,0
XLU STK SMART,20150323,101724,45.11,2,0,0,0,0,0
XLU STK SMART,20150323,101738,45.11,1,0,0,0,0,0
XLU STK SMART,20150323,101743,45.11,2,0,0,0,0,0
XLU STK SMART,20150323,101818,45.11,1,0,0,0,0,0
XLU STK SMART,20150323,101828,45.11,2,0,0,0,0,0
XLU STK SMART,20150323,101832,45.11,1,0,0,0,0,0
XLU STK SMART,20150323,101859,45.12,2,0,0,0,0,0
XLU STK SMART,20150323,101908,45.13,1,0,0,0,0,0
XLU STK SMART,20150323,101940,45.16,1,0,0,0,0,0
XLU STK SMART,20150323,101955,45.15,1,0,0,0,0,0
XLU STK SMART,20150323,102003,45.14,1,0,0,0,0,0
XLU STK SMART,20150323,102029,45.15,2,0,0,0,0,0
XLU STK SMART,20150323,102040,45.15,2,0,0,0,0,0
XLU STK SMART,20150323,102054,45.15,1,0,0,0,0,0
XLU STK SMART,20150323,102103,45.13,4,0,0,0,0,0
XLU STK SMART,20150323,102125,45.12,3,0,0,0,0,0
XLU STK SMART,20150323,102133,45.12,1,0,0,0,0,0
XLU STK SMART,20150323,102209,45.11,1,0,0,0,0,0
XLU STK SMART,20150323,102225,45.11,1,0,0,0,0,0
XLU STK SMART,20150323,102327,45.12,1,0,0,0,0,0
XLU STK SMART,20150323,102340,45.13,8,0,0,0,0,0
XLU STK SMART,20150323,102351,45.15,2,0,0,0,0,0
XLU STK SMART,20150323,102359,45.15,1,0,0,0,0,0
XLU STK SMART,20150323,102407,45.17,1,0,0,0,0,0
XLU STK SMART,20150323,102431,45.18,2,0,0,0,0,0
XLU STK SMART,20150323,102438,45.17,1,0,0,0,0,0
XLU STK SMART,20150323,102514,45.16,2,0,0,0,0,0
XLU STK SMART,20150323,102531,45.17,1,0,0,0,0,0
XLU STK SMART,20150323,102551,45.19,5,0,0,0,0,0
XLU STK SMART,20150323,102551,45.19,1,0,0,0,0,0
XLU STK SMART,20150323,102613,45.19,2,0,0,0,0,0
XLU STK SMART,20150323,102629,45.2,1,0,0,0,0,0
XLU STK SMART,20150323,102639,45.21,1,0,0,0,0,0
XLU STK SMART,20150323,102733,45.2,4,0,0,0,0,0
XLU STK SMART,20150323,102751,45.18,1,0,0,0,0,0
XLU STK SMART,20150323,102755,45.17,5,0,0,0,0,0
XLU STK SMART,20150323,102813,45.16,1,0,0,0,0,0
XLU STK SMART,20150323,102831,45.17,8,0,0,0,0,0
XLU STK SMART,20150323,102832,45.17,1,0,0,0,0,0
XLU STK SMART,20150323,102916,45.19,1,0,0,0,0,0
XLU STK SMART,20150323,102941,45.18,1,0,0,0,0,0
XLU STK SMART,20150323,102956,45.17,6,0,0,0,0,0
XLU STK SMART,20150323,103010,45.16,1,0,0,0,0,0
XLU STK SMART,20150323,103025,45.15,2,0,0,0,0,0
XLU STK SMART,20150323,103041,45.15,1,0,0,0,0,0
XLU STK SMART,20150323,103048,45.14,1,0,0,0,0,0
XLU STK SMART,20150323,103056,45.15,1,0,0,0,0,0
XLU STK SMART,20150323,103136,45.14,1,0,0,0,0,0
XLU STK SMART,20150323,103156,45.13,1,0,0,0,0,0
XLU STK SMART,20150323,103209,45.13,1,0,0,0,0,0
XLU STK SMART,20150323,103327,45.13,1,0,0,0,0,0
XLU STK SMART,20150323,103358,45.13,2,0,0,0,0,0
XLU STK SMART,20150323,103407,45.13,1,0,0,0,0,0
XLU STK SMART,20150323,103531,45.13,1,0,0,0,0,0
XLU STK SMART,20150323,103544,45.14,1,0,0,0,0,0
XLU STK SMART,20150323,103631,45.13,3,0,0,0,0,0
XLU STK SMART,20150323,103637,45.12,1,0,0,0,0,0
XLU STK SMART,20150323,103704,45.13,10,0,0,0,0,0
XLU STK SMART,20150323,103729,45.12,2,0,0,0,0,0
XLU STK SMART,20150323,103756,45.12,2,0,0,0,0,0
XLU STK SMART,20150323,103815,45.12,1,0,0,0,0,0
XLU STK SMART,20150323,103831,45.12,2,0,0,0,0,0
XLU STK SMART,20150323,103841,45.12,5,0,0,0,0,0
XLU STK SMART,20150323,103910,45.11,1,0,0,0,0,0
XLU STK SMART,20150323,104001,45.12,1,0,0,0,0,0
XLU STK SMART,20150323,104054,45.13,1,0,0,0,0,0
XLU STK SMART,20150323,104131,45.11,1,0,0,0,0,0
XLU STK SMART,20150323,104200,45.1,1,0,0,0,0,0
XLU STK SMART,20150323,104215,45.09,1,0,0,0,0,0
XLU STK SMART,20150323,104254,45.11,3,0,0,0,0,0
XLU STK SMART,20150323,104306,45.12,2,0,0,0,0,0
XLU STK SMART,20150323,104331,45.12,1,0,0,0,0,0
XLU STK SMART,20150323,104337,45.12,1,0,0,0,0,0
XLU STK SMART,20150323,104415,45.1,1,0,0,0,0,0
XLU STK SMART,20150323,104527,45.1,1,0,0,0,0,0
XLU STK SMART,20150323,104551,45.09,1,0,0,0,0,0
XLU STK SMART,20150323,104628,45.1,1,0,0,0,0,0
XLU STK SMART,20150323,104701,45.08,2,0,0,0,0,0
XLU STK SMART,20150323,104707,45.08,4,0,0,0,0,0
XLU STK SMART,20150323,104732,45.09,1,0,0,0,0,0
XLU STK SMART,20150323,104733,45.09,2,0,0,0,0,0
XLU STK SMART,20150323,104816,45.09,1,0,0,0,0,0
XLU STK SMART,20150323,104841,45.12,1,0,0,0,0,0
XLU STK SMART,20150323,104902,45.12,2,0,0,0,0,0
XLU STK SMART,20150323,104903,45.12,3,0,0,0,0,0
XLU STK SMART,20150323,104936,45.13,1,0,0,0,0,0
XLU STK SMART,20150323,105002,45.15,1,0,0,0,0,0
XLU STK SMART,20150323,105003,45.15,2,0,0,0,0,0
XLU STK SMART,20150323,105101,45.16,5,0,0,0,0,0
XLU STK SMART,20150323,105104,45.16,1,0,0,0,0,0
XLU STK SMART,20150323,105121,45.15,1,0,0,0,0,0
XLU STK SMART,20150323,105151,45.14,2,0,0,0,0,0
XLU STK SMART,20150323,105211,45.14,1,0,0,0,0,0
XLU STK SMART,20150323,105215,45.15,1,0,0,0,0,0
XLU STK SMART,20150323,105227,45.17,1,0,0,0,0,0
XLU STK SMART,20150323,105242,45.15,1,0,0,0,0,0
XLU STK SMART,20150323,105248,45.17,1,0,0,0,0,0
XLU STK SMART,20150323,105412,45.18,1,0,0,0,0,0
XLU STK SMART,20150323,105413,45.18,1,0,0,0,0,0
XLU STK SMART,20150323,105439,45.19,10,0,0,0,0,0
XLU STK SMART,20150323,105454,45.19,1,0,0,0,0,0
XLU STK SMART,20150323,105536,45.19,1,0,0,0,0,0
XLU STK SMART,20150323,105640,45.19,10,0,0,0,0,0
XLU STK SMART,20150323,105702,45.18,6,0,0,0,0,0
XLU STK SMART,20150323,105721,45.17,1,0,0,0,0,0
XLU STK SMART,20150323,105750,45.17,1,0,0,0,0,0
XLU STK SMART,20150323,105825,45.17,3,0,0,0,0,0
XLU STK SMART,20150323,105844,45.17,1,0,0,0,0,0
XLU STK SMART,20150323,105911,45.14,1,0,0,0,0,0
XLU STK SMART,20150323,105931,45.15,1,0,0,0,0,0
XLU STK SMART,20150323,105942,45.15,1,0,0,0,0,0
XLU STK SMART,20150323,105948,45.15,1,0,0,0,0,0
XLU STK SMART,20150323,110001,45.15,2,0,0,0,0,0
XLU STK SMART,20150323,110007,45.16,1,0,0,0,0,0
XLU STK SMART,20150323,110019,45.16,2,0,0,0,0,0
XLU STK SMART,20150323,110031,45.16,1,0,0,0,0,0
XLU STK SMART,20150323,110042,45.16,1,0,0,0,0,0
XLU STK SMART,20150323,110046,45.16,1,0,0,0,0,0
XLU STK SMART,20150323,110100,45.16,1,0,0,0,0,0
XLU STK SMART,20150323,110213,45.14,1,0,0,0,0,0
XLU STK SMART,20150323,110215,45.14,1,0,0,0,0,0
XLU STK SMART,20150323,110257,45.13,1,0,0,0,0,0
XLU STK SMART,20150323,110345,45.11,1,0,0,0,0,0
XLU STK SMART,20150323,110405,45.1,1,0,0,0,0,0
XLU STK SMART,20150323,110441,45.09,1,0,0,0,0,0
XLU STK SMART,20150323,110501,45.08,1,0,0,0,0,0
XLU STK SMART,20150323,110507,45.08,1,0,0,0,0,0
XLU STK SMART,20150323,110549,45.08,1,0,0,0,0,0
XLU STK SMART,20150323,110602,45.08,1,0,0,0,0,0
XLU STK SMART,20150323,110633,45.09,2,0,0,0,0,0
XLU STK SMART,20150323,110646,45.1,1,0,0,0,0,0
XLU STK SMART,20150323,110710,45.09,1,0,0,0,0,0
XLU STK SMART,20150323,110801,45.08,1,0,0,0,0,0
XLU STK SMART,20150323,110811,45.07,1,0,0,0,0,0
XLU STK SMART,20150323,110819,45.06,1,0,0,0,0,0
XLU STK SMART,20150323,110824,45.06,1,0,0,0,0,0
XLU STK SMART,20150323,110835,45.06,2,0,0,0,0,0
XLU STK SMART,20150323,110903,45.08,1,0,0,0,0,0
XLU STK SMART,20150323,110904,45.08,3,0,0,0,0,0
XLU STK SMART,20150323,110916,45.07,4,0,0,0,0,0
XLU STK SMART,20150323,110932,45.06,2,0,0,0,0,0
XLU STK SMART,20150323,111003,45.06,1,0,0,0,0,0
XLU STK SMART,20150323,111007,45.07,2,0,0,0,0,0
XLU STK SMART,20150323,111020,45.08,1,0,0,0,0,0
XLU STK SMART,20150323,111050,45.06,2,0,0,0,0,0
XLU STK SMART,20150323,111055,45.07,1,0,0,0,0,0
XLU STK SMART,20150323,111110,45.06,2,0,0,0,0,0
XLU STK SMART,20150323,111123,45.06,3,0,0,0,0,0
XLU STK SMART,20150323,111131,45.06,1,0,0,0,0,0
XLU STK SMART,20150323,111149,45.06,1,0,0,0,0,0
XLU STK SMART,20150323,111217,45.07,1,0,0,0,0,0
XLU STK SMART,20150323,111413,45.05,1,0,0,0,0,0
XLU STK SMART,20150323,111416,45.05,1,0,0,0,0,0
XLU STK SMART,20150323,111441,45.04,1,0,0,0,0,0
XLU STK SMART,20150323,111451,45.04,1,0,0,0,0,0
XLU STK SMART,20150323,111513,45.04,10,0,0,0,0,0
XLU STK SMART,20150323,111523,45.03,2,0,0,0,0,0
XLU STK SMART,20150323,111528,45.03,1,0,0,0,0,0
XLU STK SMART,20150323,111538,45.03,3,0,0,0,0,0
XLU STK SMART,20150323,111553,45.01,2,0,0,0,0,0
XLU STK SMART,20150323,111556,45.01,1,0,0,0,0,0
XLU STK SMART,20150323,111613,45.01,2,0,0,0,0,0
XLU STK SMART,20150323,111614,45.01,1,0,0,0,0,0
XLU STK SMART,20150323,111631,45.02,2,0,0,0,0,0
XLU STK SMART,20150323,111643,45.02,1,0,0,0,0,0
XLU STK SMART,20150323,111654,45.03,1,0,0,0,0,0
XLU STK SMART,20150323,111655,45.03,1,0,0,0,0,0
XLU STK SMART,20150323,111839,45.02,2,0,0,0,0,0
XLU STK SMART,20150323,111849,45.02,1,0,0,0,0,0
XLU STK SMART,20150323,111902,45.02,1,0,0,0,0,0
XLU STK SMART,20150323,111912,45.03,1,0,0,0,0,0
XLU STK SMART,20150323,111952,45.02,10,0,0,0,0,0
XLU STK SMART,20150323,112003,45.02,1,0,0,0,0,0
XLU STK SMART,20150323,112021,45.03,3,0,0,0,0,0
XLU STK SMART,20150323,112036,45.03,2,0,0,0,0,0
XLU STK SMART,20150323,112052,45.04,7,0,0,0,0,0
XLU STK SMART,20150323,112104,45.04,7,0,0,0,0,0
XLU STK SMART,20150323,112104,45.04,1,0,0,0,0,0
XLU STK SMART,20150323,112121,45.05,1,0,0,0,0,0
XLU STK SMART,20150323,112144,45.04,7,0,0,0,0,0
XLU STK SMART,20150323,112212,45.04,1,0,0,0,0,0
XLU STK SMART,20150323,112223,45.04,3,0,0,0,0,0
XLU STK SMART,20150323,112225,45.05,2,0,0,0,0,0
XLU STK SMART,20150323,112250,45.06,1,0,0,0,0,0
XLU STK SMART,20150323,112303,45.06,1,0,0,0,0,0
XLU STK SMART,20150323,112323,45.05,2,0,0,0,0,0
XLU STK SMART,20150323,112343,45.05,3,0,0,0,0,0
XLU STK SMART,20150323,112345,45.05,1,0,0,0,0,0
XLU STK SMART,20150323,112412,45.05,1,0,0,0,0,0
XLU STK SMART,20150323,112429,45.07,1,0,0,0,0,0
XLU STK SMART,20150323,112505,45.06,1,0,0,0,0,0
XLU STK SMART,20150323,112527,45.05,1,0,0,0,0,0
XLU STK SMART,20150323,112541,45.06,1,0,0,0,0,0
XLU STK SMART,20150323,112553,45.06,1,0,0,0,0,0
XLU STK SMART,20150323,112624,45.04,2,0,0,0,0,0
XLU STK SMART,20150323,112625,45.04,1,0,0,0,0,0
XLU STK SMART,20150323,112650,45.03,1,0,0,0,0,0
XLU STK SMART,20150323,112724,45.03,1,0,0,0,0,0
XLU STK SMART,20150323,112753,45.04,1,0,0,0,0,0
XLU STK SMART,20150323,112809,45.03,1,0,0,0,0,0
XLU STK SMART,20150323,112822,45.03,1,0,0,0,0,0
XLU STK SMART,20150323,112846,45.02,1,0,0,0,0,0
XLU STK SMART,20150323,112859,45.01,2,0,0,0,0,0
XLU STK SMART,20150323,112914,45,2,0,0,0,0,0
XLU STK SMART,20150323,112932,45.01,1,0,0,0,0,0
XLU STK SMART,20150323,112943,45.03,2,0,0,0,0,0
XLU STK SMART,20150323,112957,45.03,2,0,0,0,0,0
XLU STK SMART,20150323,113014,45.03,1,0,0,0,0,0
XLU STK SMART,20150323,113019,45.05,1,0,0,0,0,0
XLU STK SMART,20150323,113042,45.04,1,0,0,0,0,0
XLU STK SMART,20150323,113121,45.04,1,0,0,0,0,0
XLU STK SMART,20150323,113141,45.03,1,0,0,0,0,0
XLU STK SMART,20150323,113203,45.02,2,0,0,0,0,0
XLU STK SMART,20150323,113205,45.02,1,0,0,0,0,0
XLU STK SMART,20150323,113226,45.03,1,0,0,0,0,0
XLU STK SMART,20150323,113251,45.03,1,0,0,0,0,0
XLU STK SMART,20150323,113341,45.01,2,0,0,0,0,0
XLU STK SMART,20150323,113345,45.02,1,0,0,0,0,0
XLU STK SMART,20150323,113403,45.02,2,0,0,0,0,0
XLU STK SMART,20150323,113406,45.02,1,0,0,0,0,0
XLU STK SMART,20150323,113535,45.04,2,0,0,0,0,0
XLU STK SMART,20150323,113541,45.04,1,0,0,0,0,0
XLU STK SMART,20150323,113604,45.06,1,0,0,0,0,0
XLU STK SMART,20150323,113612,45.06,1,0,0,0,0,0
XLU STK SMART,20150323,113623,45.06,1,0,0,0,0,0
XLU STK SMART,20150323,113643,45.06,2,0,0,0,0,0
XLU STK SMART,20150323,113703,45.06,1,0,0,0,0,0
XLU STK SMART,20150323,113739,45.06,1,0,0,0,0,0
XLU STK SMART,20150323,113753,45.07,1,0,0,0,0,0
XLU STK SMART,20150323,113835,45.06,2,0,0,0,0,0
XLU STK SMART,20150323,113842,45.08,1,0,0,0,0,0
XLU STK SMART,20150323,113905,45.09,1,0,0,0,0,0
XLU STK SMART,20150323,113918,45.1,1,0,0,0,0,0
XLU STK SMART,20150323,113931,45.1,1,0,0,0,0,0
XLU STK SMART,20150323,113954,45.1,1,0,0,0,0,0
XLU STK SMART,20150323,113957,45.09,22,0,0,0,0,0
XLU STK SMART,20150323,114010,45.08,1,0,0,0,0,0
XLU STK SMART,20150323,114023,45.1,1,0,0,0,0,0
XLU STK SMART,20150323,114103,45.1,2,0,0,0,0,0
XLU STK SMART,20150323,114106,45.1,1,0,0,0,0,0
XLU STK SMART,20150323,114125,45.11,2,0,0,0,0,0
XLU STK SMART,20150323,114128,45.11,1,0,0,0,0,0
XLU STK SMART,20150323,114137,45.12,2,0,0,0,0,0
XLU STK SMART,20150323,114200,45.13,1,0,0,0,0,0
XLU STK SMART,20150323,114229,45.14,10,0,0,0,0,0
XLU STK SMART,20150323,114235,45.15,1,0,0,0,0,0
XLU STK SMART,20150323,114302,45.13,1,0,0,0,0,0
XLU STK SMART,20150323,114333,45.12,4,0,0,0,0,0
XLU STK SMART,20150323,114341,45.11,1,0,0,0,0,0
XLU STK SMART,20150323,114356,45.1,1,0,0,0,0,0
XLU STK SMART,20150323,114413,45.12,20,0,0,0,0,0
XLU STK SMART,20150323,114437,45.11,1,0,0,0,0,0
XLU STK SMART,20150323,114521,45.12,1,0,0,0,0,0
XLU STK SMART,20150323,114525,45.13,1,0,0,0,0,0
XLU STK SMART,20150323,114536,45.14,1,0,0,0,0,0
XLU STK SMART,20150323,114600,45.13,1,0,0,0,0,0
XLU STK SMART,20150323,114611,45.13,1,0,0,0,0,0
XLU STK SMART,20150323,114625,45.15,3,0,0,0,0,0
XLU STK SMART,20150323,114648,45.14,2,0,0,0,0,0
XLU STK SMART,20150323,114701,45.14,1,0,0,0,0,0
XLU STK SMART,20150323,114718,45.15,1,0,0,0,0,0
XLU STK SMART,20150323,114733,45.16,8,0,0,0,0,0
XLU STK SMART,20150323,114742,45.14,2,0,0,0,0,0
XLU STK SMART,20150323,114756,45.14,2,0,0,0,0,0
XLU STK SMART,20150323,114820,45.14,1,0,0,0,0,0
XLU STK SMART,20150323,114832,45.15,1,0,0,0,0,0
XLU STK SMART,20150323,114839,45.14,1,0,0,0,0,0
XLU STK SMART,20150323,114902,45.13,1,0,0,0,0,0
XLU STK SMART,20150323,114915,45.11,1,0,0,0,0,0
XLU STK SMART,20150323,114955,45.1,2,0,0,0,0,0
XLU STK SMART,20150323,114956,45.1,3,0,0,0,0,0
XLU STK SMART,20150323,115014,45.09,1,0,0,0,0,0
XLU STK SMART,20150323,115020,45.1,3,0,0,0,0,0
XLU STK SMART,20150323,115026,45.09,1,0,0,0,0,0
XLU STK SMART,20150323,115044,45.1,3,0,0,0,0,0
XLU STK SMART,20150323,115048,45.09,1,0,0,0,0,0
XLU STK SMART,20150323,115128,45.08,3,0,0,0,0,0
XLU STK SMART,20150323,115138,45.07,4,0,0,0,0,0
XLU STK SMART,20150323,115152,45.07,1,0,0,0,0,0
XLU STK SMART,20150323,115157,45.06,2,0,0,0,0,0
XLU STK SMART,20150323,115209,45.05,4,0,0,0,0,0
XLU STK SMART,20150323,115219,45.06,1,0,0,0,0,0
XLU STK SMART,20150323,115229,45.06,1,0,0,0,0,0
XLU STK SMART,20150323,115315,45.06,3,0,0,0,0,0
XLU STK SMART,20150323,115324,45.06,1,0,0,0,0,0
XLU STK SMART,20150323,115355,45.08,1,0,0,0,0,0
XLU STK SMART,20150323,115356,45.08,1,0,0,0,0,0
XLU STK SMART,20150323,115406,45.09,1,0,0,0,0,0
XLU STK SMART,20150323,115433,45.08,1,0,0,0,0,0
XLU STK SMART,20150323,115455,45.07,1,0,0,0,0,0
XLU STK SMART,20150323,115459,45.06,9,0,0,0,0,0
XLU STK SMART,20150323,115521,45.04,1,0,0,0,0,0
XLU STK SMART,20150323,115545,45.03,1,0,0,0,0,0
XLU STK SMART,20150323,115559,45.04,1,0,0,0,0,0
XLU STK SMART,20150323,115635,45.05,4,0,0,0,0,0
XLU STK SMART,20150323,115658,45.05,1,0,0,0,0,0
XLU STK SMART,20150323,115842,45.04,1,0,0,0,0,0
XLU STK SMART,20150323,115853,45.03,1,0,0,0,0,0
XLU STK SMART,20150323,115906,45.03,4,0,0,0,0,0
XLU STK SMART,20150323,115912,45.03,8,0,0,0,0,0
XLU STK SMART,20150323,115933,45.01,1,0,0,0,0,0
XLU STK SMART,20150323,115941,45,1,0,0,0,0,0
XLU STK SMART,20150323,115950,45,1,0,0,0,0,0
XLU STK SMART,20150323,120001,44.99,5,0,0,0,0,0
XLU STK SMART,20150323,120025,45.01,1,0,0,0,0,0
XLU STK SMART,20150323,120030,45.03,7,0,0,0,0,0
XLU STK SMART,20150323,120045,45.01,1,0,0,0,0,0
XLU STK SMART,20150323,120053,45.01,1,0,0,0,0,0
XLU STK SMART,20150323,120126,45,3,0,0,0,0,0
XLU STK SMART,20150323,120137,44.99,2,0,0,0,0,0
XLU STK SMART,20150323,120206,44.99,1,0,0,0,0,0
XLU STK SMART,20150323,120211,45,2,0,0,0,0,0
XLU STK SMART,20150323,120220,45.01,10,0,0,0,0,0
XLU STK SMART,20150323,120228,45,1,0,0,0,0,0
XLU STK SMART,20150323,120242,44.99,1,0,0,0,0,0
XLU STK SMART,20150323,120311,45,4,0,0,0,0,0
XLU STK SMART,20150323,120334,45,1,0,0,0,0,0
XLU STK SMART,20150323,120408,44.99,1,0,0,0,0,0
XLU STK SMART,20150323,120439,45,1,0,0,0,0,0
XLU STK SMART,20150323,120449,44.99,1,0,0,0,0,0
XLU STK SMART,20150323,120503,44.99,3,0,0,0,0,0
XLU STK SMART,20150323,120518,44.99,1,0,0,0,0,0
XLU STK SMART,20150323,120544,44.98,1,0,0,0,0,0
XLU STK SMART,20150323,120554,44.97,1,0,0,0,0,0
XLU STK SMART,20150323,120556,44.97,2,0,0,0,0,0
XLU STK SMART,20150323,120616,44.98,1,0,0,0,0,0
XLU STK SMART,20150323,120617,44.98,3,0,0,0,0,0
XLU STK SMART,20150323,120627,44.98,1,0,0,0,0,0
XLU STK SMART,20150323,120640,44.99,1,0,0,0,0,0
XLU STK SMART,20150323,120713,45.01,1,0,0,0,0,0
XLU STK SMART,20150323,120721,45.02,1,0,0,0,0,0
XLU STK SMART,20150323,120731,45.02,1,0,0,0,0,0
XLU STK SMART,20150323,120802,45.01,2,0,0,0,0,0
XLU STK SMART,20150323,120830,45.01,1,0,0,0,0,0
XLU STK SMART,20150323,120846,45.02,1,0,0,0,0,0
XLU STK SMART,20150323,120916,45.01,2,0,0,0,0,0
XLU STK SMART,20150323,120925,45.01,1,0,0,0,0,0
XLU STK SMART,20150323,120940,45.03,1,0,0,0,0,0
XLU STK SMART,20150323,120954,45.02,1,0,0,0,0,0
XLU STK SMART,20150323,120958,45.02,3,0,0,0,0,0
XLU STK SMART,20150323,121007,45.02,1,0,0,0,0,0
XLU STK SMART,20150323,121031,45.02,1,0,0,0,0,0
XLU STK SMART,20150323,121214,45.04,1,0,0,0,0,0
XLU STK SMART,20150323,121324,45.04,1,0,0,0,0,0
XLU STK SMART,20150323,121359,45.04,1,0,0,0,0,0
XLU STK SMART,20150323,121430,45.03,2,0,0,0,0,0
XLU STK SMART,20150323,121513,45.03,1,0,0,0,0,0
XLU STK SMART,20150323,121525,45.02,3,0,0,0,0,0
XLU STK SMART,20150323,121612,45.02,1,0,0,0,0,0
XLU STK SMART,20150323,121651,45.02,1,0,0,0,0,0
XLU STK SMART,20150323,121725,45.01,1,0,0,0,0,0
XLU STK SMART,20150323,121757,45.02,4,0,0,0,0,0
XLU STK SMART,20150323,121757,45.02,3,0,0,0,0,0
XLU STK SMART,20150323,121820,45.03,1,0,0,0,0,0
XLU STK SMART,20150323,121851,45.06,1,0,0,0,0,0
XLU STK SMART,20150323,121923,45.06,3,0,0,0,0,0
XLU STK SMART,20150323,121942,45.06,1,0,0,0,0,0
XLU STK SMART,20150323,121954,45.04,1,0,0,0,0,0
XLU STK SMART,20150323,122006,45.05,4,0,0,0,0,0
XLU STK SMART,20150323,122044,45.05,4,0,0,0,0,0
XLU STK SMART,20150323,122050,45.06,8,0,0,0,0,0
XLU STK SMART,20150323,122112,45.06,1,0,0,0,0,0
XLU STK SMART,20150323,122121,45.05,1,0,0,0,0,0
XLU STK SMART,20150323,122155,45.04,1,0,0,0,0,0
XLU STK SMART,20150323,122224,45.05,1,0,0,0,0,0
XLU STK SMART,20150323,122229,45.05,2,0,0,0,0,0
XLU STK SMART,20150323,122249,45.06,4,0,0,0,0,0
XLU STK SMART,20150323,122306,45.06,3,0,0,0,0,0
XLU STK SMART,20150323,122308,45.05,1,0,0,0,0,0
XLU STK SMART,20150323,122326,45.06,1,0,0,0,0,0
XLU STK SMART,20150323,122336,45.07,1,0,0,0,0,0
XLU STK SMART,20150323,122338,45.08,1,0,0,0,0,0
XLU STK SMART,20150323,122350,45.07,1,0,0,0,0,0
XLU STK SMART,20150323,122451,45.09,2,0,0,0,0,0
XLU STK SMART,20150323,122500,45.09,1,0,0,0,0,0
XLU STK SMART,20150323,122517,45.06,1,0,0,0,0,0
XLU STK SMART,20150323,122614,45.08,2,0,0,0,0,0
XLU STK SMART,20150323,122624,45.09,5,0,0,0,0,0
XLU STK SMART,20150323,122637,45.08,1,0,0,0,0,0
XLU STK SMART,20150323,122637,45.08,5,0,0,0,0,0
XLU STK SMART,20150323,122651,45.08,1,0,0,0,0,0
XLU STK SMART,20150323,122731,45.08,2,0,0,0,0,0
XLU STK SMART,20150323,122806,45.08,1,0,0,0,0,0
XLU STK SMART,20150323,122835,45.08,1,0,0,0,0,0
XLU STK SMART,20150323,122855,45.08,5,0,0,0,0,0
XLU STK SMART,20150323,122923,45.08,1,0,0,0,0,0
XLU STK SMART,20150323,122933,45.09,2,0,0,0,0,0
XLU STK SMART,20150323,122959,45.09,1,0,0,0,0,0
XLU STK SMART,20150323,123033,45.09,2,0,0,0,0,0
XLU STK SMART,20150323,123106,45.1,20,0,0,0,0,0
XLU STK SMART,20150323,123109,45.1,1,0,0,0,0,0
XLU STK SMART,20150323,123122,45.09,4,0,0,0,0,0
XLU STK SMART,20150323,123130,45.1,1,0,0,0,0,0
XLU STK SMART,20150323,123146,45.11,1,0,0,0,0,0
XLU STK SMART,20150323,123211,45.11,2,0,0,0,0,0
XLU STK SMART,20150323,123234,45.11,1,0,0,0,0,0
XLU STK SMART,20150323,123242,45.12,1,0,0,0,0,0
XLU STK SMART,20150323,123252,45.13,1,0,0,0,0,0
XLU STK SMART,20150323,123300,45.12,1,0,0,0,0,0
XLU STK SMART,20150323,123315,45.11,1,0,0,0,0,0
XLU STK SMART,20150323,123340,45.11,2,0,0,0,0,0
XLU STK SMART,20150323,123416,45.12,1,0,0,0,0,0
XLU STK SMART,20150323,123516,45.12,2,0,0,0,0,0
XLU STK SMART,20150323,123535,45.11,3,0,0,0,0,0
XLU STK SMART,20150323,123557,45.1,1,0,0,0,0,0
XLU STK SMART,20150323,123610,45.1,7,0,0,0,0,0
XLU STK SMART,20150323,123632,45.09,1,0,0,0,0,0
XLU STK SMART,20150323,123652,45.1,2,0,0,0,0,0
XLU STK SMART,20150323,123726,45.09,1,0,0,0,0,0
XLU STK SMART,20150323,123742,45.11,1,0,0,0,0,0
XLU STK SMART,20150323,123749,45.11,5,0,0,0,0,0
XLU STK SMART,20150323,123830,45.09,5,0,0,0,0,0
XLU STK SMART,20150323,123920,45.1,3,0,0,0,0,0
XLU STK SMART,20150323,124000,45.11,1,0,0,0,0,0
XLU STK SMART,20150323,124017,45.11,20,0,0,0,0,0
XLU STK SMART,20150323,124022,45.1,2,0,0,0,0,0
XLU STK SMART,20150323,124032,45.1,1,0,0,0,0,0
XLU STK SMART,20150323,124040,45.11,1,0,0,0,0,0
XLU STK SMART,20150323,124049,45.11,2,0,0,0,0,0
XLU STK SMART,20150323,124137,45.1,1,0,0,0,0,0
XLU STK SMART,20150323,124146,45.1,2,0,0,0,0,0
XLU STK SMART,20150323,124335,45.11,1,0,0,0,0,0
XLU STK SMART,20150323,124342,45.11,1,0,0,0,0,0
XLU STK SMART,20150323,124429,45.11,2,0,0,0,0,0
XLU STK SMART,20150323,124458,45.09,1,0,0,0,0,0
XLU STK SMART,20150323,124459,45.1,3,0,0,0,0,0
XLU STK SMART,20150323,124516,45.09,1,0,0,0,0,0
XLU STK SMART,20150323,124537,45.09,5,0,0,0,0,0
XLU STK SMART,20150323,124557,45.09,1,0,0,0,0,0
XLU STK SMART,20150323,124606,45.1,1,0,0,0,0,0
XLU STK SMART,20150323,124625,45.11,2,0,0,0,0,0
XLU STK SMART,20150323,124629,45.11,1,0,0,0,0,0
XLU STK SMART,20150323,124647,45.11,2,0,0,0,0,0
XLU STK SMART,20150323,124738,45.11,5,0,0,0,0,0
XLU STK SMART,20150323,124805,45.11,1,0,0,0,0,0
XLU STK SMART,20150323,124837,45.1,2,0,0,0,0,0
XLU STK SMART,20150323,124903,45.11,2,0,0,0,0,0
XLU STK SMART,20150323,124914,45.11,1,0,0,0,0,0
XLU STK SMART,20150323,124946,45.12,2,0,0,0,0,0
XLU STK SMART,20150323,125015,45.1,2,0,0,0,0,0
XLU STK SMART,20150323,125110,45.1,1,0,0,0,0,0
XLU STK SMART,20150323,125121,45.1,2,0,0,0,0,0
XLU STK SMART,20150323,125146,45.09,1,0,0,0,0,0
XLU STK SMART,20150323,125150,45.1,1,0,0,0,0,0
XLU STK SMART,20150323,125206,45.09,1,0,0,0,0,0
XLU STK SMART,20150323,125245,45.1,1,0,0,0,0,0
XLU STK SMART,20150323,125302,45.11,1,0,0,0,0,0
XLU STK SMART,20150323,125406,45.09,1,0,0,0,0,0
XLU STK SMART,20150323,125440,45.08,1,0,0,0,0,0
XLU STK SMART,20150323,125520,45.07,1,0,0,0,0,0
XLU STK SMART,20150323,125531,45.06,1,0,0,0,0,0
XLU STK SMART,20150323,125612,45.05,1,0,0,0,0,0
XLU STK SMART,20150323,125627,45.04,1,0,0,0,0,0
XLU STK SMART,20150323,125632,45.04,1,0,0,0,0,0
XLU STK SMART,20150323,125648,45.03,1,0,0,0,0,0
XLU STK SMART,20150323,125652,45.04,10,0,0,0,0,0
XLU STK SMART,20150323,125712,45.04,1,0,0,0,0,0
XLU STK SMART,20150323,125802,45.03,3,0,0,0,0,0
XLU STK SMART,20150323,125822,45.02,1,0,0,0,0,0
XLU STK SMART,20150323,125838,45.03,1,0,0,0,0,0
XLU STK SMART,20150323,125847,45.02,2,0,0,0,0,0
XLU STK SMART,20150323,125950,45.03,2,0,0,0,0,0
XLU STK SMART,20150323,130004,45.03,1,0,0,0,0,0
XLU STK SMART,20150323,130028,45.02,1,0,0,0,0,0
XLU STK SMART,20150323,130116,45,2,0,0,0,0,0
XLU STK SMART,20150323,130215,45,4,0,0,0,0,0
XLU STK SMART,20150323,130225,45.01,4,0,0,0,0,0
XLU STK SMART,20150323,130241,45.01,1,0,0,0,0,0
XLU STK SMART,20150323,130325,45.01,4,0,0,0,0,0
XLU STK SMART,20150323,130409,45.02,1,0,0,0,0,0
XLU STK SMART,20150323,130505,45.03,2,0,0,0,0,0
XLU STK SMART,20150323,130536,45.03,1,0,0,0,0,0
XLU STK SMART,20150323,130604,45.05,2,0,0,0,0,0
XLU STK SMART,20150323,130629,45.04,1,0,0,0,0,0
XLU STK SMART,20150323,130719,45.07,2,0,0,0,0,0
XLU STK SMART,20150323,130725,45.07,3,0,0,0,0,0
XLU STK SMART,20150323,130802,45.07,7,0,0,0,0,0
XLU STK SMART,20150323,130829,45.09,3,0,0,0,0,0
XLU STK SMART,20150323,130847,45.09,3,0,0,0,0,0
XLU STK SMART,20150323,130924,45.09,1,0,0,0,0,0
XLU STK SMART,20150323,131009,45.1,2,0,0,0,0,0
XLU STK SMART,20150323,131018,45.1,1,0,0,0,0,0
XLU STK SMART,20150323,131022,45.09,1,0,0,0,0,0
XLU STK SMART,20150323,131033,45.09,2,0,0,0,0,0
XLU STK SMART,20150323,131114,45.09,3,0,0,0,0,0
XLU STK SMART,20150323,131144,45.09,1,0,0,0,0,0
XLU STK SMART,20150323,131201,45.09,6,0,0,0,0,0
XLU STK SMART,20150323,131217,45.09,2,0,0,0,0,0
XLU STK SMART,20150323,131253,45.09,1,0,0,0,0,0
XLU STK SMART,20150323,131511,45.09,1,0,0,0,0,0
XLU STK SMART,20150323,131534,45.08,1,0,0,0,0,0
XLU STK SMART,20150323,131620,45.09,2,0,0,0,0,0
XLU STK SMART,20150323,131624,45.1,1,0,0,0,0,0
XLU STK SMART,20150323,131637,45.11,2,0,0,0,0,0
XLU STK SMART,20150323,131641,45.1,2,0,0,0,0,0
XLU STK SMART,20150323,131718,45.11,2,0,0,0,0,0
XLU STK SMART,20150323,131722,45.11,1,0,0,0,0,0
XLU STK SMART,20150323,132026,45.1,1,0,0,0,0,0
XLU STK SMART,20150323,132030,45.1,2,0,0,0,0,0
XLU STK SMART,20150323,132041,45.1,1,0,0,0,0,0
XLU STK SMART,20150323,132102,45.09,3,0,0,0,0,0
XLU STK SMART,20150323,132113,45.08,1,0,0,0,0,0
XLU STK SMART,20150323,132127,45.09,3,0,0,0,0,0
XLU STK SMART,20150323,132141,45.09,1,0,0,0,0,0
XLU STK SMART,20150323,132229,45.09,1,0,0,0,0,0
XLU STK SMART,20150323,132252,45.08,1,0,0,0,0,0
XLU STK SMART,20150323,132932,45.08,1,0,0,0,0,0
XLU STK SMART,20150323,133005,45.08,3,0,0,0,0,0
XLU STK SMART,20150323,133113,45.07,1,0,0,0,0,0
XLU STK SMART,20150323,133235,45.07,2,0,0,0,0,0
XLU STK SMART,20150323,133349,45.08,1,0,0,0,0,0
XLU STK SMART,20150323,133427,45.07,1,0,0,0,0,0
XLU STK SMART,20150323,133505,45.07,1,0,0,0,0,0
XLU STK SMART,20150323,133600,45.08,4,0,0,0,0,0
XLU STK SMART,20150323,133610,45.09,18,0,0,0,0,0
XLU STK SMART,20150323,133649,45.09,1,0,0,0,0,0
XLU STK SMART,20150323,133714,45.08,1,0,0,0,0,0
XLU STK SMART,20150323,133748,45.09,3,0,0,0,0,0
XLU STK SMART,20150323,133830,45.09,2,0,0,0,0,0
XLU STK SMART,20150323,133917,45.09,1,0,0,0,0,0
XLU STK SMART,20150323,134002,45.09,2,0,0,0,0,0
XLU STK SMART,20150323,134020,45.09,1,0,0,0,0,0
XLU STK SMART,20150323,134350,45.09,1,0,0,0,0,0
XLU STK SMART,20150323,134401,45.09,2,0,0,0,0,0
XLU STK SMART,20150323,134405,45.09,9,0,0,0,0,0
XLU STK SMART,20150323,134414,45.09,2,0,0,0,0,0
XLU STK SMART,20150323,134448,45.09,1,0,0,0,0,0
XLU STK SMART,20150323,134527,45.09,1,0,0,0,0,0
XLU STK SMART,20150323,134539,45.09,1,0,0,0,0,0
XLU STK SMART,20150323,134654,45.1,1,0,0,0,0,0
XLU STK SMART,20150323,134740,45.1,1,0,0,0,0,0
XLU STK SMART,20150323,134826,45.11,4,0,0,0,0,0
XLU STK SMART,20150323,134859,45.11,1,0,0,0,0,0
XLU STK SMART,20150323,134922,45.11,2,0,0,0,0,0
XLU STK SMART,20150323,134940,45.1,1,0,0,0,0,0
XLU STK SMART,20150323,134951,45.1,5,0,0,0,0,0
XLU STK SMART,20150323,135034,45.1,3,0,0,0,0,0
XLU STK SMART,20150323,135104,45.1,1,0,0,0,0,0
XLU STK SMART,20150323,135135,45.09,1,0,0,0,0,0
XLU STK SMART,20150323,135404,45.11,3,0,0,0,0,0
XLU STK SMART,20150323,135449,45.11,9,0,0,0,0,0
XLU STK SMART,20150323,135501,45.11,1,0,0,0,0,0
XLU STK SMART,20150323,135652,45.12,1,0,0,0,0,0
XLU STK SMART,20150323,135659,45.12,1,0,0,0,0,0
XLU STK SMART,20150323,135759,45.11,1,0,0,0,0,0
XLU STK SMART,20150323,135859,45.11,1,0,0,0,0,0
XLU STK SMART,20150323,135906,45.1,1,0,0,0,0,0
XLU STK SMART,20150323,135916,45.09,2,0,0,0,0,0
XLU STK SMART,20150323,135926,45.09,1,0,0,0,0,0
XLU STK SMART,20150323,135948,45.09,1,0,0,0,0,0
XLU STK SMART,20150323,140004,45.09,2,0,0,0,0,0
XLU STK SMART,20150323,140041,45.09,4,0,0,0,0,0
XLU STK SMART,20150323,140115,45.09,1,0,0,0,0,0
XLU STK SMART,20150323,140138,45.09,1,0,0,0,0,0
XLU STK SMART,20150323,140144,45.09,1,0,0,0,0,0
XLU STK SMART,20150323,140211,45.11,4,0,0,0,0,0
XLU STK SMART,20150323,140225,45.11,1,0,0,0,0,0
XLU STK SMART,20150323,140256,45.1,2,0,0,0,0,0
XLU STK SMART,20150323,140307,45.1,1,0,0,0,0,0
XLU STK SMART,20150323,140345,45.1,1,0,0,0,0,0
XLU STK SMART,20150323,140429,45.1,1,0,0,0,0,0
XLU STK SMART,20150323,140507,45.11,1,0,0,0,0,0
XLU STK SMART,20150323,140534,45.11,3,0,0,0,0,0
XLU STK SMART,20150323,140640,45.11,1,0,0,0,0,0
XLU STK SMART,20150323,140705,45.11,1,0,0,0,0,0
XLU STK SMART,20150323,140719,45.12,2,0,0,0,0,0
XLU STK SMART,20150323,140729,45.11,1,0,0,0,0,0
XLU STK SMART,20150323,140738,45.12,1,0,0,0,0,0
XLU STK SMART,20150323,140758,45.12,2,0,0,0,0,0
XLU STK SMART,20150323,140841,45.13,1,0,0,0,0,0
XLU STK SMART,20150323,140845,45.14,1,0,0,0,0,0
XLU STK SMART,20150323,140922,45.15,2,0,0,0,0,0
XLU STK SMART,20150323,140925,45.15,1,0,0,0,0,0
XLU STK SMART,20150323,141002,45.15,2,0,0,0,0,0
XLU STK SMART,20150323,141003,45.15,4,0,0,0,0,0
XLU STK SMART,20150323,141020,45.15,2,0,0,0,0,0
XLU STK SMART,20150323,141102,45.13,1,0,0,0,0,0
XLU STK SMART,20150323,141158,45.13,2,0,0,0,0,0
XLU STK SMART,20150323,141210,45.13,1,0,0,0,0,0
XLU STK SMART,20150323,141244,45.12,1,0,0,0,0,0
XLU STK SMART,20150323,141430,45.12,2,0,0,0,0,0
XLU STK SMART,20150323,141505,45.14,1,0,0,0,0,0
XLU STK SMART,20150323,141515,45.14,4,0,0,0,0,0
XLU STK SMART,20150323,141632,45.15,5,0,0,0,0,0
XLU STK SMART,20150323,141633,45.15,2,0,0,0,0,0
XLU STK SMART,20150323,141726,45.14,2,0,0,0,0,0
XLU STK SMART,20150323,141734,45.14,1,0,0,0,0,0
XLU STK SMART,20150323,141748,45.14,1,0,0,0,0,0
XLU STK SMART,20150323,141805,45.13,1,0,0,0,0,0
XLU STK SMART,20150323,142038,45.13,3,0,0,0,0,0
XLU STK SMART,20150323,142059,45.12,1,0,0,0,0,0
XLU STK SMART,20150323,142110,45.12,2,0,0,0,0,0
XLU STK SMART,20150323,142119,45.12,1,0,0,0,0,0
XLU STK SMART,20150323,142132,45.11,1,0,0,0,0,0
XLU STK SMART,20150323,142206,45.12,1,0,0,0,0,0
XLU STK SMART,20150323,142235,45.13,1,0,0,0,0,0
XLU STK SMART,20150323,142347,45.13,2,0,0,0,0,0
XLU STK SMART,20150323,142433,45.13,1,0,0,0,0,0
XLU STK SMART,20150323,142434,45.13,1,0,0,0,0,0
XLU STK SMART,20150323,142446,45.14,1,0,0,0,0,0
XLU STK SMART,20150323,142459,45.13,2,0,0,0,0,0
XLU STK SMART,20150323,142508,45.13,3,0,0,0,0,0
XLU STK SMART,20150323,142525,45.13,1,0,0,0,0,0
XLU STK SMART,20150323,142715,45.13,1,0,0,0,0,0
XLU STK SMART,20150323,142729,45.13,4,0,0,0,0,0
XLU STK SMART,20150323,142742,45.13,2,0,0,0,0,0
XLU STK SMART,20150323,142827,45.12,1,0,0,0,0,0
XLU STK SMART,20150323,143022,45.13,6,0,0,0,0,0
XLU STK SMART,20150323,143032,45.14,9,0,0,0,0,0
XLU STK SMART,20150323,143037,45.13,1,0,0,0,0,0
XLU STK SMART,20150323,143049,45.12,1,0,0,0,0,0
XLU STK SMART,20150323,143055,45.12,2,0,0,0,0,0
XLU STK SMART,20150323,143123,45.11,2,0,0,0,0,0
XLU STK SMART,20150323,143223,45.11,1,0,0,0,0,0
XLU STK SMART,20150323,143502,45.12,2,0,0,0,0,0
XLU STK SMART,20150323,143644,45.11,1,0,0,0,0,0
XLU STK SMART,20150323,143710,45.11,2,0,0,0,0,0
XLU STK SMART,20150323,143716,45.12,20,0,0,0,0,0
XLU STK SMART,20150323,143731,45.13,1,0,0,0,0,0
XLU STK SMART,20150323,143829,45.13,2,0,0,0,0,0
XLU STK SMART,20150323,143946,45.13,1,0,0,0,0,0
XLU STK SMART,20150323,144021,45.14,1,0,0,0,0,0
XLU STK SMART,20150323,144140,45.12,1,0,0,0,0,0
XLU STK SMART,20150323,144208,45.13,1,0,0,0,0,0
XLU STK SMART,20150323,144221,45.13,2,0,0,0,0,0
XLU STK SMART,20150323,144225,45.13,1,0,0,0,0,0
XLU STK SMART,20150323,144459,45.15,2,0,0,0,0,0
XLU STK SMART,20150323,144504,45.15,1,0,0,0,0,0
XLU STK SMART,20150323,144519,45.14,1,0,0,0,0,0
XLU STK SMART,20150323,144554,45.14,2,0,0,0,0,0
XLU STK SMART,20150323,144604,45.13,1,0,0,0,0,0
XLU STK SMART,20150323,144614,45.13,1,0,0,0,0,0
XLU STK SMART,20150323,144638,45.14,1,0,0,0,0,0
XLU STK SMART,20150323,144650,45.15,1,0,0,0,0,0
XLU STK SMART,20150323,144714,45.15,1,0,0,0,0,0
XLU STK SMART,20150323,144718,45.15,2,0,0,0,0,0
XLU STK SMART,20150323,144734,45.15,3,0,0,0,0,0
XLU STK SMART,20150323,144744,45.15,4,0,0,0,0,0
XLU STK SMART,20150323,144751,45.14,2,0,0,0,0,0
XLU STK SMART,20150323,144806,45.14,1,0,0,0,0,0
XLU STK SMART,20150323,144830,45.14,2,0,0,0,0,0
XLU STK SMART,20150323,144839,45.13,1,0,0,0,0,0
XLU STK SMART,20150323,144923,45.13,1,0,0,0,0,0
XLU STK SMART,20150323,144929,45.12,5,0,0,0,0,0
XLU STK SMART,20150323,144944,45.11,3,0,0,0,0,0
XLU STK SMART,20150323,144945,45.11,1,0,0,0,0,0
XLU STK SMART,20150323,145043,45.12,1,0,0,0,0,0
XLU STK SMART,20150323,145054,45.12,2,0,0,0,0,0
XLU STK SMART,20150323,145112,45.12,1,0,0,0,0,0
XLU STK SMART,20150323,145120,45.12,1,0,0,0,0,0
XLU STK SMART,20150323,145130,45.11,1,0,0,0,0,0
XLU STK SMART,20150323,145244,45.12,1,0,0,0,0,0
XLU STK SMART,20150323,145249,45.13,1,0,0,0,0,0
XLU STK SMART,20150323,145310,45.13,1,0,0,0,0,0
XLU STK SMART,20150323,145352,45.13,1,0,0,0,0,0
XLU STK SMART,20150323,145520,45.12,1,0,0,0,0,0
XLU STK SMART,20150323,145528,45.11,1,0,0,0,0,0
XLU STK SMART,20150323,145558,45.12,1,0,0,0,0,0
XLU STK SMART,20150323,145616,45.12,2,0,0,0,0,0
XLU STK SMART,20150323,145650,45.12,1,0,0,0,0,0
XLU STK SMART,20150323,145729,45.12,1,0,0,0,0,0
XLU STK SMART,20150323,145741,45.11,1,0,0,0,0,0
XLU STK SMART,20150323,145750,45.11,1,0,0,0,0,0
XLU STK SMART,20150323,145755,45.12,1,0,0,0,0,0
XLU STK SMART,20150323,145816,45.12,1,0,0,0,0,0
XLU STK SMART,20150323,145835,45.12,1,0,0,0,0,0
XLU STK SMART,20150323,145841,45.12,1,0,0,0,0,0
XLU STK SMART,20150323,145949,45.13,1,0,0,0,0,0
XLU STK SMART,20150323,150019,45.12,1,0,0,0,0,0
XLU STK SMART,20150323,150034,45.13,1,0,0,0,0,0
XLU STK SMART,20150323,150044,45.13,1,0,0,0,0,0
XLU STK SMART,20150323,150133,45.12,1,0,0,0,0,0
XLU STK SMART,20150323,150153,45.12,1,0,0,0,0,0
XLU STK SMART,20150323,150200,45.12,1,0,0,0,0,0
XLU STK SMART,20150323,150221,45.12,1,0,0,0,0,0
XLU STK SMART,20150323,150230,45.12,1,0,0,0,0,0
XLU STK SMART,20150323,150241,45.13,1,0,0,0,0,0
XLU STK SMART,20150323,150303,45.12,1,0,0,0,0,0
XLU STK SMART,20150323,150344,45.14,1,0,0,0,0,0
XLU STK SMART,20150323,150354,45.13,1,0,0,0,0,0
XLU STK SMART,20150323,150359,45.13,3,0,0,0,0,0
XLU STK SMART,20150323,150424,45.13,1,0,0,0,0,0
XLU STK SMART,20150323,150513,45.13,1,0,0,0,0,0
XLU STK SMART,20150323,150516,45.13,5,0,0,0,0,0
XLU STK SMART,20150323,150538,45.13,1,0,0,0,0,0
XLU STK SMART,20150323,150602,45.13,5,0,0,0,0,0
XLU STK SMART,20150323,150614,45.14,5,0,0,0,0,0
XLU STK SMART,20150323,150705,45.13,24,0,0,0,0,0
XLU STK SMART,20150323,150714,45.11,3,0,0,0,0,0
XLU STK SMART,20150323,150738,45.11,1,0,0,0,0,0
XLU STK SMART,20150323,150800,45.11,8,0,0,0,0,0
XLU STK SMART,20150323,150819,45.11,1,0,0,0,0,0
XLU STK SMART,20150323,150915,45.12,1,0,0,0,0,0
XLU STK SMART,20150323,150935,45.11,4,0,0,0,0,0
XLU STK SMART,20150323,150936,45.11,1,0,0,0,0,0
XLU STK SMART,20150323,150949,45.1,1,0,0,0,0,0
XLU STK SMART,20150323,151028,45.1,1,0,0,0,0,0
XLU STK SMART,20150323,151039,45.09,1,0,0,0,0,0
XLU STK SMART,20150323,151154,45.1,1,0,0,0,0,0
XLU STK SMART,20150323,151206,45.09,1,0,0,0,0,0
XLU STK SMART,20150323,151225,45.09,4,0,0,0,0,0
XLU STK SMART,20150323,151236,45.08,2,0,0,0,0,0
XLU STK SMART,20150323,151237,45.08,1,0,0,0,0,0
XLU STK SMART,20150323,151253,45.08,1,0,0,0,0,0
XLU STK SMART,20150323,151402,45.09,2,0,0,0,0,0
XLU STK SMART,20150323,151415,45.07,1,0,0,0,0,0
XLU STK SMART,20150323,151424,45.07,1,0,0,0,0,0
XLU STK SMART,20150323,151444,45.07,1,0,0,0,0,0
XLU STK SMART,20150323,151522,45.06,1,0,0,0,0,0
XLU STK SMART,20150323,151614,45.08,2,0,0,0,0,0
XLU STK SMART,20150323,151715,45.08,1,0,0,0,0,0
XLU STK SMART,20150323,151724,45.08,1,0,0,0,0,0
XLU STK SMART,20150323,151734,45.09,1,0,0,0,0,0
XLU STK SMART,20150323,151757,45.1,2,0,0,0,0,0
XLU STK SMART,20150323,151812,45.09,1,0,0,0,0,0
XLU STK SMART,20150323,151843,45.1,3,0,0,0,0,0
XLU STK SMART,20150323,151906,45.1,2,0,0,0,0,0
XLU STK SMART,20150323,151908,45.1,3,0,0,0,0,0
XLU STK SMART,20150323,151926,45.1,1,0,0,0,0,0
XLU STK SMART,20150323,151951,45.09,1,0,0,0,0,0
XLU STK SMART,20150323,151957,45.09,8,0,0,0,0,0
XLU STK SMART,20150323,152023,45.1,1,0,0,0,0,0
XLU STK SMART,20150323,152048,45.09,1,0,0,0,0,0
XLU STK SMART,20150323,152106,45.09,1,0,0,0,0,0
XLU STK SMART,20150323,152126,45.1,4,0,0,0,0,0
XLU STK SMART,20150323,152136,45.11,1,0,0,0,0,0
XLU STK SMART,20150323,152150,45.11,5,0,0,0,0,0
XLU STK SMART,20150323,152223,45.12,3,0,0,0,0,0
XLU STK SMART,20150323,152255,45.13,1,0,0,0,0,0
XLU STK SMART,20150323,152336,45.13,1,0,0,0,0,0
XLU STK SMART,20150323,152409,45.13,1,0,0,0,0,0
XLU STK SMART,20150323,152438,45.13,1,0,0,0,0,0
XLU STK SMART,20150323,152451,45.14,1,0,0,0,0,0
XLU STK SMART,20150323,152526,45.14,1,0,0,0,0,0
XLU STK SMART,20150323,152541,45.13,2,0,0,0,0,0
XLU STK SMART,20150323,152604,45.14,1,0,0,0,0,0
XLU STK SMART,20150323,152616,45.14,1,0,0,0,0,0
XLU STK SMART,20150323,152628,45.14,3,0,0,0,0,0
XLU STK SMART,20150323,152704,45.13,1,0,0,0,0,0
XLU STK SMART,20150323,152727,45.13,1,0,0,0,0,0
XLU STK SMART,20150323,152743,45.13,1,0,0,0,0,0
XLU STK SMART,20150323,152826,45.15,8,0,0,0,0,0
XLU STK SMART,20150323,152827,45.15,1,0,0,0,0,0
XLU STK SMART,20150323,152912,45.14,1,0,0,0,0,0
XLU STK SMART,20150323,152945,45.14,1,0,0,0,0,0
XLU STK SMART,20150323,152952,45.14,1,0,0,0,0,0
XLU STK SMART,20150323,153005,45.15,1,0,0,0,0,0
XLU STK SMART,20150323,153033,45.14,1,0,0,0,0,0
XLU STK SMART,20150323,153042,45.13,1,0,0,0,0,0
XLU STK SMART,20150323,153052,45.13,1,0,0,0,0,0
XLU STK SMART,20150323,153104,45.13,1,0,0,0,0,0
XLU STK SMART,20150323,153126,45.13,3,0,0,0,0,0
XLU STK SMART,20150323,153127,45.13,1,0,0,0,0,0
XLU STK SMART,20150323,153212,45.14,1,0,0,0,0,0
XLU STK SMART,20150323,153226,45.14,5,0,0,0,0,0
XLU STK SMART,20150323,153250,45.13,1,0,0,0,0,0
XLU STK SMART,20150323,153303,45.12,1,0,0,0,0,0
XLU STK SMART,20150323,153312,45.12,2,0,0,0,0,0
XLU STK SMART,20150323,153328,45.13,1,0,0,0,0,0
XLU STK SMART,20150323,153345,45.13,3,0,0,0,0,0
XLU STK SMART,20150323,153401,45.14,1,0,0,0,0,0
XLU STK SMART,20150323,153418,45.14,5,0,0,0,0,0
XLU STK SMART,20150323,153443,45.13,1,0,0,0,0,0
XLU STK SMART,20150323,153506,45.13,6,0,0,0,0,0
XLU STK SMART,20150323,153524,45.13,1,0,0,0,0,0
XLU STK SMART,20150323,153545,45.13,1,0,0,0,0,0
XLU STK SMART,20150323,153547,45.13,1,0,0,0,0,0
XLU STK SMART,20150323,153602,45.13,4,0,0,0,0,0
XLU STK SMART,20150323,153716,45.13,3,0,0,0,0,0
XLU STK SMART,20150323,153746,45.13,1,0,0,0,0,0
XLU STK SMART,20150323,153856,45.13,1,0,0,0,0,0
XLU STK SMART,20150323,153904,45.13,2,0,0,0,0,0
XLU STK SMART,20150323,153913,45.13,1,0,0,0,0,0
XLU STK SMART,20150323,153946,45.14,1,0,0,0,0,0
XLU STK SMART,20150323,154005,45.14,3,0,0,0,0,0
XLU STK SMART,20150323,154020,45.14,1,0,0,0,0,0
XLU STK SMART,20150323,154056,45.14,1,0,0,0,0,0
XLU STK SMART,20150323,154111,45.14,1,0,0,0,0,0
XLU STK SMART,20150323,154120,45.13,4,0,0,0,0,0
XLU STK SMART,20150323,154145,45.13,2,0,0,0,0,0
XLU STK SMART,20150323,154157,45.13,1,0,0,0,0,0
XLU STK SMART,20150323,154158,45.13,2,0,0,0,0,0
XLU STK SMART,20150323,154213,45.13,1,0,0,0,0,0
XLU STK SMART,20150323,154233,45.13,3,0,0,0,0,0
XLU STK SMART,20150323,154246,45.13,6,0,0,0,0,0
XLU STK SMART,20150323,154255,45.14,1,0,0,0,0,0
XLU STK SMART,20150323,154259,45.13,4,0,0,0,0,0
XLU STK SMART,20150323,154316,45.14,3,0,0,0,0,0
XLU STK SMART,20150323,154345,45.14,1,0,0,0,0,0
XLU STK SMART,20150323,154354,45.13,1,0,0,0,0,0
XLU STK SMART,20150323,154416,45.13,5,0,0,0,0,0
XLU STK SMART,20150323,154437,45.14,6,0,0,0,0,0
XLU STK SMART,20150323,154442,45.14,1,0,0,0,0,0
XLU STK SMART,20150323,154453,45.15,2,0,0,0,0,0
XLU STK SMART,20150323,154504,45.14,1,0,0,0,0,0
XLU STK SMART,20150323,154509,45.14,1,0,0,0,0,0
XLU STK SMART,20150323,154532,45.13,1,0,0,0,0,0
XLU STK SMART,20150323,154544,45.14,2,0,0,0,0,0
XLU STK SMART,20150323,154632,45.13,3,0,0,0,0,0
XLU STK SMART,20150323,154638,45.13,1,0,0,0,0,0
XLU STK SMART,20150323,154654,45.13,1,0,0,0,0,0
XLU STK SMART,20150323,154704,45.13,1,0,0,0,0,0
XLU STK SMART,20150323,154729,45.14,1,0,0,0,0,0
XLU STK SMART,20150323,154757,45.14,2,0,0,0,0,0
XLU STK SMART,20150323,154823,45.14,2,0,0,0,0,0
XLU STK SMART,20150323,154842,45.13,1,0,0,0,0,0
XLU STK SMART,20150323,154919,45.14,1,0,0,0,0,0
XLU STK SMART,20150323,154934,45.13,1,0,0,0,0,0
XLU STK SMART,20150323,154949,45.13,1,0,0,0,0,0
XLU STK SMART,20150323,155000,45.13,13,0,0,0,0,0
XLU STK SMART,20150323,155028,45.14,5,0,0,0,0,0
XLU STK SMART,20150323,155046,45.13,1,0,0,0,0,0
XLU STK SMART,20150323,155049,45.13,1,0,0,0,0,0
XLU STK SMART,20150323,155115,45.13,1,0,0,0,0,0
XLU STK SMART,20150323,155135,45.13,1,0,0,0,0,0
XLU STK SMART,20150323,155142,45.13,2,0,0,0,0,0
XLU STK SMART,20150323,155201,45.12,1,0,0,0,0,0
XLU STK SMART,20150323,155215,45.12,1,0,0,0,0,0
XLU STK SMART,20150323,155236,45.11,2,0,0,0,0,0
XLU STK SMART,20150323,155255,45.12,2,0,0,0,0,0
XLU STK SMART,20150323,155307,45.12,1,0,0,0,0,0
XLU STK SMART,20150323,155326,45.12,1,0,0,0,0,0
XLU STK SMART,20150323,155329,45.12,5,0,0,0,0,0
XLU STK SMART,20150323,155347,45.11,1,0,0,0,0,0
XLU STK SMART,20150323,155409,45.11,1,0,0,0,0,0
XLU STK SMART,20150323,155428,45.12,2,0,0,0,0,0
XLU STK SMART,20150323,155438,45.11,5,0,0,0,0,0
XLU STK SMART,20150323,155444,45.11,1,0,0,0,0,0
XLU STK SMART,20150323,155456,45.12,1,0,0,0,0,0
XLU STK SMART,20150323,155517,45.11,1,0,0,0,0,0
XLU STK SMART,20150323,155525,45.11,1,0,0,0,0,0
XLU STK SMART,20150323,155535,45.11,2,0,0,0,0,0
XLU STK SMART,20150323,155545,45.11,2,0,0,0,0,0
XLU STK SMART,20150323,155549,45.1,1,0,0,0,0,0
XLU STK SMART,20150323,155604,45.1,1,0,0,0,0,0
XLU STK SMART,20150323,155618,45.09,2,0,0,0,0,0
XLU STK SMART,20150323,155627,45.1,1,0,0,0,0,0
XLU STK SMART,20150323,155636,45.09,2,0,0,0,0,0
XLU STK SMART,20150323,155641,45.09,1,0,0,0,0,0
XLU STK SMART,20150323,155658,45.08,1,0,0,0,0,0
XLU STK SMART,20150323,155715,45.07,1,0,0,0,0,0
XLU STK SMART,20150323,155723,45.07,1,0,0,0,0,0
XLU STK SMART,20150323,155733,45.07,1,0,0,0,0,0
XLU STK SMART,20150323,155757,45.06,4,0,0,0,0,0
XLU STK SMART,20150323,155807,45.06,3,0,0,0,0,0
XLU STK SMART,20150323,155817,45.06,1,0,0,0,0,0
XLU STK SMART,20150323,155827,45.06,1,0,0,0,0,0
XLU STK SMART,20150323,155838,45.06,3,0,0,0,0,0
XLU STK SMART,20150323,155848,45.05,1,0,0,0,0,0
XLU STK SMART,20150323,155858,45.05,5,0,0,0,0,0
XLU STK SMART,20150323,155905,45.04,10,0,0,0,0,0
XLU STK SMART,20150323,155917,45.03,12,0,0,0,0,0
XLU STK SMART,20150323,155928,45.04,1,0,0,0,0,0
XLU STK SMART,20150323,160144,45.02,3,0,0,0,0,0
