1627                
XOM STK SMART,20150323,92729,84.92,3,0,0,0,0,0
XOM STK SMART,20150323,92815,84.92,40,0,0,0,0,0
XOM STK SMART,20150323,92831,85,1,0,0,0,0,0
XOM STK SMART,20150323,92929,85.01,1,0,0,0,0,0
XOM STK SMART,20150323,92947,85.14,1,0,0,0,0,0
XOM STK SMART,20150323,92953,85.17,2,0,0,0,0,0
XOM STK SMART,20150323,93004,85.17,1,0,0,0,0,0
XOM STK SMART,20150323,93017,85.27,1,0,0,0,0,0
XOM STK SMART,20150323,93028,85.29,2,0,0,0,0,0
XOM STK SMART,20150323,93036,85.32,1,0,0,0,0,0
XOM STK SMART,20150323,93045,85.34,1,0,0,0,0,0
XOM STK SMART,20150323,93057,85.34,1,0,0,0,0,0
XOM STK SMART,20150323,93108,85.35,1,0,0,0,0,0
XOM STK SMART,20150323,93117,85.39,1,0,0,0,0,0
XOM STK SMART,20150323,93121,85.36,1,0,0,0,0,0
XOM STK SMART,20150323,93136,85.4,1,0,0,0,0,0
XOM STK SMART,20150323,93148,85.35,1,0,0,0,0,0
XOM STK SMART,20150323,93156,85.33,1,0,0,0,0,0
XOM STK SMART,20150323,93206,85.35,1,0,0,0,0,0
XOM STK SMART,20150323,93217,85.26,2,0,0,0,0,0
XOM STK SMART,20150323,93226,85.35,1,0,0,0,0,0
XOM STK SMART,20150323,93238,85.4,1,0,0,0,0,0
XOM STK SMART,20150323,93242,85.4,1,0,0,0,0,0
XOM STK SMART,20150323,93256,85.39,1,0,0,0,0,0
XOM STK SMART,20150323,93308,85.38,1,0,0,0,0,0
XOM STK SMART,20150323,93318,85.41,1,0,0,0,0,0
XOM STK SMART,20150323,93327,85.39,1,0,0,0,0,0
XOM STK SMART,20150323,93338,85.44,1,0,0,0,0,0
XOM STK SMART,20150323,93346,85.44,1,0,0,0,0,0
XOM STK SMART,20150323,93357,85.44,1,0,0,0,0,0
XOM STK SMART,20150323,93408,85.42,1,0,0,0,0,0
XOM STK SMART,20150323,93412,85.41,1,0,0,0,0,0
XOM STK SMART,20150323,93420,85.43,1,0,0,0,0,0
XOM STK SMART,20150323,93435,85.43,1,0,0,0,0,0
XOM STK SMART,20150323,93445,85.44,1,0,0,0,0,0
XOM STK SMART,20150323,93454,85.43,1,0,0,0,0,0
XOM STK SMART,20150323,93505,85.45,1,0,0,0,0,0
XOM STK SMART,20150323,93518,85.49,1,0,0,0,0,0
XOM STK SMART,20150323,93526,85.46,2,0,0,0,0,0
XOM STK SMART,20150323,93534,85.44,2,0,0,0,0,0
XOM STK SMART,20150323,93548,85.43,1,0,0,0,0,0
XOM STK SMART,20150323,93556,85.43,2,0,0,0,0,0
XOM STK SMART,20150323,93606,85.43,1,0,0,0,0,0
XOM STK SMART,20150323,93616,85.41,1,0,0,0,0,0
XOM STK SMART,20150323,93628,85.38,1,0,0,0,0,0
XOM STK SMART,20150323,93638,85.37,1,0,0,0,0,0
XOM STK SMART,20150323,93647,85.38,1,0,0,0,0,0
XOM STK SMART,20150323,93658,85.39,3,0,0,0,0,0
XOM STK SMART,20150323,93706,85.37,1,0,0,0,0,0
XOM STK SMART,20150323,93717,85.37,2,0,0,0,0,0
XOM STK SMART,20150323,93727,85.37,2,0,0,0,0,0
XOM STK SMART,20150323,93729,85.37,1,0,0,0,0,0
XOM STK SMART,20150323,93748,85.4,2,0,0,0,0,0
XOM STK SMART,20150323,93755,85.44,1,0,0,0,0,0
XOM STK SMART,20150323,93807,85.47,1,0,0,0,0,0
XOM STK SMART,20150323,93818,85.48,1,0,0,0,0,0
XOM STK SMART,20150323,93825,85.48,1,0,0,0,0,0
XOM STK SMART,20150323,93833,85.47,1,0,0,0,0,0
XOM STK SMART,20150323,93846,85.48,1,0,0,0,0,0
XOM STK SMART,20150323,93857,85.52,1,0,0,0,0,0
XOM STK SMART,20150323,93908,85.53,1,0,0,0,0,0
XOM STK SMART,20150323,93918,85.5,1,0,0,0,0,0
XOM STK SMART,20150323,93928,85.51,1,0,0,0,0,0
XOM STK SMART,20150323,93935,85.59,1,0,0,0,0,0
XOM STK SMART,20150323,93957,85.6,1,0,0,0,0,0
XOM STK SMART,20150323,94005,85.58,1,0,0,0,0,0
XOM STK SMART,20150323,94013,85.58,1,0,0,0,0,0
XOM STK SMART,20150323,94023,85.58,1,0,0,0,0,0
XOM STK SMART,20150323,94037,85.59,1,0,0,0,0,0
XOM STK SMART,20150323,94043,85.57,1,0,0,0,0,0
XOM STK SMART,20150323,94050,85.53,1,0,0,0,0,0
XOM STK SMART,20150323,94114,85.54,1,0,0,0,0,0
XOM STK SMART,20150323,94138,85.57,1,0,0,0,0,0
XOM STK SMART,20150323,94148,85.58,1,0,0,0,0,0
XOM STK SMART,20150323,94203,85.58,1,0,0,0,0,0
XOM STK SMART,20150323,94216,85.61,1,0,0,0,0,0
XOM STK SMART,20150323,94227,85.65,2,0,0,0,0,0
XOM STK SMART,20150323,94238,85.68,1,0,0,0,0,0
XOM STK SMART,20150323,94248,85.68,1,0,0,0,0,0
XOM STK SMART,20150323,94252,85.69,1,0,0,0,0,0
XOM STK SMART,20150323,94306,85.68,1,0,0,0,0,0
XOM STK SMART,20150323,94311,85.66,1,0,0,0,0,0
XOM STK SMART,20150323,94329,85.69,1,0,0,0,0,0
XOM STK SMART,20150323,94336,85.67,1,0,0,0,0,0
XOM STK SMART,20150323,94348,85.67,2,0,0,0,0,0
XOM STK SMART,20150323,94358,85.63,1,0,0,0,0,0
XOM STK SMART,20150323,94408,85.62,1,0,0,0,0,0
XOM STK SMART,20150323,94418,85.65,2,0,0,0,0,0
XOM STK SMART,20150323,94426,85.68,1,0,0,0,0,0
XOM STK SMART,20150323,94435,85.67,1,0,0,0,0,0
XOM STK SMART,20150323,94446,85.7,2,0,0,0,0,0
XOM STK SMART,20150323,94458,85.72,6,0,0,0,0,0
XOM STK SMART,20150323,94505,85.75,1,0,0,0,0,0
XOM STK SMART,20150323,94516,85.73,1,0,0,0,0,0
XOM STK SMART,20150323,94527,85.77,1,0,0,0,0,0
XOM STK SMART,20150323,94534,85.76,1,0,0,0,0,0
XOM STK SMART,20150323,94547,85.76,1,0,0,0,0,0
XOM STK SMART,20150323,94559,85.76,5,0,0,0,0,0
XOM STK SMART,20150323,94609,85.72,1,0,0,0,0,0
XOM STK SMART,20150323,94616,85.73,1,0,0,0,0,0
XOM STK SMART,20150323,94629,85.72,1,0,0,0,0,0
XOM STK SMART,20150323,94638,85.71,1,0,0,0,0,0
XOM STK SMART,20150323,94640,85.69,1,0,0,0,0,0
XOM STK SMART,20150323,94657,85.7,1,0,0,0,0,0
XOM STK SMART,20150323,94708,85.73,1,0,0,0,0,0
XOM STK SMART,20150323,94718,85.71,2,0,0,0,0,0
XOM STK SMART,20150323,94726,85.71,1,0,0,0,0,0
XOM STK SMART,20150323,94739,85.69,1,0,0,0,0,0
XOM STK SMART,20150323,94743,85.66,1,0,0,0,0,0
XOM STK SMART,20150323,94756,85.66,1,0,0,0,0,0
XOM STK SMART,20150323,94806,85.65,1,0,0,0,0,0
XOM STK SMART,20150323,94816,85.66,1,0,0,0,0,0
XOM STK SMART,20150323,94825,85.65,1,0,0,0,0,0
XOM STK SMART,20150323,94838,85.52,1,0,0,0,0,0
XOM STK SMART,20150323,94848,85.53,1,0,0,0,0,0
XOM STK SMART,20150323,94855,85.56,1,0,0,0,0,0
XOM STK SMART,20150323,94905,85.57,1,0,0,0,0,0
XOM STK SMART,20150323,94916,85.51,1,0,0,0,0,0
XOM STK SMART,20150323,94926,85.49,1,0,0,0,0,0
XOM STK SMART,20150323,94940,85.5,1,0,0,0,0,0
XOM STK SMART,20150323,94956,85.51,1,0,0,0,0,0
XOM STK SMART,20150323,95008,85.48,1,0,0,0,0,0
XOM STK SMART,20150323,95016,85.46,1,0,0,0,0,0
XOM STK SMART,20150323,95028,85.48,1,0,0,0,0,0
XOM STK SMART,20150323,95047,85.47,1,0,0,0,0,0
XOM STK SMART,20150323,95056,85.48,2,0,0,0,0,0
XOM STK SMART,20150323,95100,85.47,1,0,0,0,0,0
XOM STK SMART,20150323,95117,85.44,1,0,0,0,0,0
XOM STK SMART,20150323,95125,85.41,1,0,0,0,0,0
XOM STK SMART,20150323,95138,85.39,2,0,0,0,0,0
XOM STK SMART,20150323,95143,85.4,1,0,0,0,0,0
XOM STK SMART,20150323,95154,85.41,2,0,0,0,0,0
XOM STK SMART,20150323,95200,85.41,1,0,0,0,0,0
XOM STK SMART,20150323,95217,85.44,1,0,0,0,0,0
XOM STK SMART,20150323,95229,85.43,1,0,0,0,0,0
XOM STK SMART,20150323,95238,85.45,2,0,0,0,0,0
XOM STK SMART,20150323,95249,85.48,1,0,0,0,0,0
XOM STK SMART,20150323,95258,85.46,1,0,0,0,0,0
XOM STK SMART,20150323,95309,85.43,1,0,0,0,0,0
XOM STK SMART,20150323,95319,85.39,1,0,0,0,0,0
XOM STK SMART,20150323,95329,85.4,2,0,0,0,0,0
XOM STK SMART,20150323,95335,85.41,1,0,0,0,0,0
XOM STK SMART,20150323,95349,85.42,2,0,0,0,0,0
XOM STK SMART,20150323,95359,85.42,1,0,0,0,0,0
XOM STK SMART,20150323,95405,85.44,1,0,0,0,0,0
XOM STK SMART,20150323,95418,85.44,1,0,0,0,0,0
XOM STK SMART,20150323,95429,85.42,1,0,0,0,0,0
XOM STK SMART,20150323,95438,85.41,1,0,0,0,0,0
XOM STK SMART,20150323,95445,85.4,1,0,0,0,0,0
XOM STK SMART,20150323,95458,85.39,1,0,0,0,0,0
XOM STK SMART,20150323,95506,85.4,1,0,0,0,0,0
XOM STK SMART,20150323,95516,85.41,1,0,0,0,0,0
XOM STK SMART,20150323,95528,85.41,1,0,0,0,0,0
XOM STK SMART,20150323,95537,85.39,1,0,0,0,0,0
XOM STK SMART,20150323,95548,85.4,1,0,0,0,0,0
XOM STK SMART,20150323,95557,85.43,2,0,0,0,0,0
XOM STK SMART,20150323,95608,85.46,1,0,0,0,0,0
XOM STK SMART,20150323,95614,85.43,1,0,0,0,0,0
XOM STK SMART,20150323,95629,85.41,1,0,0,0,0,0
XOM STK SMART,20150323,95637,85.49,1,0,0,0,0,0
XOM STK SMART,20150323,95643,85.51,1,0,0,0,0,0
XOM STK SMART,20150323,95658,85.5,1,0,0,0,0,0
XOM STK SMART,20150323,95706,85.49,1,0,0,0,0,0
XOM STK SMART,20150323,95710,85.5,1,0,0,0,0,0
XOM STK SMART,20150323,95721,85.51,1,0,0,0,0,0
XOM STK SMART,20150323,95736,85.52,1,0,0,0,0,0
XOM STK SMART,20150323,95746,85.51,1,0,0,0,0,0
XOM STK SMART,20150323,95759,85.5,1,0,0,0,0,0
XOM STK SMART,20150323,95809,85.55,2,0,0,0,0,0
XOM STK SMART,20150323,95819,85.59,1,0,0,0,0,0
XOM STK SMART,20150323,95827,85.6,1,0,0,0,0,0
XOM STK SMART,20150323,95834,85.6,1,0,0,0,0,0
XOM STK SMART,20150323,95840,85.61,4,0,0,0,0,0
XOM STK SMART,20150323,95856,85.62,1,0,0,0,0,0
XOM STK SMART,20150323,95909,85.63,1,0,0,0,0,0
XOM STK SMART,20150323,95915,85.65,1,0,0,0,0,0
XOM STK SMART,20150323,95929,85.67,5,0,0,0,0,0
XOM STK SMART,20150323,95937,85.7,2,0,0,0,0,0
XOM STK SMART,20150323,95949,85.65,1,0,0,0,0,0
XOM STK SMART,20150323,95958,85.61,1,0,0,0,0,0
XOM STK SMART,20150323,100008,85.57,1,0,0,0,0,0
XOM STK SMART,20150323,100017,85.48,1,0,0,0,0,0
XOM STK SMART,20150323,100029,85.53,1,0,0,0,0,0
XOM STK SMART,20150323,100037,85.54,1,0,0,0,0,0
XOM STK SMART,20150323,100049,85.53,2,0,0,0,0,0
XOM STK SMART,20150323,100056,85.53,2,0,0,0,0,0
XOM STK SMART,20150323,100107,85.52,1,0,0,0,0,0
XOM STK SMART,20150323,100112,85.51,1,0,0,0,0,0
XOM STK SMART,20150323,100130,85.53,1,0,0,0,0,0
XOM STK SMART,20150323,100130,85.53,1,0,0,0,0,0
XOM STK SMART,20150323,100158,85.54,1,0,0,0,0,0
XOM STK SMART,20150323,100209,85.53,1,0,0,0,0,0
XOM STK SMART,20150323,100218,85.51,1,0,0,0,0,0
XOM STK SMART,20150323,100229,85.52,1,0,0,0,0,0
XOM STK SMART,20150323,100233,85.53,1,0,0,0,0,0
XOM STK SMART,20150323,100247,85.55,1,0,0,0,0,0
XOM STK SMART,20150323,100259,85.56,1,0,0,0,0,0
XOM STK SMART,20150323,100302,85.55,1,0,0,0,0,0
XOM STK SMART,20150323,100319,85.57,1,0,0,0,0,0
XOM STK SMART,20150323,100327,85.55,1,0,0,0,0,0
XOM STK SMART,20150323,100339,85.55,2,0,0,0,0,0
XOM STK SMART,20150323,100348,85.52,1,0,0,0,0,0
XOM STK SMART,20150323,100359,85.52,1,0,0,0,0,0
XOM STK SMART,20150323,100409,85.52,1,0,0,0,0,0
XOM STK SMART,20150323,100415,85.53,1,0,0,0,0,0
XOM STK SMART,20150323,100434,85.51,1,0,0,0,0,0
XOM STK SMART,20150323,100446,85.5,1,0,0,0,0,0
XOM STK SMART,20150323,100458,85.48,1,0,0,0,0,0
XOM STK SMART,20150323,100505,85.48,2,0,0,0,0,0
XOM STK SMART,20150323,100526,85.5,1,0,0,0,0,0
XOM STK SMART,20150323,100538,85.48,1,0,0,0,0,0
XOM STK SMART,20150323,100549,85.46,1,0,0,0,0,0
XOM STK SMART,20150323,100600,85.48,1,0,0,0,0,0
XOM STK SMART,20150323,100607,85.48,1,0,0,0,0,0
XOM STK SMART,20150323,100620,85.49,1,0,0,0,0,0
XOM STK SMART,20150323,100629,85.48,1,0,0,0,0,0
XOM STK SMART,20150323,100640,85.51,1,0,0,0,0,0
XOM STK SMART,20150323,100645,85.53,1,0,0,0,0,0
XOM STK SMART,20150323,100700,85.56,1,0,0,0,0,0
XOM STK SMART,20150323,100707,85.54,1,0,0,0,0,0
XOM STK SMART,20150323,100718,85.53,1,0,0,0,0,0
XOM STK SMART,20150323,100730,85.52,1,0,0,0,0,0
XOM STK SMART,20150323,100744,85.53,1,0,0,0,0,0
XOM STK SMART,20150323,100800,85.55,1,0,0,0,0,0
XOM STK SMART,20150323,100810,85.52,1,0,0,0,0,0
XOM STK SMART,20150323,100815,85.55,1,0,0,0,0,0
XOM STK SMART,20150323,100824,85.53,1,0,0,0,0,0
XOM STK SMART,20150323,100836,85.5,1,0,0,0,0,0
XOM STK SMART,20150323,100848,85.5,1,0,0,0,0,0
XOM STK SMART,20150323,100857,85.54,2,0,0,0,0,0
XOM STK SMART,20150323,100905,85.55,1,0,0,0,0,0
XOM STK SMART,20150323,100915,85.54,1,0,0,0,0,0
XOM STK SMART,20150323,100937,85.54,1,0,0,0,0,0
XOM STK SMART,20150323,100944,85.47,1,0,0,0,0,0
XOM STK SMART,20150323,100959,85.48,1,0,0,0,0,0
XOM STK SMART,20150323,101008,85.48,1,0,0,0,0,0
XOM STK SMART,20150323,101017,85.5,1,0,0,0,0,0
XOM STK SMART,20150323,101030,85.5,2,0,0,0,0,0
XOM STK SMART,20150323,101030,85.49,1,0,0,0,0,0
XOM STK SMART,20150323,101050,85.49,1,0,0,0,0,0
XOM STK SMART,20150323,101106,85.53,1,0,0,0,0,0
XOM STK SMART,20150323,101120,85.52,1,0,0,0,0,0
XOM STK SMART,20150323,101125,85.51,1,0,0,0,0,0
XOM STK SMART,20150323,101139,85.5,1,0,0,0,0,0
XOM STK SMART,20150323,101150,85.46,2,0,0,0,0,0
XOM STK SMART,20150323,101200,85.49,2,0,0,0,0,0
XOM STK SMART,20150323,101207,85.51,1,0,0,0,0,0
XOM STK SMART,20150323,101211,85.5,1,0,0,0,0,0
XOM STK SMART,20150323,101223,85.48,1,0,0,0,0,0
XOM STK SMART,20150323,101238,85.49,1,0,0,0,0,0
XOM STK SMART,20150323,101244,85.51,1,0,0,0,0,0
XOM STK SMART,20150323,101258,85.51,1,0,0,0,0,0
XOM STK SMART,20150323,101306,85.52,1,0,0,0,0,0
XOM STK SMART,20150323,101319,85.55,1,0,0,0,0,0
XOM STK SMART,20150323,101328,85.55,1,0,0,0,0,0
XOM STK SMART,20150323,101335,85.54,1,0,0,0,0,0
XOM STK SMART,20150323,101349,85.56,1,0,0,0,0,0
XOM STK SMART,20150323,101358,85.53,1,0,0,0,0,0
XOM STK SMART,20150323,101405,85.55,1,0,0,0,0,0
XOM STK SMART,20150323,101413,85.53,1,0,0,0,0,0
XOM STK SMART,20150323,101429,85.54,1,0,0,0,0,0
XOM STK SMART,20150323,101435,85.52,1,0,0,0,0,0
XOM STK SMART,20150323,101459,85.51,1,0,0,0,0,0
XOM STK SMART,20150323,101510,85.5,1,0,0,0,0,0
XOM STK SMART,20150323,101519,85.5,1,0,0,0,0,0
XOM STK SMART,20150323,101524,85.47,1,0,0,0,0,0
XOM STK SMART,20150323,101540,85.48,1,0,0,0,0,0
XOM STK SMART,20150323,101544,85.47,1,0,0,0,0,0
XOM STK SMART,20150323,101551,85.48,1,0,0,0,0,0
XOM STK SMART,20150323,101610,85.51,2,0,0,0,0,0
XOM STK SMART,20150323,101611,85.51,1,0,0,0,0,0
XOM STK SMART,20150323,101625,85.5,1,0,0,0,0,0
XOM STK SMART,20150323,101632,85.51,1,0,0,0,0,0
XOM STK SMART,20150323,101650,85.53,1,0,0,0,0,0
XOM STK SMART,20150323,101655,85.5,1,0,0,0,0,0
XOM STK SMART,20150323,101710,85.49,4,0,0,0,0,0
XOM STK SMART,20150323,101728,85.5,1,0,0,0,0,0
XOM STK SMART,20150323,101733,85.5,2,0,0,0,0,0
XOM STK SMART,20150323,101741,85.52,1,0,0,0,0,0
XOM STK SMART,20150323,101759,85.54,1,0,0,0,0,0
XOM STK SMART,20150323,101809,85.53,1,0,0,0,0,0
XOM STK SMART,20150323,101815,85.54,1,0,0,0,0,0
XOM STK SMART,20150323,101829,85.53,1,0,0,0,0,0
XOM STK SMART,20150323,101837,85.5,1,0,0,0,0,0
XOM STK SMART,20150323,101849,85.51,1,0,0,0,0,0
XOM STK SMART,20150323,101901,85.51,6,0,0,0,0,0
XOM STK SMART,20150323,101905,85.51,1,0,0,0,0,0
XOM STK SMART,20150323,101917,85.52,1,0,0,0,0,0
XOM STK SMART,20150323,101927,85.53,1,0,0,0,0,0
XOM STK SMART,20150323,101934,85.54,1,0,0,0,0,0
XOM STK SMART,20150323,101947,85.53,1,0,0,0,0,0
XOM STK SMART,20150323,101955,85.51,1,0,0,0,0,0
XOM STK SMART,20150323,102001,85.53,1,0,0,0,0,0
XOM STK SMART,20150323,102019,85.53,1,0,0,0,0,0
XOM STK SMART,20150323,102029,85.54,1,0,0,0,0,0
XOM STK SMART,20150323,102039,85.52,1,0,0,0,0,0
XOM STK SMART,20150323,102053,85.51,1,0,0,0,0,0
XOM STK SMART,20150323,102118,85.49,1,0,0,0,0,0
XOM STK SMART,20150323,102149,85.51,1,0,0,0,0,0
XOM STK SMART,20150323,102209,85.54,1,0,0,0,0,0
XOM STK SMART,20150323,102219,85.54,1,0,0,0,0,0
XOM STK SMART,20150323,102222,85.53,1,0,0,0,0,0
XOM STK SMART,20150323,102236,85.54,2,0,0,0,0,0
XOM STK SMART,20150323,102255,85.55,1,0,0,0,0,0
XOM STK SMART,20150323,102310,85.53,1,0,0,0,0,0
XOM STK SMART,20150323,102317,85.51,1,0,0,0,0,0
XOM STK SMART,20150323,102327,85.52,1,0,0,0,0,0
XOM STK SMART,20150323,102404,85.53,1,0,0,0,0,0
XOM STK SMART,20150323,102430,85.54,1,0,0,0,0,0
XOM STK SMART,20150323,102440,85.52,1,0,0,0,0,0
XOM STK SMART,20150323,102457,85.51,1,0,0,0,0,0
XOM STK SMART,20150323,102508,85.49,1,0,0,0,0,0
XOM STK SMART,20150323,102518,85.49,1,0,0,0,0,0
XOM STK SMART,20150323,102525,85.47,1,0,0,0,0,0
XOM STK SMART,20150323,102543,85.48,1,0,0,0,0,0
XOM STK SMART,20150323,102555,85.48,1,0,0,0,0,0
XOM STK SMART,20150323,102620,85.47,1,0,0,0,0,0
XOM STK SMART,20150323,102637,85.46,1,0,0,0,0,0
XOM STK SMART,20150323,102710,85.45,1,0,0,0,0,0
XOM STK SMART,20150323,102718,85.45,1,0,0,0,0,0
XOM STK SMART,20150323,102724,85.44,1,0,0,0,0,0
XOM STK SMART,20150323,102750,85.43,1,0,0,0,0,0
XOM STK SMART,20150323,102754,85.42,1,0,0,0,0,0
XOM STK SMART,20150323,102805,85.43,1,0,0,0,0,0
XOM STK SMART,20150323,102813,85.43,1,0,0,0,0,0
XOM STK SMART,20150323,102831,85.44,1,0,0,0,0,0
XOM STK SMART,20150323,102840,85.44,1,0,0,0,0,0
XOM STK SMART,20150323,102848,85.44,1,0,0,0,0,0
XOM STK SMART,20150323,102900,85.43,1,0,0,0,0,0
XOM STK SMART,20150323,102911,85.4,20,0,0,0,0,0
XOM STK SMART,20150323,102917,85.39,1,0,0,0,0,0
XOM STK SMART,20150323,102931,85.39,4,0,0,0,0,0
XOM STK SMART,20150323,102937,85.38,1,0,0,0,0,0
XOM STK SMART,20150323,102947,85.39,1,0,0,0,0,0
XOM STK SMART,20150323,102957,85.35,1,0,0,0,0,0
XOM STK SMART,20150323,103007,85.34,1,0,0,0,0,0
XOM STK SMART,20150323,103029,85.3,1,0,0,0,0,0
XOM STK SMART,20150323,103036,85.3,1,0,0,0,0,0
XOM STK SMART,20150323,103051,85.31,1,0,0,0,0,0
XOM STK SMART,20150323,103121,85.31,1,0,0,0,0,0
XOM STK SMART,20150323,103133,85.3,1,0,0,0,0,0
XOM STK SMART,20150323,103209,85.28,1,0,0,0,0,0
XOM STK SMART,20150323,103231,85.28,1,0,0,0,0,0
XOM STK SMART,20150323,103246,85.25,1,0,0,0,0,0
XOM STK SMART,20150323,103259,85.25,1,0,0,0,0,0
XOM STK SMART,20150323,103308,85.27,1,0,0,0,0,0
XOM STK SMART,20150323,103327,85.27,1,0,0,0,0,0
XOM STK SMART,20150323,103337,85.26,1,0,0,0,0,0
XOM STK SMART,20150323,103346,85.27,1,0,0,0,0,0
XOM STK SMART,20150323,103358,85.26,1,0,0,0,0,0
XOM STK SMART,20150323,103419,85.28,1,0,0,0,0,0
XOM STK SMART,20150323,103431,85.28,1,0,0,0,0,0
XOM STK SMART,20150323,103447,85.25,1,0,0,0,0,0
XOM STK SMART,20150323,103501,85.28,1,0,0,0,0,0
XOM STK SMART,20150323,103511,85.26,1,0,0,0,0,0
XOM STK SMART,20150323,103521,85.26,1,0,0,0,0,0
XOM STK SMART,20150323,103531,85.25,1,0,0,0,0,0
XOM STK SMART,20150323,103611,85.23,1,0,0,0,0,0
XOM STK SMART,20150323,103616,85.22,1,0,0,0,0,0
XOM STK SMART,20150323,103631,85.14,1,0,0,0,0,0
XOM STK SMART,20150323,103637,85.13,1,0,0,0,0,0
XOM STK SMART,20150323,103651,85.18,1,0,0,0,0,0
XOM STK SMART,20150323,103711,85.2,1,0,0,0,0,0
XOM STK SMART,20150323,103721,85.22,2,0,0,0,0,0
XOM STK SMART,20150323,103731,85.23,4,0,0,0,0,0
XOM STK SMART,20150323,103738,85.22,1,0,0,0,0,0
XOM STK SMART,20150323,103805,85.19,1,0,0,0,0,0
XOM STK SMART,20150323,103821,85.2,2,0,0,0,0,0
XOM STK SMART,20150323,103829,85.18,1,0,0,0,0,0
XOM STK SMART,20150323,103840,85.2,1,0,0,0,0,0
XOM STK SMART,20150323,103844,85.21,1,0,0,0,0,0
XOM STK SMART,20150323,103910,85.22,1,0,0,0,0,0
XOM STK SMART,20150323,103914,85.22,3,0,0,0,0,0
XOM STK SMART,20150323,103932,85.22,1,0,0,0,0,0
XOM STK SMART,20150323,103933,85.22,3,0,0,0,0,0
XOM STK SMART,20150323,103959,85.24,1,0,0,0,0,0
XOM STK SMART,20150323,104021,85.22,1,0,0,0,0,0
XOM STK SMART,20150323,104030,85.22,1,0,0,0,0,0
XOM STK SMART,20150323,104038,85.22,1,0,0,0,0,0
XOM STK SMART,20150323,104118,85.21,1,0,0,0,0,0
XOM STK SMART,20150323,104125,85.22,1,0,0,0,0,0
XOM STK SMART,20150323,104135,85.21,1,0,0,0,0,0
XOM STK SMART,20150323,104151,85.24,1,0,0,0,0,0
XOM STK SMART,20150323,104201,85.24,2,0,0,0,0,0
XOM STK SMART,20150323,104210,85.24,1,0,0,0,0,0
XOM STK SMART,20150323,104221,85.23,2,0,0,0,0,0
XOM STK SMART,20150323,104222,85.23,1,0,0,0,0,0
XOM STK SMART,20150323,104235,85.24,1,0,0,0,0,0
XOM STK SMART,20150323,104246,85.24,1,0,0,0,0,0
XOM STK SMART,20150323,104300,85.26,1,0,0,0,0,0
XOM STK SMART,20150323,104311,85.26,1,0,0,0,0,0
XOM STK SMART,20150323,104318,85.26,1,0,0,0,0,0
XOM STK SMART,20150323,104344,85.27,1,0,0,0,0,0
XOM STK SMART,20150323,104402,85.28,1,0,0,0,0,0
XOM STK SMART,20150323,104408,85.29,1,0,0,0,0,0
XOM STK SMART,20150323,104416,85.3,1,0,0,0,0,0
XOM STK SMART,20150323,104425,85.29,1,0,0,0,0,0
XOM STK SMART,20150323,104435,85.3,1,0,0,0,0,0
XOM STK SMART,20150323,104442,85.31,1,0,0,0,0,0
XOM STK SMART,20150323,104459,85.32,1,0,0,0,0,0
XOM STK SMART,20150323,104510,85.33,1,0,0,0,0,0
XOM STK SMART,20150323,104526,85.32,1,0,0,0,0,0
XOM STK SMART,20150323,104541,85.34,1,0,0,0,0,0
XOM STK SMART,20150323,104558,85.32,2,0,0,0,0,0
XOM STK SMART,20150323,104605,85.31,1,0,0,0,0,0
XOM STK SMART,20150323,104618,85.3,1,0,0,0,0,0
XOM STK SMART,20150323,104639,85.32,1,0,0,0,0,0
XOM STK SMART,20150323,104649,85.33,1,0,0,0,0,0
XOM STK SMART,20150323,104700,85.31,1,0,0,0,0,0
XOM STK SMART,20150323,104711,85.31,1,0,0,0,0,0
XOM STK SMART,20150323,104720,85.28,1,0,0,0,0,0
XOM STK SMART,20150323,104725,85.27,1,0,0,0,0,0
XOM STK SMART,20150323,104738,85.25,1,0,0,0,0,0
XOM STK SMART,20150323,104745,85.23,1,0,0,0,0,0
XOM STK SMART,20150323,104759,85.2,1,0,0,0,0,0
XOM STK SMART,20150323,104805,85.2,1,0,0,0,0,0
XOM STK SMART,20150323,104822,85.23,1,0,0,0,0,0
XOM STK SMART,20150323,104831,85.25,1,0,0,0,0,0
XOM STK SMART,20150323,104837,85.26,1,0,0,0,0,0
XOM STK SMART,20150323,104850,85.27,1,0,0,0,0,0
XOM STK SMART,20150323,104910,85.29,2,0,0,0,0,0
XOM STK SMART,20150323,104918,85.32,1,0,0,0,0,0
XOM STK SMART,20150323,104931,85.35,1,0,0,0,0,0
XOM STK SMART,20150323,104940,85.36,1,0,0,0,0,0
XOM STK SMART,20150323,104948,85.37,1,0,0,0,0,0
XOM STK SMART,20150323,104959,85.39,1,0,0,0,0,0
XOM STK SMART,20150323,105006,85.4,1,0,0,0,0,0
XOM STK SMART,20150323,105017,85.4,1,0,0,0,0,0
XOM STK SMART,20150323,105031,85.41,1,0,0,0,0,0
XOM STK SMART,20150323,105042,85.39,1,0,0,0,0,0
XOM STK SMART,20150323,105052,85.39,1,0,0,0,0,0
XOM STK SMART,20150323,105100,85.39,1,0,0,0,0,0
XOM STK SMART,20150323,105111,85.4,1,0,0,0,0,0
XOM STK SMART,20150323,105120,85.38,1,0,0,0,0,0
XOM STK SMART,20150323,105138,85.37,1,0,0,0,0,0
XOM STK SMART,20150323,105144,85.36,1,0,0,0,0,0
XOM STK SMART,20150323,105158,85.35,1,0,0,0,0,0
XOM STK SMART,20150323,105211,85.35,1,0,0,0,0,0
XOM STK SMART,20150323,105219,85.37,1,0,0,0,0,0
XOM STK SMART,20150323,105229,85.38,1,0,0,0,0,0
XOM STK SMART,20150323,105251,85.37,1,0,0,0,0,0
XOM STK SMART,20150323,105308,85.36,1,0,0,0,0,0
XOM STK SMART,20150323,105320,85.38,1,0,0,0,0,0
XOM STK SMART,20150323,105332,85.4,1,0,0,0,0,0
XOM STK SMART,20150323,105341,85.4,1,0,0,0,0,0
XOM STK SMART,20150323,105412,85.37,1,0,0,0,0,0
XOM STK SMART,20150323,105419,85.38,1,0,0,0,0,0
XOM STK SMART,20150323,105440,85.38,1,0,0,0,0,0
XOM STK SMART,20150323,105448,85.37,1,0,0,0,0,0
XOM STK SMART,20150323,105453,85.35,1,0,0,0,0,0
XOM STK SMART,20150323,105511,85.36,1,0,0,0,0,0
XOM STK SMART,20150323,105539,85.39,1,0,0,0,0,0
XOM STK SMART,20150323,105552,85.38,1,0,0,0,0,0
XOM STK SMART,20150323,105553,85.39,1,0,0,0,0,0
XOM STK SMART,20150323,105622,85.41,1,0,0,0,0,0
XOM STK SMART,20150323,105630,85.4,1,0,0,0,0,0
XOM STK SMART,20150323,105642,85.39,1,0,0,0,0,0
XOM STK SMART,20150323,105702,85.38,1,0,0,0,0,0
XOM STK SMART,20150323,105722,85.35,2,0,0,0,0,0
XOM STK SMART,20150323,105726,85.36,1,0,0,0,0,0
XOM STK SMART,20150323,105738,85.35,1,0,0,0,0,0
XOM STK SMART,20150323,105752,85.34,1,0,0,0,0,0
XOM STK SMART,20150323,105757,85.34,1,0,0,0,0,0
XOM STK SMART,20150323,105831,85.35,1,0,0,0,0,0
XOM STK SMART,20150323,105841,85.35,1,0,0,0,0,0
XOM STK SMART,20150323,105848,85.34,1,0,0,0,0,0
XOM STK SMART,20150323,105855,85.33,1,0,0,0,0,0
XOM STK SMART,20150323,105905,85.32,1,0,0,0,0,0
XOM STK SMART,20150323,105921,85.32,1,0,0,0,0,0
XOM STK SMART,20150323,105929,85.32,1,0,0,0,0,0
XOM STK SMART,20150323,105938,85.32,1,0,0,0,0,0
XOM STK SMART,20150323,105948,85.29,1,0,0,0,0,0
XOM STK SMART,20150323,105958,85.29,1,0,0,0,0,0
XOM STK SMART,20150323,110005,85.27,1,0,0,0,0,0
XOM STK SMART,20150323,110018,85.28,1,0,0,0,0,0
XOM STK SMART,20150323,110032,85.29,1,0,0,0,0,0
XOM STK SMART,20150323,110049,85.27,1,0,0,0,0,0
XOM STK SMART,20150323,110108,85.27,1,0,0,0,0,0
XOM STK SMART,20150323,110128,85.28,1,0,0,0,0,0
XOM STK SMART,20150323,110144,85.27,1,0,0,0,0,0
XOM STK SMART,20150323,110159,85.26,1,0,0,0,0,0
XOM STK SMART,20150323,110212,85.25,1,0,0,0,0,0
XOM STK SMART,20150323,110213,85.25,4,0,0,0,0,0
XOM STK SMART,20150323,110225,85.25,3,0,0,0,0,0
XOM STK SMART,20150323,110243,85.25,1,0,0,0,0,0
XOM STK SMART,20150323,110252,85.23,1,0,0,0,0,0
XOM STK SMART,20150323,110256,85.22,1,0,0,0,0,0
XOM STK SMART,20150323,110306,85.22,1,0,0,0,0,0
XOM STK SMART,20150323,110324,85.23,1,0,0,0,0,0
XOM STK SMART,20150323,110353,85.24,1,0,0,0,0,0
XOM STK SMART,20150323,110403,85.24,1,0,0,0,0,0
XOM STK SMART,20150323,110405,85.22,1,0,0,0,0,0
XOM STK SMART,20150323,110421,85.23,1,0,0,0,0,0
XOM STK SMART,20150323,110435,85.22,1,0,0,0,0,0
XOM STK SMART,20150323,110446,85.19,1,0,0,0,0,0
XOM STK SMART,20150323,110501,85.13,1,0,0,0,0,0
XOM STK SMART,20150323,110509,85.13,1,0,0,0,0,0
XOM STK SMART,20150323,110530,85.12,1,0,0,0,0,0
XOM STK SMART,20150323,110541,85.1,1,0,0,0,0,0
XOM STK SMART,20150323,110551,85.11,1,0,0,0,0,0
XOM STK SMART,20150323,110602,85.13,1,0,0,0,0,0
XOM STK SMART,20150323,110617,85.12,1,0,0,0,0,0
XOM STK SMART,20150323,110629,85.14,1,0,0,0,0,0
XOM STK SMART,20150323,110658,85.15,1,0,0,0,0,0
XOM STK SMART,20150323,110707,85.14,1,0,0,0,0,0
XOM STK SMART,20150323,110741,85.17,1,0,0,0,0,0
XOM STK SMART,20150323,110743,85.19,1,0,0,0,0,0
XOM STK SMART,20150323,110806,85.18,1,0,0,0,0,0
XOM STK SMART,20150323,110823,85.17,1,0,0,0,0,0
XOM STK SMART,20150323,110841,85.17,1,0,0,0,0,0
XOM STK SMART,20150323,110844,85.17,1,0,0,0,0,0
XOM STK SMART,20150323,110856,85.18,1,0,0,0,0,0
XOM STK SMART,20150323,110903,85.19,1,0,0,0,0,0
XOM STK SMART,20150323,110927,85.18,1,0,0,0,0,0
XOM STK SMART,20150323,110951,85.17,1,0,0,0,0,0
XOM STK SMART,20150323,111010,85.18,1,0,0,0,0,0
XOM STK SMART,20150323,111020,85.2,1,0,0,0,0,0
XOM STK SMART,20150323,111023,85.19,1,0,0,0,0,0
XOM STK SMART,20150323,111043,85.18,1,0,0,0,0,0
XOM STK SMART,20150323,111043,85.18,2,0,0,0,0,0
XOM STK SMART,20150323,111101,85.17,1,0,0,0,0,0
XOM STK SMART,20150323,111118,85.17,2,0,0,0,0,0
XOM STK SMART,20150323,111132,85.17,1,0,0,0,0,0
XOM STK SMART,20150323,111141,85.17,1,0,0,0,0,0
XOM STK SMART,20150323,111146,85.19,1,0,0,0,0,0
XOM STK SMART,20150323,111157,85.17,1,0,0,0,0,0
XOM STK SMART,20150323,111216,85.18,1,0,0,0,0,0
XOM STK SMART,20150323,111233,85.17,1,0,0,0,0,0
XOM STK SMART,20150323,111243,85.19,3,0,0,0,0,0
XOM STK SMART,20150323,111250,85.2,1,0,0,0,0,0
XOM STK SMART,20150323,111300,85.2,1,0,0,0,0,0
XOM STK SMART,20150323,111320,85.19,1,0,0,0,0,0
XOM STK SMART,20150323,111327,85.2,1,0,0,0,0,0
XOM STK SMART,20150323,111353,85.21,1,0,0,0,0,0
XOM STK SMART,20150323,111413,85.18,1,0,0,0,0,0
XOM STK SMART,20150323,111429,85.19,1,0,0,0,0,0
XOM STK SMART,20150323,111439,85.2,1,0,0,0,0,0
XOM STK SMART,20150323,111453,85.21,3,0,0,0,0,0
XOM STK SMART,20150323,111501,85.21,2,0,0,0,0,0
XOM STK SMART,20150323,111513,85.21,1,0,0,0,0,0
XOM STK SMART,20150323,111523,85.21,2,0,0,0,0,0
XOM STK SMART,20150323,111528,85.21,1,0,0,0,0,0
XOM STK SMART,20150323,111538,85.19,1,0,0,0,0,0
XOM STK SMART,20150323,111553,85.19,1,0,0,0,0,0
XOM STK SMART,20150323,111603,85.2,1,0,0,0,0,0
XOM STK SMART,20150323,111612,85.22,1,0,0,0,0,0
XOM STK SMART,20150323,111623,85.23,1,0,0,0,0,0
XOM STK SMART,20150323,111631,85.21,2,0,0,0,0,0
XOM STK SMART,20150323,111637,85.21,1,0,0,0,0,0
XOM STK SMART,20150323,111651,85.21,1,0,0,0,0,0
XOM STK SMART,20150323,111701,85.19,1,0,0,0,0,0
XOM STK SMART,20150323,111730,85.2,1,0,0,0,0,0
XOM STK SMART,20150323,111736,85.21,1,0,0,0,0,0
XOM STK SMART,20150323,111756,85.19,1,0,0,0,0,0
XOM STK SMART,20150323,111818,85.18,1,0,0,0,0,0
XOM STK SMART,20150323,111841,85.14,1,0,0,0,0,0
XOM STK SMART,20150323,111849,85.13,1,0,0,0,0,0
XOM STK SMART,20150323,111904,85.14,1,0,0,0,0,0
XOM STK SMART,20150323,111909,85.15,1,0,0,0,0,0
XOM STK SMART,20150323,111922,85.16,1,0,0,0,0,0
XOM STK SMART,20150323,111944,85.16,1,0,0,0,0,0
XOM STK SMART,20150323,111949,85.16,1,0,0,0,0,0
XOM STK SMART,20150323,112003,85.17,1,0,0,0,0,0
XOM STK SMART,20150323,112009,85.18,1,0,0,0,0,0
XOM STK SMART,20150323,112022,85.19,1,0,0,0,0,0
XOM STK SMART,20150323,112041,85.16,1,0,0,0,0,0
XOM STK SMART,20150323,112045,85.15,1,0,0,0,0,0
XOM STK SMART,20150323,112103,85.14,1,0,0,0,0,0
XOM STK SMART,20150323,112112,85.13,1,0,0,0,0,0
XOM STK SMART,20150323,112126,85.13,1,0,0,0,0,0
XOM STK SMART,20150323,112144,85.14,1,0,0,0,0,0
XOM STK SMART,20150323,112153,85.14,4,0,0,0,0,0
XOM STK SMART,20150323,112158,85.14,1,0,0,0,0,0
XOM STK SMART,20150323,112223,85.15,1,0,0,0,0,0
XOM STK SMART,20150323,112234,85.16,3,0,0,0,0,0
XOM STK SMART,20150323,112239,85.15,1,0,0,0,0,0
XOM STK SMART,20150323,112310,85.14,1,0,0,0,0,0
XOM STK SMART,20150323,112316,85.13,1,0,0,0,0,0
XOM STK SMART,20150323,112329,85.12,1,0,0,0,0,0
XOM STK SMART,20150323,112342,85.14,2,0,0,0,0,0
XOM STK SMART,20150323,112355,85.16,1,0,0,0,0,0
XOM STK SMART,20150323,112412,85.17,1,0,0,0,0,0
XOM STK SMART,20150323,112421,85.19,1,0,0,0,0,0
XOM STK SMART,20150323,112433,85.18,1,0,0,0,0,0
XOM STK SMART,20150323,112447,85.19,1,0,0,0,0,0
XOM STK SMART,20150323,112514,85.2,1,0,0,0,0,0
XOM STK SMART,20150323,112523,85.19,1,0,0,0,0,0
XOM STK SMART,20150323,112533,85.21,1,0,0,0,0,0
XOM STK SMART,20150323,112540,85.22,1,0,0,0,0,0
XOM STK SMART,20150323,112601,85.21,1,0,0,0,0,0
XOM STK SMART,20150323,112607,85.22,1,0,0,0,0,0
XOM STK SMART,20150323,112623,85.22,1,0,0,0,0,0
XOM STK SMART,20150323,112626,85.23,1,0,0,0,0,0
XOM STK SMART,20150323,112702,85.24,1,0,0,0,0,0
XOM STK SMART,20150323,112719,85.23,2,0,0,0,0,0
XOM STK SMART,20150323,112727,85.24,1,0,0,0,0,0
XOM STK SMART,20150323,112740,85.23,1,0,0,0,0,0
XOM STK SMART,20150323,112759,85.23,1,0,0,0,0,0
XOM STK SMART,20150323,112814,85.23,2,0,0,0,0,0
XOM STK SMART,20150323,112816,85.23,1,0,0,0,0,0
XOM STK SMART,20150323,112826,85.24,1,0,0,0,0,0
XOM STK SMART,20150323,112846,85.25,1,0,0,0,0,0
XOM STK SMART,20150323,112914,85.18,1,0,0,0,0,0
XOM STK SMART,20150323,112922,85.18,1,0,0,0,0,0
XOM STK SMART,20150323,112927,85.19,1,0,0,0,0,0
XOM STK SMART,20150323,112943,85.21,1,0,0,0,0,0
XOM STK SMART,20150323,112952,85.24,1,0,0,0,0,0
XOM STK SMART,20150323,113000,85.23,1,0,0,0,0,0
XOM STK SMART,20150323,113009,85.21,1,0,0,0,0,0
XOM STK SMART,20150323,113023,85.22,1,0,0,0,0,0
XOM STK SMART,20150323,113028,85.21,1,0,0,0,0,0
XOM STK SMART,20150323,113051,85.2,1,0,0,0,0,0
XOM STK SMART,20150323,113103,85.21,1,0,0,0,0,0
XOM STK SMART,20150323,113110,85.2,1,0,0,0,0,0
XOM STK SMART,20150323,113121,85.21,1,0,0,0,0,0
XOM STK SMART,20150323,113144,85.18,1,0,0,0,0,0
XOM STK SMART,20150323,113148,85.19,1,0,0,0,0,0
XOM STK SMART,20150323,113206,85.2,1,0,0,0,0,0
XOM STK SMART,20150323,113225,85.21,1,0,0,0,0,0
XOM STK SMART,20150323,113251,85.2,1,0,0,0,0,0
XOM STK SMART,20150323,113314,85.2,1,0,0,0,0,0
XOM STK SMART,20150323,113323,85.19,1,0,0,0,0,0
XOM STK SMART,20150323,113344,85.18,2,0,0,0,0,0
XOM STK SMART,20150323,113345,85.18,1,0,0,0,0,0
XOM STK SMART,20150323,113401,85.16,1,0,0,0,0,0
XOM STK SMART,20150323,113412,85.17,1,0,0,0,0,0
XOM STK SMART,20150323,113417,85.15,1,0,0,0,0,0
XOM STK SMART,20150323,113433,85.12,1,0,0,0,0,0
XOM STK SMART,20150323,113444,85.12,1,0,0,0,0,0
XOM STK SMART,20150323,113458,85.13,1,0,0,0,0,0
XOM STK SMART,20150323,113513,85.13,1,0,0,0,0,0
XOM STK SMART,20150323,113521,85.14,1,0,0,0,0,0
XOM STK SMART,20150323,113547,85.15,1,0,0,0,0,0
XOM STK SMART,20150323,113603,85.16,1,0,0,0,0,0
XOM STK SMART,20150323,113606,85.17,2,0,0,0,0,0
XOM STK SMART,20150323,113619,85.17,1,0,0,0,0,0
XOM STK SMART,20150323,113647,85.19,1,0,0,0,0,0
XOM STK SMART,20150323,113704,85.18,1,0,0,0,0,0
XOM STK SMART,20150323,113717,85.19,1,0,0,0,0,0
XOM STK SMART,20150323,113730,85.18,1,0,0,0,0,0
XOM STK SMART,20150323,113738,85.17,1,0,0,0,0,0
XOM STK SMART,20150323,113801,85.18,1,0,0,0,0,0
XOM STK SMART,20150323,113813,85.16,1,0,0,0,0,0
XOM STK SMART,20150323,113822,85.14,1,0,0,0,0,0
XOM STK SMART,20150323,113834,85.15,1,0,0,0,0,0
XOM STK SMART,20150323,113840,85.16,2,0,0,0,0,0
XOM STK SMART,20150323,113850,85.15,1,0,0,0,0,0
XOM STK SMART,20150323,113903,85.17,1,0,0,0,0,0
XOM STK SMART,20150323,113924,85.2,1,0,0,0,0,0
XOM STK SMART,20150323,113929,85.18,1,0,0,0,0,0
XOM STK SMART,20150323,113936,85.19,1,0,0,0,0,0
XOM STK SMART,20150323,113953,85.19,1,0,0,0,0,0
XOM STK SMART,20150323,113956,85.18,1,0,0,0,0,0
XOM STK SMART,20150323,114006,85.17,1,0,0,0,0,0
XOM STK SMART,20150323,114015,85.18,1,0,0,0,0,0
XOM STK SMART,20150323,114028,85.19,1,0,0,0,0,0
XOM STK SMART,20150323,114052,85.19,1,0,0,0,0,0
XOM STK SMART,20150323,114107,85.19,1,0,0,0,0,0
XOM STK SMART,20150323,114116,85.18,1,0,0,0,0,0
XOM STK SMART,20150323,114128,85.18,5,0,0,0,0,0
XOM STK SMART,20150323,114137,85.19,1,0,0,0,0,0
XOM STK SMART,20150323,114201,85.2,1,0,0,0,0,0
XOM STK SMART,20150323,114213,85.21,1,0,0,0,0,0
XOM STK SMART,20150323,114220,85.23,1,0,0,0,0,0
XOM STK SMART,20150323,114228,85.22,1,0,0,0,0,0
XOM STK SMART,20150323,114246,85.22,2,0,0,0,0,0
XOM STK SMART,20150323,114301,85.21,1,0,0,0,0,0
XOM STK SMART,20150323,114311,85.2,1,0,0,0,0,0
XOM STK SMART,20150323,114318,85.21,1,0,0,0,0,0
XOM STK SMART,20150323,114343,85.2,1,0,0,0,0,0
XOM STK SMART,20150323,114351,85.2,1,0,0,0,0,0
XOM STK SMART,20150323,114424,85.22,2,0,0,0,0,0
XOM STK SMART,20150323,114426,85.22,1,0,0,0,0,0
XOM STK SMART,20150323,114501,85.21,1,0,0,0,0,0
XOM STK SMART,20150323,114530,85.24,1,0,0,0,0,0
XOM STK SMART,20150323,114543,85.25,1,0,0,0,0,0
XOM STK SMART,20150323,114559,85.25,1,0,0,0,0,0
XOM STK SMART,20150323,114611,85.24,1,0,0,0,0,0
XOM STK SMART,20150323,114621,85.28,1,0,0,0,0,0
XOM STK SMART,20150323,114626,85.27,1,0,0,0,0,0
XOM STK SMART,20150323,114639,85.28,1,0,0,0,0,0
XOM STK SMART,20150323,114651,85.26,1,0,0,0,0,0
XOM STK SMART,20150323,114705,85.26,1,0,0,0,0,0
XOM STK SMART,20150323,114727,85.27,1,0,0,0,0,0
XOM STK SMART,20150323,114750,85.27,1,0,0,0,0,0
XOM STK SMART,20150323,114759,85.28,1,0,0,0,0,0
XOM STK SMART,20150323,114811,85.27,1,0,0,0,0,0
XOM STK SMART,20150323,114825,85.27,1,0,0,0,0,0
XOM STK SMART,20150323,114841,85.25,1,0,0,0,0,0
XOM STK SMART,20150323,114847,85.24,1,0,0,0,0,0
XOM STK SMART,20150323,114902,85.22,1,0,0,0,0,0
XOM STK SMART,20150323,114915,85.2,5,0,0,0,0,0
XOM STK SMART,20150323,114922,85.2,1,0,0,0,0,0
XOM STK SMART,20150323,114932,85.21,1,0,0,0,0,0
XOM STK SMART,20150323,114936,85.2,1,0,0,0,0,0
XOM STK SMART,20150323,114953,85.21,1,0,0,0,0,0
XOM STK SMART,20150323,115002,85.23,1,0,0,0,0,0
XOM STK SMART,20150323,115018,85.22,1,0,0,0,0,0
XOM STK SMART,20150323,115033,85.19,1,0,0,0,0,0
XOM STK SMART,20150323,115037,85.2,1,0,0,0,0,0
XOM STK SMART,20150323,115100,85.21,1,0,0,0,0,0
XOM STK SMART,20150323,115112,85.21,2,0,0,0,0,0
XOM STK SMART,20150323,115123,85.2,1,0,0,0,0,0
XOM STK SMART,20150323,115132,85.19,1,0,0,0,0,0
XOM STK SMART,20150323,115141,85.2,1,0,0,0,0,0
XOM STK SMART,20150323,115153,85.21,1,0,0,0,0,0
XOM STK SMART,20150323,115215,85.22,1,0,0,0,0,0
XOM STK SMART,20150323,115219,85.22,1,0,0,0,0,0
XOM STK SMART,20150323,115231,85.21,2,0,0,0,0,0
XOM STK SMART,20150323,115316,85.2,1,0,0,0,0,0
XOM STK SMART,20150323,115342,85.23,1,0,0,0,0,0
XOM STK SMART,20150323,115401,85.22,1,0,0,0,0,0
XOM STK SMART,20150323,115421,85.19,1,0,0,0,0,0
XOM STK SMART,20150323,115515,85.21,1,0,0,0,0,0
XOM STK SMART,20150323,115524,85.19,3,0,0,0,0,0
XOM STK SMART,20150323,115545,85.18,2,0,0,0,0,0
XOM STK SMART,20150323,115547,85.19,1,0,0,0,0,0
XOM STK SMART,20150323,115558,85.2,1,0,0,0,0,0
XOM STK SMART,20150323,115615,85.2,1,0,0,0,0,0
XOM STK SMART,20150323,115622,85.2,2,0,0,0,0,0
XOM STK SMART,20150323,115637,85.2,1,0,0,0,0,0
XOM STK SMART,20150323,115646,85.21,1,0,0,0,0,0
XOM STK SMART,20150323,115704,85.22,1,0,0,0,0,0
XOM STK SMART,20150323,115713,85.24,1,0,0,0,0,0
XOM STK SMART,20150323,115723,85.25,1,0,0,0,0,0
XOM STK SMART,20150323,115727,85.26,1,0,0,0,0,0
XOM STK SMART,20150323,115744,85.25,1,0,0,0,0,0
XOM STK SMART,20150323,115746,85.24,1,0,0,0,0,0
XOM STK SMART,20150323,115759,85.23,1,0,0,0,0,0
XOM STK SMART,20150323,115811,85.24,2,0,0,0,0,0
XOM STK SMART,20150323,115817,85.25,1,0,0,0,0,0
XOM STK SMART,20150323,115852,85.25,1,0,0,0,0,0
XOM STK SMART,20150323,115905,85.27,1,0,0,0,0,0
XOM STK SMART,20150323,115908,85.27,1,0,0,0,0,0
XOM STK SMART,20150323,115923,85.26,1,0,0,0,0,0
XOM STK SMART,20150323,115930,85.25,1,0,0,0,0,0
XOM STK SMART,20150323,115945,85.22,1,0,0,0,0,0
XOM STK SMART,20150323,115951,85.21,1,0,0,0,0,0
XOM STK SMART,20150323,115958,85.21,1,0,0,0,0,0
XOM STK SMART,20150323,120017,85.2,1,0,0,0,0,0
XOM STK SMART,20150323,120033,85.22,1,0,0,0,0,0
XOM STK SMART,20150323,120044,85.21,1,0,0,0,0,0
XOM STK SMART,20150323,120052,85.21,1,0,0,0,0,0
XOM STK SMART,20150323,120115,85.22,2,0,0,0,0,0
XOM STK SMART,20150323,120132,85.23,1,0,0,0,0,0
XOM STK SMART,20150323,120140,85.22,1,0,0,0,0,0
XOM STK SMART,20150323,120151,85.2,1,0,0,0,0,0
XOM STK SMART,20150323,120204,85.21,1,0,0,0,0,0
XOM STK SMART,20150323,120208,85.22,1,0,0,0,0,0
XOM STK SMART,20150323,120222,85.22,1,0,0,0,0,0
XOM STK SMART,20150323,120235,85.21,1,0,0,0,0,0
XOM STK SMART,20150323,120244,85.22,1,0,0,0,0,0
XOM STK SMART,20150323,120251,85.24,1,0,0,0,0,0
XOM STK SMART,20150323,120301,85.23,1,0,0,0,0,0
XOM STK SMART,20150323,120325,85.24,1,0,0,0,0,0
XOM STK SMART,20150323,120334,85.22,1,0,0,0,0,0
XOM STK SMART,20150323,120404,85.23,1,0,0,0,0,0
XOM STK SMART,20150323,120421,85.22,1,0,0,0,0,0
XOM STK SMART,20150323,120431,85.22,1,0,0,0,0,0
XOM STK SMART,20150323,120443,85.21,1,0,0,0,0,0
XOM STK SMART,20150323,120515,85.2,1,0,0,0,0,0
XOM STK SMART,20150323,120522,85.2,1,0,0,0,0,0
XOM STK SMART,20150323,120527,85.21,1,0,0,0,0,0
XOM STK SMART,20150323,120543,85.22,1,0,0,0,0,0
XOM STK SMART,20150323,120552,85.21,1,0,0,0,0,0
XOM STK SMART,20150323,120558,85.22,1,0,0,0,0,0
XOM STK SMART,20150323,120615,85.24,1,0,0,0,0,0
XOM STK SMART,20150323,120642,85.25,1,0,0,0,0,0
XOM STK SMART,20150323,120721,85.27,1,0,0,0,0,0
XOM STK SMART,20150323,120735,85.28,1,0,0,0,0,0
XOM STK SMART,20150323,120742,85.26,1,0,0,0,0,0
XOM STK SMART,20150323,120822,85.27,1,0,0,0,0,0
XOM STK SMART,20150323,120834,85.28,1,0,0,0,0,0
XOM STK SMART,20150323,120843,85.26,1,0,0,0,0,0
XOM STK SMART,20150323,120903,85.26,1,0,0,0,0,0
XOM STK SMART,20150323,120921,85.28,1,0,0,0,0,0
XOM STK SMART,20150323,120946,85.29,1,0,0,0,0,0
XOM STK SMART,20150323,120959,85.28,1,0,0,0,0,0
XOM STK SMART,20150323,121015,85.28,2,0,0,0,0,0
XOM STK SMART,20150323,121022,85.29,1,0,0,0,0,0
XOM STK SMART,20150323,121034,85.3,2,0,0,0,0,0
XOM STK SMART,20150323,121045,85.34,1,0,0,0,0,0
XOM STK SMART,20150323,121054,85.34,1,0,0,0,0,0
XOM STK SMART,20150323,121105,85.34,1,0,0,0,0,0
XOM STK SMART,20150323,121114,85.33,1,0,0,0,0,0
XOM STK SMART,20150323,121135,85.35,1,0,0,0,0,0
XOM STK SMART,20150323,121203,85.34,1,0,0,0,0,0
XOM STK SMART,20150323,121233,85.33,1,0,0,0,0,0
XOM STK SMART,20150323,121245,85.34,1,0,0,0,0,0
XOM STK SMART,20150323,121258,85.35,1,0,0,0,0,0
XOM STK SMART,20150323,121313,85.36,1,0,0,0,0,0
XOM STK SMART,20150323,121341,85.38,1,0,0,0,0,0
XOM STK SMART,20150323,121353,85.37,3,0,0,0,0,0
XOM STK SMART,20150323,121401,85.38,1,0,0,0,0,0
XOM STK SMART,20150323,121425,85.37,1,0,0,0,0,0
XOM STK SMART,20150323,121433,85.38,1,0,0,0,0,0
XOM STK SMART,20150323,121516,85.37,1,0,0,0,0,0
XOM STK SMART,20150323,121525,85.37,1,0,0,0,0,0
XOM STK SMART,20150323,121534,85.37,1,0,0,0,0,0
XOM STK SMART,20150323,121600,85.38,1,0,0,0,0,0
XOM STK SMART,20150323,121615,85.38,1,0,0,0,0,0
XOM STK SMART,20150323,121622,85.37,1,0,0,0,0,0
XOM STK SMART,20150323,121632,85.36,1,0,0,0,0,0
XOM STK SMART,20150323,121709,85.34,1,0,0,0,0,0
XOM STK SMART,20150323,121725,85.32,1,0,0,0,0,0
XOM STK SMART,20150323,121758,85.33,1,0,0,0,0,0
XOM STK SMART,20150323,121811,85.35,1,0,0,0,0,0
XOM STK SMART,20150323,121821,85.37,1,0,0,0,0,0
XOM STK SMART,20150323,121833,85.37,1,0,0,0,0,0
XOM STK SMART,20150323,121850,85.38,1,0,0,0,0,0
XOM STK SMART,20150323,121933,85.37,1,0,0,0,0,0
XOM STK SMART,20150323,121947,85.36,1,0,0,0,0,0
XOM STK SMART,20150323,122021,85.37,1,0,0,0,0,0
XOM STK SMART,20150323,122043,85.39,1,0,0,0,0,0
XOM STK SMART,20150323,122113,85.41,1,0,0,0,0,0
XOM STK SMART,20150323,122126,85.39,1,0,0,0,0,0
XOM STK SMART,20150323,122211,85.42,1,0,0,0,0,0
XOM STK SMART,20150323,122219,85.41,1,0,0,0,0,0
XOM STK SMART,20150323,122236,85.42,1,0,0,0,0,0
XOM STK SMART,20150323,122239,85.42,1,0,0,0,0,0
XOM STK SMART,20150323,122250,85.42,1,0,0,0,0,0
XOM STK SMART,20150323,122335,85.43,1,0,0,0,0,0
XOM STK SMART,20150323,122341,85.43,1,0,0,0,0,0
XOM STK SMART,20150323,122349,85.42,2,0,0,0,0,0
XOM STK SMART,20150323,122359,85.42,3,0,0,0,0,0
XOM STK SMART,20150323,122412,85.42,1,0,0,0,0,0
XOM STK SMART,20150323,122440,85.42,1,0,0,0,0,0
XOM STK SMART,20150323,122517,85.39,1,0,0,0,0,0
XOM STK SMART,20150323,122527,85.38,1,0,0,0,0,0
XOM STK SMART,20150323,122613,85.4,1,0,0,0,0,0
XOM STK SMART,20150323,122623,85.42,1,0,0,0,0,0
XOM STK SMART,20150323,122631,85.41,1,0,0,0,0,0
XOM STK SMART,20150323,122644,85.39,1,0,0,0,0,0
XOM STK SMART,20150323,122706,85.4,1,0,0,0,0,0
XOM STK SMART,20150323,122714,85.39,1,0,0,0,0,0
XOM STK SMART,20150323,122739,85.42,2,0,0,0,0,0
XOM STK SMART,20150323,122754,85.41,1,0,0,0,0,0
XOM STK SMART,20150323,122816,85.42,1,0,0,0,0,0
XOM STK SMART,20150323,122827,85.43,1,0,0,0,0,0
XOM STK SMART,20150323,122829,85.42,1,0,0,0,0,0
XOM STK SMART,20150323,122856,85.42,3,0,0,0,0,0
XOM STK SMART,20150323,122902,85.41,1,0,0,0,0,0
XOM STK SMART,20150323,122913,85.4,1,0,0,0,0,0
XOM STK SMART,20150323,122927,85.43,1,0,0,0,0,0
XOM STK SMART,20150323,122935,85.41,1,0,0,0,0,0
XOM STK SMART,20150323,122946,85.4,1,0,0,0,0,0
XOM STK SMART,20150323,122959,85.41,1,0,0,0,0,0
XOM STK SMART,20150323,123035,85.42,1,0,0,0,0,0
XOM STK SMART,20150323,123044,85.44,2,0,0,0,0,0
XOM STK SMART,20150323,123050,85.44,1,0,0,0,0,0
XOM STK SMART,20150323,123106,85.46,1,0,0,0,0,0
XOM STK SMART,20150323,123134,85.48,1,0,0,0,0,0
XOM STK SMART,20150323,123147,85.47,1,0,0,0,0,0
XOM STK SMART,20150323,123211,85.46,1,0,0,0,0,0
XOM STK SMART,20150323,123239,85.47,1,0,0,0,0,0
XOM STK SMART,20150323,123259,85.45,1,0,0,0,0,0
XOM STK SMART,20150323,123337,85.45,2,0,0,0,0,0
XOM STK SMART,20150323,123340,85.46,1,0,0,0,0,0
XOM STK SMART,20150323,123357,85.47,2,0,0,0,0,0
XOM STK SMART,20150323,123414,85.48,1,0,0,0,0,0
XOM STK SMART,20150323,123430,85.49,1,0,0,0,0,0
XOM STK SMART,20150323,123443,85.5,3,0,0,0,0,0
XOM STK SMART,20150323,123457,85.49,1,0,0,0,0,0
XOM STK SMART,20150323,123459,85.49,1,0,0,0,0,0
XOM STK SMART,20150323,123511,85.5,1,0,0,0,0,0
XOM STK SMART,20150323,123524,85.49,1,0,0,0,0,0
XOM STK SMART,20150323,123534,85.48,3,0,0,0,0,0
XOM STK SMART,20150323,123547,85.47,1,0,0,0,0,0
XOM STK SMART,20150323,123600,85.47,1,0,0,0,0,0
XOM STK SMART,20150323,123612,85.47,1,0,0,0,0,0
XOM STK SMART,20150323,123627,85.46,1,0,0,0,0,0
XOM STK SMART,20150323,123635,85.47,4,0,0,0,0,0
XOM STK SMART,20150323,123645,85.47,1,0,0,0,0,0
XOM STK SMART,20150323,123653,85.46,1,0,0,0,0,0
XOM STK SMART,20150323,123725,85.47,3,0,0,0,0,0
XOM STK SMART,20150323,123731,85.47,1,0,0,0,0,0
XOM STK SMART,20150323,123739,85.46,1,0,0,0,0,0
XOM STK SMART,20150323,123751,85.47,1,0,0,0,0,0
XOM STK SMART,20150323,123806,85.45,1,0,0,0,0,0
XOM STK SMART,20150323,123814,85.44,2,0,0,0,0,0
XOM STK SMART,20150323,123823,85.44,1,0,0,0,0,0
XOM STK SMART,20150323,123837,85.44,1,0,0,0,0,0
XOM STK SMART,20150323,123841,85.44,1,0,0,0,0,0
XOM STK SMART,20150323,123858,85.43,1,0,0,0,0,0
XOM STK SMART,20150323,123917,85.43,4,0,0,0,0,0
XOM STK SMART,20150323,123926,85.44,1,0,0,0,0,0
XOM STK SMART,20150323,123933,85.45,1,0,0,0,0,0
XOM STK SMART,20150323,123952,85.49,2,0,0,0,0,0
XOM STK SMART,20150323,124006,85.47,1,0,0,0,0,0
XOM STK SMART,20150323,124025,85.48,1,0,0,0,0,0
XOM STK SMART,20150323,124048,85.49,2,0,0,0,0,0
XOM STK SMART,20150323,124056,85.48,1,0,0,0,0,0
XOM STK SMART,20150323,124106,85.48,1,0,0,0,0,0
XOM STK SMART,20150323,124115,85.48,1,0,0,0,0,0
XOM STK SMART,20150323,124125,85.49,1,0,0,0,0,0
XOM STK SMART,20150323,124138,85.48,1,0,0,0,0,0
XOM STK SMART,20150323,124143,85.49,1,0,0,0,0,0
XOM STK SMART,20150323,124154,85.5,2,0,0,0,0,0
XOM STK SMART,20150323,124207,85.5,1,0,0,0,0,0
XOM STK SMART,20150323,124213,85.49,1,0,0,0,0,0
XOM STK SMART,20150323,124228,85.49,1,0,0,0,0,0
XOM STK SMART,20150323,124237,85.5,1,0,0,0,0,0
XOM STK SMART,20150323,124317,85.49,1,0,0,0,0,0
XOM STK SMART,20150323,124327,85.49,1,0,0,0,0,0
XOM STK SMART,20150323,124332,85.5,1,0,0,0,0,0
XOM STK SMART,20150323,124342,85.5,1,0,0,0,0,0
XOM STK SMART,20150323,124418,85.49,1,0,0,0,0,0
XOM STK SMART,20150323,124427,85.49,1,0,0,0,0,0
XOM STK SMART,20150323,124447,85.49,1,0,0,0,0,0
XOM STK SMART,20150323,124513,85.5,1,0,0,0,0,0
XOM STK SMART,20150323,124536,85.49,2,0,0,0,0,0
XOM STK SMART,20150323,124547,85.48,1,0,0,0,0,0
XOM STK SMART,20150323,124617,85.48,2,0,0,0,0,0
XOM STK SMART,20150323,124623,85.48,1,0,0,0,0,0
XOM STK SMART,20150323,124652,85.48,1,0,0,0,0,0
XOM STK SMART,20150323,124759,85.46,1,0,0,0,0,0
XOM STK SMART,20150323,124818,85.46,1,0,0,0,0,0
XOM STK SMART,20150323,124827,85.45,1,0,0,0,0,0
XOM STK SMART,20150323,124850,85.46,1,0,0,0,0,0
XOM STK SMART,20150323,124900,85.45,1,0,0,0,0,0
XOM STK SMART,20150323,124937,85.44,4,0,0,0,0,0
XOM STK SMART,20150323,124941,85.45,1,0,0,0,0,0
XOM STK SMART,20150323,124949,85.45,1,0,0,0,0,0
XOM STK SMART,20150323,125055,85.44,1,0,0,0,0,0
XOM STK SMART,20150323,125107,85.43,1,0,0,0,0,0
XOM STK SMART,20150323,125115,85.43,1,0,0,0,0,0
XOM STK SMART,20150323,125127,85.46,1,0,0,0,0,0
XOM STK SMART,20150323,125135,85.45,1,0,0,0,0,0
XOM STK SMART,20150323,125148,85.44,1,0,0,0,0,0
XOM STK SMART,20150323,125155,85.44,1,0,0,0,0,0
XOM STK SMART,20150323,125256,85.43,1,0,0,0,0,0
XOM STK SMART,20150323,125302,85.45,1,0,0,0,0,0
XOM STK SMART,20150323,125328,85.46,1,0,0,0,0,0
XOM STK SMART,20150323,125407,85.44,1,0,0,0,0,0
XOM STK SMART,20150323,125447,85.4,1,0,0,0,0,0
XOM STK SMART,20150323,125524,85.41,1,0,0,0,0,0
XOM STK SMART,20150323,125538,85.41,1,0,0,0,0,0
XOM STK SMART,20150323,125608,85.4,1,0,0,0,0,0
XOM STK SMART,20150323,125651,85.38,1,0,0,0,0,0
XOM STK SMART,20150323,125702,85.39,1,0,0,0,0,0
XOM STK SMART,20150323,125728,85.42,1,0,0,0,0,0
XOM STK SMART,20150323,125731,85.41,1,0,0,0,0,0
XOM STK SMART,20150323,125745,85.4,1,0,0,0,0,0
XOM STK SMART,20150323,125757,85.41,1,0,0,0,0,0
XOM STK SMART,20150323,125806,85.4,1,0,0,0,0,0
XOM STK SMART,20150323,125826,85.42,1,0,0,0,0,0
XOM STK SMART,20150323,125847,85.41,1,0,0,0,0,0
XOM STK SMART,20150323,125852,85.4,1,0,0,0,0,0
XOM STK SMART,20150323,125904,85.4,1,0,0,0,0,0
XOM STK SMART,20150323,125934,85.41,1,0,0,0,0,0
XOM STK SMART,20150323,125958,85.41,1,0,0,0,0,0
XOM STK SMART,20150323,130008,85.38,1,0,0,0,0,0
XOM STK SMART,20150323,130009,85.4,1,0,0,0,0,0
XOM STK SMART,20150323,130039,85.4,2,0,0,0,0,0
XOM STK SMART,20150323,130039,85.4,1,0,0,0,0,0
XOM STK SMART,20150323,130049,85.41,1,0,0,0,0,0
XOM STK SMART,20150323,130105,85.4,1,0,0,0,0,0
XOM STK SMART,20150323,130114,85.39,2,0,0,0,0,0
XOM STK SMART,20150323,130126,85.39,1,0,0,0,0,0
XOM STK SMART,20150323,130218,85.39,2,0,0,0,0,0
XOM STK SMART,20150323,130226,85.36,1,0,0,0,0,0
XOM STK SMART,20150323,130245,85.36,3,0,0,0,0,0
XOM STK SMART,20150323,130309,85.35,1,0,0,0,0,0
XOM STK SMART,20150323,130316,85.33,1,0,0,0,0,0
XOM STK SMART,20150323,130327,85.35,1,0,0,0,0,0
XOM STK SMART,20150323,130428,85.36,1,0,0,0,0,0
XOM STK SMART,20150323,130431,85.36,1,0,0,0,0,0
XOM STK SMART,20150323,130510,85.36,2,0,0,0,0,0
XOM STK SMART,20150323,130527,85.36,1,0,0,0,0,0
XOM STK SMART,20150323,130602,85.37,1,0,0,0,0,0
XOM STK SMART,20150323,130630,85.36,1,0,0,0,0,0
XOM STK SMART,20150323,130702,85.35,1,0,0,0,0,0
XOM STK SMART,20150323,130727,85.36,1,0,0,0,0,0
XOM STK SMART,20150323,130824,85.37,1,0,0,0,0,0
XOM STK SMART,20150323,130830,85.36,1,0,0,0,0,0
XOM STK SMART,20150323,130902,85.34,1,0,0,0,0,0
XOM STK SMART,20150323,130925,85.35,1,0,0,0,0,0
XOM STK SMART,20150323,130940,85.34,1,0,0,0,0,0
XOM STK SMART,20150323,131003,85.34,1,0,0,0,0,0
XOM STK SMART,20150323,131025,85.34,1,0,0,0,0,0
XOM STK SMART,20150323,131033,85.35,1,0,0,0,0,0
XOM STK SMART,20150323,131046,85.35,1,0,0,0,0,0
XOM STK SMART,20150323,131108,85.34,1,0,0,0,0,0
XOM STK SMART,20150323,131112,85.35,1,0,0,0,0,0
XOM STK SMART,20150323,131204,85.35,1,0,0,0,0,0
XOM STK SMART,20150323,131228,85.36,1,0,0,0,0,0
XOM STK SMART,20150323,131306,85.35,1,0,0,0,0,0
XOM STK SMART,20150323,131341,85.34,1,0,0,0,0,0
XOM STK SMART,20150323,131400,85.33,1,0,0,0,0,0
XOM STK SMART,20150323,131418,85.35,1,0,0,0,0,0
XOM STK SMART,20150323,131428,85.34,1,0,0,0,0,0
XOM STK SMART,20150323,131457,85.33,1,0,0,0,0,0
XOM STK SMART,20150323,131509,85.32,2,0,0,0,0,0
XOM STK SMART,20150323,131510,85.31,1,0,0,0,0,0
XOM STK SMART,20150323,131539,85.3,1,0,0,0,0,0
XOM STK SMART,20150323,131549,85.29,1,0,0,0,0,0
XOM STK SMART,20150323,131602,85.3,1,0,0,0,0,0
XOM STK SMART,20150323,131629,85.32,1,0,0,0,0,0
XOM STK SMART,20150323,131649,85.31,1,0,0,0,0,0
XOM STK SMART,20150323,131658,85.32,1,0,0,0,0,0
XOM STK SMART,20150323,131706,85.31,1,0,0,0,0,0
XOM STK SMART,20150323,131759,85.3,1,0,0,0,0,0
XOM STK SMART,20150323,131824,85.29,1,0,0,0,0,0
XOM STK SMART,20150323,131850,85.29,1,0,0,0,0,0
XOM STK SMART,20150323,131908,85.3,1,0,0,0,0,0
XOM STK SMART,20150323,131938,85.3,1,0,0,0,0,0
XOM STK SMART,20150323,131941,85.29,1,0,0,0,0,0
XOM STK SMART,20150323,132002,85.28,1,0,0,0,0,0
XOM STK SMART,20150323,132023,85.26,1,0,0,0,0,0
XOM STK SMART,20150323,132044,85.25,1,0,0,0,0,0
XOM STK SMART,20150323,132059,85.24,1,0,0,0,0,0
XOM STK SMART,20150323,132115,85.24,1,0,0,0,0,0
XOM STK SMART,20150323,132122,85.25,1,0,0,0,0,0
XOM STK SMART,20150323,132137,85.26,1,0,0,0,0,0
XOM STK SMART,20150323,132205,85.26,1,0,0,0,0,0
XOM STK SMART,20150323,132219,85.26,1,0,0,0,0,0
XOM STK SMART,20150323,132417,85.26,2,0,0,0,0,0
XOM STK SMART,20150323,132428,85.27,1,0,0,0,0,0
XOM STK SMART,20150323,132442,85.27,1,0,0,0,0,0
XOM STK SMART,20150323,132458,85.28,1,0,0,0,0,0
XOM STK SMART,20150323,132530,85.3,2,0,0,0,0,0
XOM STK SMART,20150323,132540,85.31,1,0,0,0,0,0
XOM STK SMART,20150323,132546,85.31,1,0,0,0,0,0
XOM STK SMART,20150323,132554,85.31,1,0,0,0,0,0
XOM STK SMART,20150323,132658,85.31,1,0,0,0,0,0
XOM STK SMART,20150323,132724,85.3,1,0,0,0,0,0
XOM STK SMART,20150323,132742,85.3,1,0,0,0,0,0
XOM STK SMART,20150323,132800,85.3,1,0,0,0,0,0
XOM STK SMART,20150323,132808,85.31,1,0,0,0,0,0
XOM STK SMART,20150323,132818,85.3,1,0,0,0,0,0
XOM STK SMART,20150323,132849,85.28,1,0,0,0,0,0
XOM STK SMART,20150323,132903,85.27,1,0,0,0,0,0
XOM STK SMART,20150323,132925,85.25,1,0,0,0,0,0
XOM STK SMART,20150323,132938,85.23,1,0,0,0,0,0
XOM STK SMART,20150323,132957,85.24,1,0,0,0,0,0
XOM STK SMART,20150323,133010,85.25,1,0,0,0,0,0
XOM STK SMART,20150323,133023,85.26,1,0,0,0,0,0
XOM STK SMART,20150323,133034,85.25,1,0,0,0,0,0
XOM STK SMART,20150323,133048,85.26,1,0,0,0,0,0
XOM STK SMART,20150323,133100,85.26,1,0,0,0,0,0
XOM STK SMART,20150323,133118,85.26,1,0,0,0,0,0
XOM STK SMART,20150323,133140,85.26,2,0,0,0,0,0
XOM STK SMART,20150323,133141,85.26,1,0,0,0,0,0
XOM STK SMART,20150323,133236,85.27,1,0,0,0,0,0
XOM STK SMART,20150323,133308,85.26,1,0,0,0,0,0
XOM STK SMART,20150323,133326,85.26,2,0,0,0,0,0
XOM STK SMART,20150323,133340,85.26,1,0,0,0,0,0
XOM STK SMART,20150323,133347,85.26,1,0,0,0,0,0
XOM STK SMART,20150323,133408,85.27,1,0,0,0,0,0
XOM STK SMART,20150323,133427,85.28,1,0,0,0,0,0
XOM STK SMART,20150323,133440,85.28,1,0,0,0,0,0
XOM STK SMART,20150323,133550,85.29,1,0,0,0,0,0
XOM STK SMART,20150323,133559,85.29,1,0,0,0,0,0
XOM STK SMART,20150323,133610,85.3,2,0,0,0,0,0
XOM STK SMART,20150323,133612,85.31,1,0,0,0,0,0
XOM STK SMART,20150323,133631,85.31,3,0,0,0,0,0
XOM STK SMART,20150323,133631,85.31,1,0,0,0,0,0
XOM STK SMART,20150323,133652,85.3,1,0,0,0,0,0
XOM STK SMART,20150323,133723,85.31,1,0,0,0,0,0
XOM STK SMART,20150323,133738,85.33,1,0,0,0,0,0
XOM STK SMART,20150323,133756,85.34,1,0,0,0,0,0
XOM STK SMART,20150323,133811,85.35,1,0,0,0,0,0
XOM STK SMART,20150323,133828,85.32,1,0,0,0,0,0
XOM STK SMART,20150323,133848,85.31,1,0,0,0,0,0
XOM STK SMART,20150323,133853,85.33,1,0,0,0,0,0
XOM STK SMART,20150323,133905,85.32,2,0,0,0,0,0
XOM STK SMART,20150323,133943,85.33,1,0,0,0,0,0
XOM STK SMART,20150323,134014,85.34,1,0,0,0,0,0
XOM STK SMART,20150323,134022,85.34,1,0,0,0,0,0
XOM STK SMART,20150323,134049,85.34,1,0,0,0,0,0
XOM STK SMART,20150323,134106,85.35,1,0,0,0,0,0
XOM STK SMART,20150323,134114,85.37,1,0,0,0,0,0
XOM STK SMART,20150323,134159,85.37,1,0,0,0,0,0
XOM STK SMART,20150323,134224,85.38,1,0,0,0,0,0
XOM STK SMART,20150323,134233,85.37,1,0,0,0,0,0
XOM STK SMART,20150323,134341,85.38,1,0,0,0,0,0
XOM STK SMART,20150323,134357,85.39,1,0,0,0,0,0
XOM STK SMART,20150323,134418,85.41,1,0,0,0,0,0
XOM STK SMART,20150323,134436,85.41,1,0,0,0,0,0
XOM STK SMART,20150323,134450,85.42,1,0,0,0,0,0
XOM STK SMART,20150323,134500,85.42,4,0,0,0,0,0
XOM STK SMART,20150323,134504,85.42,1,0,0,0,0,0
XOM STK SMART,20150323,134533,85.41,1,0,0,0,0,0
XOM STK SMART,20150323,134608,85.4,1,0,0,0,0,0
XOM STK SMART,20150323,134633,85.4,1,0,0,0,0,0
XOM STK SMART,20150323,134645,85.4,1,0,0,0,0,0
XOM STK SMART,20150323,134719,85.4,1,0,0,0,0,0
XOM STK SMART,20150323,134738,85.39,1,0,0,0,0,0
XOM STK SMART,20150323,134757,85.4,1,0,0,0,0,0
XOM STK SMART,20150323,134811,85.39,1,0,0,0,0,0
XOM STK SMART,20150323,134827,85.38,1,0,0,0,0,0
XOM STK SMART,20150323,134852,85.38,1,0,0,0,0,0
XOM STK SMART,20150323,134910,85.38,2,0,0,0,0,0
XOM STK SMART,20150323,134926,85.37,1,0,0,0,0,0
XOM STK SMART,20150323,134940,85.37,1,0,0,0,0,0
XOM STK SMART,20150323,134950,85.37,1,0,0,0,0,0
XOM STK SMART,20150323,135002,85.37,1,0,0,0,0,0
XOM STK SMART,20150323,135017,85.39,1,0,0,0,0,0
XOM STK SMART,20150323,135041,85.38,1,0,0,0,0,0
XOM STK SMART,20150323,135056,85.38,2,0,0,0,0,0
XOM STK SMART,20150323,135104,85.38,1,0,0,0,0,0
XOM STK SMART,20150323,135122,85.39,1,0,0,0,0,0
XOM STK SMART,20150323,135158,85.39,2,0,0,0,0,0
XOM STK SMART,20150323,135201,85.38,1,0,0,0,0,0
XOM STK SMART,20150323,135217,85.38,1,0,0,0,0,0
XOM STK SMART,20150323,135236,85.37,1,0,0,0,0,0
XOM STK SMART,20150323,135301,85.36,1,0,0,0,0,0
XOM STK SMART,20150323,135351,85.37,2,0,0,0,0,0
XOM STK SMART,20150323,135352,85.37,1,0,0,0,0,0
XOM STK SMART,20150323,135407,85.36,1,0,0,0,0,0
XOM STK SMART,20150323,135447,85.37,1,0,0,0,0,0
XOM STK SMART,20150323,135501,85.38,1,0,0,0,0,0
XOM STK SMART,20150323,135510,85.37,1,0,0,0,0,0
XOM STK SMART,20150323,135531,85.37,1,0,0,0,0,0
XOM STK SMART,20150323,135532,85.38,1,0,0,0,0,0
XOM STK SMART,20150323,135542,85.37,1,0,0,0,0,0
XOM STK SMART,20150323,135701,85.35,1,0,0,0,0,0
XOM STK SMART,20150323,135719,85.36,1,0,0,0,0,0
XOM STK SMART,20150323,135731,85.35,1,0,0,0,0,0
XOM STK SMART,20150323,135750,85.35,1,0,0,0,0,0
XOM STK SMART,20150323,135811,85.36,1,0,0,0,0,0
XOM STK SMART,20150323,135818,85.37,1,0,0,0,0,0
XOM STK SMART,20150323,135831,85.37,4,0,0,0,0,0
XOM STK SMART,20150323,135832,85.37,1,0,0,0,0,0
XOM STK SMART,20150323,135851,85.38,1,0,0,0,0,0
XOM STK SMART,20150323,135858,85.39,1,0,0,0,0,0
XOM STK SMART,20150323,135907,85.38,1,0,0,0,0,0
XOM STK SMART,20150323,135915,85.38,1,0,0,0,0,0
XOM STK SMART,20150323,135929,85.35,1,0,0,0,0,0
XOM STK SMART,20150323,135938,85.37,1,0,0,0,0,0
XOM STK SMART,20150323,135950,85.36,1,0,0,0,0,0
XOM STK SMART,20150323,140011,85.39,2,0,0,0,0,0
XOM STK SMART,20150323,140021,85.39,2,0,0,0,0,0
XOM STK SMART,20150323,140030,85.38,1,0,0,0,0,0
XOM STK SMART,20150323,140046,85.38,1,0,0,0,0,0
XOM STK SMART,20150323,140115,85.39,1,0,0,0,0,0
XOM STK SMART,20150323,140131,85.4,1,0,0,0,0,0
XOM STK SMART,20150323,140139,85.41,1,0,0,0,0,0
XOM STK SMART,20150323,140148,85.42,1,0,0,0,0,0
XOM STK SMART,20150323,140200,85.4,1,0,0,0,0,0
XOM STK SMART,20150323,140211,85.44,1,0,0,0,0,0
XOM STK SMART,20150323,140222,85.44,2,0,0,0,0,0
XOM STK SMART,20150323,140228,85.46,1,0,0,0,0,0
XOM STK SMART,20150323,140253,85.47,1,0,0,0,0,0
XOM STK SMART,20150323,140310,85.46,2,0,0,0,0,0
XOM STK SMART,20150323,140313,85.47,1,0,0,0,0,0
XOM STK SMART,20150323,140332,85.46,1,0,0,0,0,0
XOM STK SMART,20150323,140354,85.45,1,0,0,0,0,0
XOM STK SMART,20150323,140405,85.44,2,0,0,0,0,0
XOM STK SMART,20150323,140420,85.44,1,0,0,0,0,0
XOM STK SMART,20150323,140431,85.44,1,0,0,0,0,0
XOM STK SMART,20150323,140439,85.43,1,0,0,0,0,0
XOM STK SMART,20150323,140500,85.44,1,0,0,0,0,0
XOM STK SMART,20150323,140512,85.46,1,0,0,0,0,0
XOM STK SMART,20150323,140513,85.45,1,0,0,0,0,0
XOM STK SMART,20150323,140531,85.46,1,0,0,0,0,0
XOM STK SMART,20150323,140541,85.45,2,0,0,0,0,0
XOM STK SMART,20150323,140553,85.46,1,0,0,0,0,0
XOM STK SMART,20150323,140631,85.45,1,0,0,0,0,0
XOM STK SMART,20150323,140650,85.47,1,0,0,0,0,0
XOM STK SMART,20150323,140653,85.47,2,0,0,0,0,0
XOM STK SMART,20150323,140708,85.49,1,0,0,0,0,0
XOM STK SMART,20150323,140714,85.5,1,0,0,0,0,0
XOM STK SMART,20150323,140742,85.49,1,0,0,0,0,0
XOM STK SMART,20150323,140751,85.49,1,0,0,0,0,0
XOM STK SMART,20150323,140801,85.48,1,0,0,0,0,0
XOM STK SMART,20150323,140815,85.49,1,0,0,0,0,0
XOM STK SMART,20150323,140826,85.48,3,0,0,0,0,0
XOM STK SMART,20150323,140835,85.49,1,0,0,0,0,0
XOM STK SMART,20150323,140845,85.5,1,0,0,0,0,0
XOM STK SMART,20150323,140856,85.5,1,0,0,0,0,0
XOM STK SMART,20150323,140916,85.51,1,0,0,0,0,0
XOM STK SMART,20150323,140925,85.52,1,0,0,0,0,0
XOM STK SMART,20150323,140936,85.51,1,0,0,0,0,0
XOM STK SMART,20150323,141022,85.53,1,0,0,0,0,0
XOM STK SMART,20150323,141030,85.52,1,0,0,0,0,0
XOM STK SMART,20150323,141050,85.53,1,0,0,0,0,0
XOM STK SMART,20150323,141053,85.52,1,0,0,0,0,0
XOM STK SMART,20150323,141110,85.54,1,0,0,0,0,0
XOM STK SMART,20150323,141116,85.52,1,0,0,0,0,0
XOM STK SMART,20150323,141126,85.52,1,0,0,0,0,0
XOM STK SMART,20150323,141148,85.52,1,0,0,0,0,0
XOM STK SMART,20150323,141201,85.5,4,0,0,0,0,0
XOM STK SMART,20150323,141203,85.5,1,0,0,0,0,0
XOM STK SMART,20150323,141232,85.51,1,0,0,0,0,0
XOM STK SMART,20150323,141242,85.52,1,0,0,0,0,0
XOM STK SMART,20150323,141317,85.53,1,0,0,0,0,0
XOM STK SMART,20150323,141330,85.54,1,0,0,0,0,0
XOM STK SMART,20150323,141338,85.55,1,0,0,0,0,0
XOM STK SMART,20150323,141429,85.57,1,0,0,0,0,0
XOM STK SMART,20150323,141440,85.55,1,0,0,0,0,0
XOM STK SMART,20150323,141451,85.54,1,0,0,0,0,0
XOM STK SMART,20150323,141510,85.55,1,0,0,0,0,0
XOM STK SMART,20150323,141549,85.56,1,0,0,0,0,0
XOM STK SMART,20150323,141556,85.57,1,0,0,0,0,0
XOM STK SMART,20150323,141612,85.6,1,0,0,0,0,0
XOM STK SMART,20150323,141628,85.6,1,0,0,0,0,0
XOM STK SMART,20150323,141650,85.59,1,0,0,0,0,0
XOM STK SMART,20150323,141709,85.59,1,0,0,0,0,0
XOM STK SMART,20150323,141722,85.6,1,0,0,0,0,0
XOM STK SMART,20150323,141732,85.61,2,0,0,0,0,0
XOM STK SMART,20150323,141748,85.59,1,0,0,0,0,0
XOM STK SMART,20150323,141758,85.6,1,0,0,0,0,0
XOM STK SMART,20150323,141804,85.59,1,0,0,0,0,0
XOM STK SMART,20150323,141816,85.58,1,0,0,0,0,0
XOM STK SMART,20150323,141842,85.56,1,0,0,0,0,0
XOM STK SMART,20150323,141852,85.56,4,0,0,0,0,0
XOM STK SMART,20150323,141858,85.56,1,0,0,0,0,0
XOM STK SMART,20150323,141922,85.58,1,0,0,0,0,0
XOM STK SMART,20150323,141930,85.59,1,0,0,0,0,0
XOM STK SMART,20150323,141938,85.58,1,0,0,0,0,0
XOM STK SMART,20150323,142023,85.59,1,0,0,0,0,0
XOM STK SMART,20150323,142029,85.59,2,0,0,0,0,0
XOM STK SMART,20150323,142051,85.59,1,0,0,0,0,0
XOM STK SMART,20150323,142059,85.58,1,0,0,0,0,0
XOM STK SMART,20150323,142141,85.59,1,0,0,0,0,0
XOM STK SMART,20150323,142158,85.6,1,0,0,0,0,0
XOM STK SMART,20150323,142219,85.59,1,0,0,0,0,0
XOM STK SMART,20150323,142238,85.6,1,0,0,0,0,0
XOM STK SMART,20150323,142303,85.6,8,0,0,0,0,0
XOM STK SMART,20150323,142304,85.6,1,0,0,0,0,0
XOM STK SMART,20150323,142318,85.6,1,0,0,0,0,0
XOM STK SMART,20150323,142340,85.61,1,0,0,0,0,0
XOM STK SMART,20150323,142402,85.61,1,0,0,0,0,0
XOM STK SMART,20150323,142433,85.62,2,0,0,0,0,0
XOM STK SMART,20150323,142441,85.62,1,0,0,0,0,0
XOM STK SMART,20150323,142457,85.61,1,0,0,0,0,0
XOM STK SMART,20150323,142508,85.62,1,0,0,0,0,0
XOM STK SMART,20150323,142532,85.62,1,0,0,0,0,0
XOM STK SMART,20150323,142536,85.62,1,0,0,0,0,0
XOM STK SMART,20150323,142544,85.62,1,0,0,0,0,0
XOM STK SMART,20150323,142612,85.61,1,0,0,0,0,0
XOM STK SMART,20150323,142620,85.62,2,0,0,0,0,0
XOM STK SMART,20150323,142630,85.62,1,0,0,0,0,0
XOM STK SMART,20150323,142655,85.62,1,0,0,0,0,0
XOM STK SMART,20150323,142752,85.65,1,0,0,0,0,0
XOM STK SMART,20150323,142802,85.66,1,0,0,0,0,0
XOM STK SMART,20150323,142810,85.65,1,0,0,0,0,0
XOM STK SMART,20150323,142823,85.67,1,0,0,0,0,0
XOM STK SMART,20150323,142829,85.68,1,0,0,0,0,0
XOM STK SMART,20150323,142838,85.66,1,0,0,0,0,0
XOM STK SMART,20150323,142856,85.67,1,0,0,0,0,0
XOM STK SMART,20150323,142923,85.67,1,0,0,0,0,0
XOM STK SMART,20150323,142932,85.67,1,0,0,0,0,0
XOM STK SMART,20150323,142935,85.68,1,0,0,0,0,0
XOM STK SMART,20150323,143022,85.7,4,0,0,0,0,0
XOM STK SMART,20150323,143029,85.7,1,0,0,0,0,0
XOM STK SMART,20150323,143037,85.7,1,0,0,0,0,0
XOM STK SMART,20150323,143048,85.7,1,0,0,0,0,0
XOM STK SMART,20150323,143056,85.7,1,0,0,0,0,0
XOM STK SMART,20150323,143111,85.7,1,0,0,0,0,0
XOM STK SMART,20150323,143122,85.71,1,0,0,0,0,0
XOM STK SMART,20150323,143133,85.69,1,0,0,0,0,0
XOM STK SMART,20150323,143231,85.68,1,0,0,0,0,0
XOM STK SMART,20150323,143235,85.67,1,0,0,0,0,0
XOM STK SMART,20150323,143247,85.67,1,0,0,0,0,0
XOM STK SMART,20150323,143258,85.68,1,0,0,0,0,0
XOM STK SMART,20150323,143323,85.7,2,0,0,0,0,0
XOM STK SMART,20150323,143332,85.7,1,0,0,0,0,0
XOM STK SMART,20150323,143341,85.71,1,0,0,0,0,0
XOM STK SMART,20150323,143351,85.7,1,0,0,0,0,0
XOM STK SMART,20150323,143358,85.71,1,0,0,0,0,0
XOM STK SMART,20150323,143405,85.7,1,0,0,0,0,0
XOM STK SMART,20150323,143423,85.7,2,0,0,0,0,0
XOM STK SMART,20150323,143430,85.7,1,0,0,0,0,0
XOM STK SMART,20150323,143438,85.71,1,0,0,0,0,0
XOM STK SMART,20150323,143446,85.7,1,0,0,0,0,0
XOM STK SMART,20150323,143531,85.68,1,0,0,0,0,0
XOM STK SMART,20150323,143542,85.67,1,0,0,0,0,0
XOM STK SMART,20150323,143551,85.65,1,0,0,0,0,0
XOM STK SMART,20150323,143606,85.64,1,0,0,0,0,0
XOM STK SMART,20150323,143641,85.62,1,0,0,0,0,0
XOM STK SMART,20150323,143656,85.61,1,0,0,0,0,0
XOM STK SMART,20150323,143713,85.62,1,0,0,0,0,0
XOM STK SMART,20150323,143718,85.63,1,0,0,0,0,0
XOM STK SMART,20150323,143740,85.61,1,0,0,0,0,0
XOM STK SMART,20150323,143758,85.6,1,0,0,0,0,0
XOM STK SMART,20150323,143819,85.58,1,0,0,0,0,0
XOM STK SMART,20150323,143852,85.61,1,0,0,0,0,0
XOM STK SMART,20150323,143902,85.62,1,0,0,0,0,0
XOM STK SMART,20150323,143928,85.61,1,0,0,0,0,0
XOM STK SMART,20150323,143943,85.59,1,0,0,0,0,0
XOM STK SMART,20150323,143949,85.59,3,0,0,0,0,0
XOM STK SMART,20150323,144011,85.58,1,0,0,0,0,0
XOM STK SMART,20150323,144019,85.59,2,0,0,0,0,0
XOM STK SMART,20150323,144033,85.57,1,0,0,0,0,0
XOM STK SMART,20150323,144039,85.59,1,0,0,0,0,0
XOM STK SMART,20150323,144051,85.6,1,0,0,0,0,0
XOM STK SMART,20150323,144059,85.57,1,0,0,0,0,0
XOM STK SMART,20150323,144122,85.6,1,0,0,0,0,0
XOM STK SMART,20150323,144126,85.59,1,0,0,0,0,0
XOM STK SMART,20150323,144141,85.6,1,0,0,0,0,0
XOM STK SMART,20150323,144149,85.59,1,0,0,0,0,0
XOM STK SMART,20150323,144200,85.58,2,0,0,0,0,0
XOM STK SMART,20150323,144211,85.58,1,0,0,0,0,0
XOM STK SMART,20150323,144221,85.59,1,0,0,0,0,0
XOM STK SMART,20150323,144229,85.58,1,0,0,0,0,0
XOM STK SMART,20150323,144241,85.57,1,0,0,0,0,0
XOM STK SMART,20150323,144322,85.57,1,0,0,0,0,0
XOM STK SMART,20150323,144432,85.54,1,0,0,0,0,0
XOM STK SMART,20150323,144454,85.55,1,0,0,0,0,0
XOM STK SMART,20150323,144455,85.55,1,0,0,0,0,0
XOM STK SMART,20150323,144507,85.54,1,0,0,0,0,0
XOM STK SMART,20150323,144522,85.55,1,0,0,0,0,0
XOM STK SMART,20150323,144533,85.54,1,0,0,0,0,0
XOM STK SMART,20150323,144539,85.54,1,0,0,0,0,0
XOM STK SMART,20150323,144616,85.55,1,0,0,0,0,0
XOM STK SMART,20150323,144638,85.55,1,0,0,0,0,0
XOM STK SMART,20150323,144653,85.54,1,0,0,0,0,0
XOM STK SMART,20150323,144704,85.52,5,0,0,0,0,0
XOM STK SMART,20150323,144710,85.51,1,0,0,0,0,0
XOM STK SMART,20150323,144720,85.49,1,0,0,0,0,0
XOM STK SMART,20150323,144725,85.5,1,0,0,0,0,0
XOM STK SMART,20150323,144752,85.49,1,0,0,0,0,0
XOM STK SMART,20150323,144800,85.47,1,0,0,0,0,0
XOM STK SMART,20150323,144811,85.46,2,0,0,0,0,0
XOM STK SMART,20150323,144824,85.43,1,0,0,0,0,0
XOM STK SMART,20150323,144831,85.43,1,0,0,0,0,0
XOM STK SMART,20150323,144850,85.44,1,0,0,0,0,0
XOM STK SMART,20150323,144901,85.42,1,0,0,0,0,0
XOM STK SMART,20150323,144908,85.42,4,0,0,0,0,0
XOM STK SMART,20150323,144915,85.43,1,0,0,0,0,0
XOM STK SMART,20150323,144934,85.4,1,0,0,0,0,0
XOM STK SMART,20150323,144935,85.4,1,0,0,0,0,0
XOM STK SMART,20150323,144953,85.38,1,0,0,0,0,0
XOM STK SMART,20150323,145001,85.4,1,0,0,0,0,0
XOM STK SMART,20150323,145014,85.42,1,0,0,0,0,0
XOM STK SMART,20150323,145033,85.42,1,0,0,0,0,0
XOM STK SMART,20150323,145044,85.43,1,0,0,0,0,0
XOM STK SMART,20150323,145052,85.43,1,0,0,0,0,0
XOM STK SMART,20150323,145058,85.43,2,0,0,0,0,0
XOM STK SMART,20150323,145106,85.43,1,0,0,0,0,0
XOM STK SMART,20150323,145118,85.44,1,0,0,0,0,0
XOM STK SMART,20150323,145137,85.44,1,0,0,0,0,0
XOM STK SMART,20150323,145209,85.44,1,0,0,0,0,0
XOM STK SMART,20150323,145244,85.46,1,0,0,0,0,0
XOM STK SMART,20150323,145250,85.47,1,0,0,0,0,0
XOM STK SMART,20150323,145308,85.47,1,0,0,0,0,0
XOM STK SMART,20150323,145344,85.49,2,0,0,0,0,0
XOM STK SMART,20150323,145344,85.49,1,0,0,0,0,0
XOM STK SMART,20150323,145407,85.48,1,0,0,0,0,0
XOM STK SMART,20150323,145433,85.48,1,0,0,0,0,0
XOM STK SMART,20150323,145450,85.48,1,0,0,0,0,0
XOM STK SMART,20150323,145509,85.49,1,0,0,0,0,0
XOM STK SMART,20150323,145522,85.47,1,0,0,0,0,0
XOM STK SMART,20150323,145546,85.48,1,0,0,0,0,0
XOM STK SMART,20150323,145602,85.48,1,0,0,0,0,0
XOM STK SMART,20150323,145612,85.47,1,0,0,0,0,0
XOM STK SMART,20150323,145620,85.48,1,0,0,0,0,0
XOM STK SMART,20150323,145631,85.47,1,0,0,0,0,0
XOM STK SMART,20150323,145651,85.49,2,0,0,0,0,0
XOM STK SMART,20150323,145655,85.49,1,0,0,0,0,0
XOM STK SMART,20150323,145721,85.5,1,0,0,0,0,0
XOM STK SMART,20150323,145740,85.5,1,0,0,0,0,0
XOM STK SMART,20150323,145754,85.49,1,0,0,0,0,0
XOM STK SMART,20150323,145825,85.5,1,0,0,0,0,0
XOM STK SMART,20150323,145840,85.51,2,0,0,0,0,0
XOM STK SMART,20150323,145904,85.52,1,0,0,0,0,0
XOM STK SMART,20150323,145921,85.53,1,0,0,0,0,0
XOM STK SMART,20150323,145937,85.53,1,0,0,0,0,0
XOM STK SMART,20150323,145945,85.52,1,0,0,0,0,0
XOM STK SMART,20150323,150024,85.49,1,0,0,0,0,0
XOM STK SMART,20150323,150034,85.48,1,0,0,0,0,0
XOM STK SMART,20150323,150045,85.47,1,0,0,0,0,0
XOM STK SMART,20150323,150052,85.5,1,0,0,0,0,0
XOM STK SMART,20150323,150058,85.51,1,0,0,0,0,0
XOM STK SMART,20150323,150114,85.51,1,0,0,0,0,0
XOM STK SMART,20150323,150154,85.52,1,0,0,0,0,0
XOM STK SMART,20150323,150204,85.51,2,0,0,0,0,0
XOM STK SMART,20150323,150205,85.52,1,0,0,0,0,0
XOM STK SMART,20150323,150234,85.55,1,0,0,0,0,0
XOM STK SMART,20150323,150308,85.56,1,0,0,0,0,0
XOM STK SMART,20150323,150328,85.57,1,0,0,0,0,0
XOM STK SMART,20150323,150343,85.58,1,0,0,0,0,0
XOM STK SMART,20150323,150355,85.6,1,0,0,0,0,0
XOM STK SMART,20150323,150356,85.6,1,0,0,0,0,0
XOM STK SMART,20150323,150441,85.6,2,0,0,0,0,0
XOM STK SMART,20150323,150451,85.6,1,0,0,0,0,0
XOM STK SMART,20150323,150502,85.59,1,0,0,0,0,0
XOM STK SMART,20150323,150535,85.61,1,0,0,0,0,0
XOM STK SMART,20150323,150541,85.61,1,0,0,0,0,0
XOM STK SMART,20150323,150605,85.62,1,0,0,0,0,0
XOM STK SMART,20150323,150621,85.63,1,0,0,0,0,0
XOM STK SMART,20150323,150631,85.62,1,0,0,0,0,0
XOM STK SMART,20150323,150641,85.62,1,0,0,0,0,0
XOM STK SMART,20150323,150705,85.6,1,0,0,0,0,0
XOM STK SMART,20150323,150714,85.6,1,0,0,0,0,0
XOM STK SMART,20150323,150722,85.61,1,0,0,0,0,0
XOM STK SMART,20150323,150733,85.62,2,0,0,0,0,0
XOM STK SMART,20150323,150737,85.61,1,0,0,0,0,0
XOM STK SMART,20150323,150804,85.62,1,0,0,0,0,0
XOM STK SMART,20150323,150812,85.63,1,0,0,0,0,0
XOM STK SMART,20150323,150823,85.63,1,0,0,0,0,0
XOM STK SMART,20150323,150827,85.64,1,0,0,0,0,0
XOM STK SMART,20150323,150841,85.65,1,0,0,0,0,0
XOM STK SMART,20150323,150853,85.64,1,0,0,0,0,0
XOM STK SMART,20150323,150902,85.65,1,0,0,0,0,0
XOM STK SMART,20150323,150913,85.66,1,0,0,0,0,0
XOM STK SMART,20150323,150923,85.67,1,0,0,0,0,0
XOM STK SMART,20150323,150929,85.67,1,0,0,0,0,0
XOM STK SMART,20150323,150944,85.66,1,0,0,0,0,0
XOM STK SMART,20150323,150947,85.64,1,0,0,0,0,0
XOM STK SMART,20150323,151014,85.65,1,0,0,0,0,0
XOM STK SMART,20150323,151025,85.68,1,0,0,0,0,0
XOM STK SMART,20150323,151025,85.67,1,0,0,0,0,0
XOM STK SMART,20150323,151045,85.66,1,0,0,0,0,0
XOM STK SMART,20150323,151054,85.64,1,0,0,0,0,0
XOM STK SMART,20150323,151114,85.63,1,0,0,0,0,0
XOM STK SMART,20150323,151120,85.62,1,0,0,0,0,0
XOM STK SMART,20150323,151129,85.62,1,0,0,0,0,0
XOM STK SMART,20150323,151208,85.6,1,0,0,0,0,0
XOM STK SMART,20150323,151229,85.56,1,0,0,0,0,0
XOM STK SMART,20150323,151241,85.54,1,0,0,0,0,0
XOM STK SMART,20150323,151254,85.54,1,0,0,0,0,0
XOM STK SMART,20150323,151258,85.55,1,0,0,0,0,0
XOM STK SMART,20150323,151320,85.53,1,0,0,0,0,0
XOM STK SMART,20150323,151330,85.51,1,0,0,0,0,0
XOM STK SMART,20150323,151341,85.5,1,0,0,0,0,0
XOM STK SMART,20150323,151403,85.52,1,0,0,0,0,0
XOM STK SMART,20150323,151435,85.5,1,0,0,0,0,0
XOM STK SMART,20150323,151500,85.49,1,0,0,0,0,0
XOM STK SMART,20150323,151513,85.48,1,0,0,0,0,0
XOM STK SMART,20150323,151531,85.49,1,0,0,0,0,0
XOM STK SMART,20150323,151540,85.48,1,0,0,0,0,0
XOM STK SMART,20150323,151604,85.48,1,0,0,0,0,0
XOM STK SMART,20150323,151622,85.48,1,0,0,0,0,0
XOM STK SMART,20150323,151628,85.49,1,0,0,0,0,0
XOM STK SMART,20150323,151658,85.48,1,0,0,0,0,0
XOM STK SMART,20150323,151714,85.47,1,0,0,0,0,0
XOM STK SMART,20150323,151724,85.47,1,0,0,0,0,0
XOM STK SMART,20150323,151734,85.48,1,0,0,0,0,0
XOM STK SMART,20150323,151746,85.49,1,0,0,0,0,0
XOM STK SMART,20150323,151803,85.5,1,0,0,0,0,0
XOM STK SMART,20150323,151812,85.5,2,0,0,0,0,0
XOM STK SMART,20150323,151822,85.5,2,0,0,0,0,0
XOM STK SMART,20150323,151833,85.5,1,0,0,0,0,0
XOM STK SMART,20150323,151906,85.51,1,0,0,0,0,0
XOM STK SMART,20150323,151934,85.51,1,0,0,0,0,0
XOM STK SMART,20150323,151940,85.5,4,0,0,0,0,0
XOM STK SMART,20150323,151949,85.49,1,0,0,0,0,0
XOM STK SMART,20150323,152010,85.49,1,0,0,0,0,0
XOM STK SMART,20150323,152024,85.48,1,0,0,0,0,0
XOM STK SMART,20150323,152045,85.45,1,0,0,0,0,0
XOM STK SMART,20150323,152052,85.45,1,0,0,0,0,0
XOM STK SMART,20150323,152105,85.45,1,0,0,0,0,0
XOM STK SMART,20150323,152112,85.45,1,0,0,0,0,0
XOM STK SMART,20150323,152136,85.46,1,0,0,0,0,0
XOM STK SMART,20150323,152141,85.46,1,0,0,0,0,0
XOM STK SMART,20150323,152149,85.47,1,0,0,0,0,0
XOM STK SMART,20150323,152214,85.47,1,0,0,0,0,0
XOM STK SMART,20150323,152217,85.47,1,0,0,0,0,0
XOM STK SMART,20150323,152236,85.46,1,0,0,0,0,0
XOM STK SMART,20150323,152301,85.46,1,0,0,0,0,0
XOM STK SMART,20150323,152344,85.47,1,0,0,0,0,0
XOM STK SMART,20150323,152405,85.47,1,0,0,0,0,0
XOM STK SMART,20150323,152440,85.47,1,0,0,0,0,0
XOM STK SMART,20150323,152449,85.49,1,0,0,0,0,0
XOM STK SMART,20150323,152500,85.51,1,0,0,0,0,0
XOM STK SMART,20150323,152509,85.52,1,0,0,0,0,0
XOM STK SMART,20150323,152526,85.53,1,0,0,0,0,0
XOM STK SMART,20150323,152536,85.52,1,0,0,0,0,0
XOM STK SMART,20150323,152537,85.52,1,0,0,0,0,0
XOM STK SMART,20150323,152606,85.54,1,0,0,0,0,0
XOM STK SMART,20150323,152616,85.55,2,0,0,0,0,0
XOM STK SMART,20150323,152617,85.55,1,0,0,0,0,0
XOM STK SMART,20150323,152636,85.54,1,0,0,0,0,0
XOM STK SMART,20150323,152638,85.55,1,0,0,0,0,0
XOM STK SMART,20150323,152656,85.54,1,0,0,0,0,0
XOM STK SMART,20150323,152657,85.55,2,0,0,0,0,0
XOM STK SMART,20150323,152715,85.57,2,0,0,0,0,0
XOM STK SMART,20150323,152718,85.57,1,0,0,0,0,0
XOM STK SMART,20150323,152734,85.56,2,0,0,0,0,0
XOM STK SMART,20150323,152746,85.56,1,0,0,0,0,0
XOM STK SMART,20150323,152753,85.55,1,0,0,0,0,0
XOM STK SMART,20150323,152756,85.54,1,0,0,0,0,0
XOM STK SMART,20150323,152815,85.54,1,0,0,0,0,0
XOM STK SMART,20150323,152824,85.55,1,0,0,0,0,0
XOM STK SMART,20150323,152832,85.54,1,0,0,0,0,0
XOM STK SMART,20150323,152839,85.56,1,0,0,0,0,0
XOM STK SMART,20150323,152850,85.56,1,0,0,0,0,0
XOM STK SMART,20150323,152901,85.55,1,0,0,0,0,0
XOM STK SMART,20150323,152913,85.54,1,0,0,0,0,0
XOM STK SMART,20150323,152919,85.55,1,0,0,0,0,0
XOM STK SMART,20150323,152929,85.56,2,0,0,0,0,0
XOM STK SMART,20150323,152945,85.55,1,0,0,0,0,0
XOM STK SMART,20150323,152950,85.55,1,0,0,0,0,0
XOM STK SMART,20150323,153004,85.57,3,0,0,0,0,0
XOM STK SMART,20150323,153016,85.54,1,0,0,0,0,0
XOM STK SMART,20150323,153024,85.54,1,0,0,0,0,0
XOM STK SMART,20150323,153035,85.53,1,0,0,0,0,0
XOM STK SMART,20150323,153054,85.54,1,0,0,0,0,0
XOM STK SMART,20150323,153106,85.5,1,0,0,0,0,0
XOM STK SMART,20150323,153111,85.49,1,0,0,0,0,0
XOM STK SMART,20150323,153126,85.54,1,0,0,0,0,0
XOM STK SMART,20150323,153130,85.53,1,0,0,0,0,0
XOM STK SMART,20150323,153150,85.53,1,0,0,0,0,0
XOM STK SMART,20150323,153204,85.54,1,0,0,0,0,0
XOM STK SMART,20150323,153211,85.53,1,0,0,0,0,0
XOM STK SMART,20150323,153217,85.54,1,0,0,0,0,0
XOM STK SMART,20150323,153246,85.53,1,0,0,0,0,0
XOM STK SMART,20150323,153250,85.52,1,0,0,0,0,0
XOM STK SMART,20150323,153301,85.5,1,0,0,0,0,0
XOM STK SMART,20150323,153335,85.49,1,0,0,0,0,0
XOM STK SMART,20150323,153346,85.49,1,0,0,0,0,0
XOM STK SMART,20150323,153349,85.5,1,0,0,0,0,0
XOM STK SMART,20150323,153402,85.5,2,0,0,0,0,0
XOM STK SMART,20150323,153413,85.51,1,0,0,0,0,0
XOM STK SMART,20150323,153425,85.5,1,0,0,0,0,0
XOM STK SMART,20150323,153428,85.49,1,0,0,0,0,0
XOM STK SMART,20150323,153441,85.5,1,0,0,0,0,0
XOM STK SMART,20150323,153452,85.49,1,0,0,0,0,0
XOM STK SMART,20150323,153523,85.5,1,0,0,0,0,0
XOM STK SMART,20150323,153535,85.49,1,0,0,0,0,0
XOM STK SMART,20150323,153544,85.5,1,0,0,0,0,0
XOM STK SMART,20150323,153601,85.49,1,0,0,0,0,0
XOM STK SMART,20150323,153613,85.48,1,0,0,0,0,0
XOM STK SMART,20150323,153641,85.47,1,0,0,0,0,0
XOM STK SMART,20150323,153656,85.46,2,0,0,0,0,0
XOM STK SMART,20150323,153700,85.46,1,0,0,0,0,0
XOM STK SMART,20150323,153751,85.46,1,0,0,0,0,0
XOM STK SMART,20150323,153835,85.46,1,0,0,0,0,0
XOM STK SMART,20150323,153847,85.46,1,0,0,0,0,0
XOM STK SMART,20150323,153906,85.46,3,0,0,0,0,0
XOM STK SMART,20150323,153916,85.51,1,0,0,0,0,0
XOM STK SMART,20150323,153925,85.51,1,0,0,0,0,0
XOM STK SMART,20150323,153945,85.51,2,0,0,0,0,0
XOM STK SMART,20150323,153955,85.51,1,0,0,0,0,0
XOM STK SMART,20150323,154005,85.52,1,0,0,0,0,0
XOM STK SMART,20150323,154024,85.48,1,0,0,0,0,0
XOM STK SMART,20150323,154030,85.48,1,0,0,0,0,0
XOM STK SMART,20150323,154045,85.47,1,0,0,0,0,0
XOM STK SMART,20150323,154056,85.45,1,0,0,0,0,0
XOM STK SMART,20150323,154104,85.45,1,0,0,0,0,0
XOM STK SMART,20150323,154108,85.44,1,0,0,0,0,0
XOM STK SMART,20150323,154124,85.43,1,0,0,0,0,0
XOM STK SMART,20150323,154132,85.42,1,0,0,0,0,0
XOM STK SMART,20150323,154146,85.43,3,0,0,0,0,0
XOM STK SMART,20150323,154156,85.42,1,0,0,0,0,0
XOM STK SMART,20150323,154207,85.46,1,0,0,0,0,0
XOM STK SMART,20150323,154211,85.45,1,0,0,0,0,0
XOM STK SMART,20150323,154225,85.44,1,0,0,0,0,0
XOM STK SMART,20150323,154232,85.47,1,0,0,0,0,0
XOM STK SMART,20150323,154247,85.47,2,0,0,0,0,0
XOM STK SMART,20150323,154248,85.48,1,0,0,0,0,0
XOM STK SMART,20150323,154303,85.47,2,0,0,0,0,0
XOM STK SMART,20150323,154309,85.46,1,0,0,0,0,0
XOM STK SMART,20150323,154325,85.47,1,0,0,0,0,0
XOM STK SMART,20150323,154331,85.46,1,0,0,0,0,0
XOM STK SMART,20150323,154415,85.46,1,0,0,0,0,0
XOM STK SMART,20150323,154422,85.47,1,0,0,0,0,0
XOM STK SMART,20150323,154436,85.46,1,0,0,0,0,0
XOM STK SMART,20150323,154439,85.47,1,0,0,0,0,0
XOM STK SMART,20150323,154451,85.47,1,0,0,0,0,0
XOM STK SMART,20150323,154500,85.46,1,0,0,0,0,0
XOM STK SMART,20150323,154514,85.47,1,0,0,0,0,0
XOM STK SMART,20150323,154526,85.46,1,0,0,0,0,0
XOM STK SMART,20150323,154531,85.46,1,0,0,0,0,0
XOM STK SMART,20150323,154546,85.48,1,0,0,0,0,0
XOM STK SMART,20150323,154556,85.47,1,0,0,0,0,0
XOM STK SMART,20150323,154615,85.47,1,0,0,0,0,0
XOM STK SMART,20150323,154644,85.48,1,0,0,0,0,0
XOM STK SMART,20150323,154659,85.47,1,0,0,0,0,0
XOM STK SMART,20150323,154731,85.49,1,0,0,0,0,0
XOM STK SMART,20150323,154745,85.48,1,0,0,0,0,0
XOM STK SMART,20150323,154757,85.48,1,0,0,0,0,0
XOM STK SMART,20150323,154804,85.47,1,0,0,0,0,0
XOM STK SMART,20150323,154813,85.46,1,0,0,0,0,0
XOM STK SMART,20150323,154840,85.47,1,0,0,0,0,0
XOM STK SMART,20150323,154906,85.5,1,0,0,0,0,0
XOM STK SMART,20150323,154911,85.52,4,0,0,0,0,0
XOM STK SMART,20150323,154918,85.53,1,0,0,0,0,0
XOM STK SMART,20150323,154936,85.49,1,0,0,0,0,0
XOM STK SMART,20150323,154942,85.49,1,0,0,0,0,0
XOM STK SMART,20150323,154956,85.47,1,0,0,0,0,0
XOM STK SMART,20150323,155007,85.47,1,0,0,0,0,0
XOM STK SMART,20150323,155013,85.46,1,0,0,0,0,0
XOM STK SMART,20150323,155028,85.47,1,0,0,0,0,0
XOM STK SMART,20150323,155056,85.46,1,0,0,0,0,0
XOM STK SMART,20150323,155103,85.47,1,0,0,0,0,0
XOM STK SMART,20150323,155115,85.47,1,0,0,0,0,0
XOM STK SMART,20150323,155124,85.47,1,0,0,0,0,0
XOM STK SMART,20150323,155133,85.46,1,0,0,0,0,0
XOM STK SMART,20150323,155200,85.46,1,0,0,0,0,0
XOM STK SMART,20150323,155217,85.46,2,0,0,0,0,0
XOM STK SMART,20150323,155218,85.46,1,0,0,0,0,0
XOM STK SMART,20150323,155237,85.45,1,0,0,0,0,0
XOM STK SMART,20150323,155245,85.45,1,0,0,0,0,0
XOM STK SMART,20150323,155254,85.48,1,0,0,0,0,0
XOM STK SMART,20150323,155303,85.48,1,0,0,0,0,0
XOM STK SMART,20150323,155323,85.49,1,0,0,0,0,0
XOM STK SMART,20150323,155334,85.47,1,0,0,0,0,0
XOM STK SMART,20150323,155346,85.45,1,0,0,0,0,0
XOM STK SMART,20150323,155357,85.47,9,0,0,0,0,0
XOM STK SMART,20150323,155405,85.46,1,0,0,0,0,0
XOM STK SMART,20150323,155416,85.47,1,0,0,0,0,0
XOM STK SMART,20150323,155421,85.46,1,0,0,0,0,0
XOM STK SMART,20150323,155436,85.46,1,0,0,0,0,0
XOM STK SMART,20150323,155445,85.46,1,0,0,0,0,0
XOM STK SMART,20150323,155457,85.47,1,0,0,0,0,0
XOM STK SMART,20150323,155506,85.47,1,0,0,0,0,0
XOM STK SMART,20150323,155517,85.47,2,0,0,0,0,0
XOM STK SMART,20150323,155527,85.47,2,0,0,0,0,0
XOM STK SMART,20150323,155537,85.47,2,0,0,0,0,0
XOM STK SMART,20150323,155546,85.49,1,0,0,0,0,0
XOM STK SMART,20150323,155557,85.49,1,0,0,0,0,0
XOM STK SMART,20150323,155606,85.47,1,0,0,0,0,0
XOM STK SMART,20150323,155616,85.47,1,0,0,0,0,0
XOM STK SMART,20150323,155628,85.47,1,0,0,0,0,0
XOM STK SMART,20150323,155635,85.45,1,0,0,0,0,0
XOM STK SMART,20150323,155644,85.43,1,0,0,0,0,0
XOM STK SMART,20150323,155657,85.42,1,0,0,0,0,0
XOM STK SMART,20150323,155706,85.42,1,0,0,0,0,0
XOM STK SMART,20150323,155717,85.39,2,0,0,0,0,0
XOM STK SMART,20150323,155723,85.38,1,0,0,0,0,0
XOM STK SMART,20150323,155737,85.37,1,0,0,0,0,0
XOM STK SMART,20150323,155747,85.38,1,0,0,0,0,0
XOM STK SMART,20150323,155758,85.37,1,0,0,0,0,0
XOM STK SMART,20150323,155800,85.36,1,0,0,0,0,0
XOM STK SMART,20150323,155817,85.37,1,0,0,0,0,0
XOM STK SMART,20150323,155827,85.36,1,0,0,0,0,0
XOM STK SMART,20150323,155837,85.36,1,0,0,0,0,0
XOM STK SMART,20150323,155847,85.35,1,0,0,0,0,0
XOM STK SMART,20150323,155857,85.41,1,0,0,0,0,0
XOM STK SMART,20150323,155907,85.41,1,0,0,0,0,0
XOM STK SMART,20150323,155916,85.38,1,0,0,0,0,0
XOM STK SMART,20150323,155927,85.38,1,0,0,0,0,0
XOM STK SMART,20150323,170853,85.5,3,0,0,0,0,0
