550                 
AAPL STK SMART,20150320,75944,127.97,2,0,0,0,0,0
AAPL STK SMART,20150320,80226,128,1,0,0,0,0,0
AAPL STK SMART,20150320,80323,128,10,0,0,0,0,0
AAPL STK SMART,20150320,80415,128.05,1,0,0,0,0,0
AAPL STK SMART,20150320,80531,128.02,10,0,0,0,0,0
AAPL STK SMART,20150320,80614,128.02,6,0,0,0,0,0
AAPL STK SMART,20150320,80640,128.03,2,0,0,0,0,0
AAPL STK SMART,20150320,80809,128.07,9,0,0,0,0,0
AAPL STK SMART,20150320,80928,128.1,1,0,0,0,0,0
AAPL STK SMART,20150320,81014,128.05,1,0,0,0,0,0
AAPL STK SMART,20150320,81217,128.05,5,0,0,0,0,0
AAPL STK SMART,20150320,81407,128,1,0,0,0,0,0
AAPL STK SMART,20150320,81522,127.96,3,0,0,0,0,0
AAPL STK SMART,20150320,81651,128,5,0,0,0,0,0
AAPL STK SMART,20150320,81824,128.14,9,0,0,0,0,0
AAPL STK SMART,20150320,81923,128.1,1,0,0,0,0,0
AAPL STK SMART,20150320,82125,128.12,1,0,0,0,0,0
AAPL STK SMART,20150320,82221,128.12,4,0,0,0,0,0
AAPL STK SMART,20150320,82334,128.12,1,0,0,0,0,0
AAPL STK SMART,20150320,82456,128.1,9,0,0,0,0,0
AAPL STK SMART,20150320,82607,128.09,1,0,0,0,0,0
AAPL STK SMART,20150320,82821,128.09,1,0,0,0,0,0
AAPL STK SMART,20150320,83100,128.12,6,0,0,0,0,0
AAPL STK SMART,20150320,83356,128.12,1,0,0,0,0,0
AAPL STK SMART,20150320,83911,128.14,11,0,0,0,0,0
AAPL STK SMART,20150320,83945,128.15,5,0,0,0,0,0
AAPL STK SMART,20150320,84119,128.15,18,0,0,0,0,0
AAPL STK SMART,20150320,84209,128.14,2,0,0,0,0,0
AAPL STK SMART,20150320,84322,128.11,1,0,0,0,0,0
AAPL STK SMART,20150320,84411,128.14,1,0,0,0,0,0
AAPL STK SMART,20150320,84516,128.14,1,0,0,0,0,0
AAPL STK SMART,20150320,84543,128.15,2,0,0,0,0,0
AAPL STK SMART,20150320,84650,128.17,2,0,0,0,0,0
AAPL STK SMART,20150320,84740,128.19,1,0,0,0,0,0
AAPL STK SMART,20150320,84926,128.25,1,0,0,0,0,0
AAPL STK SMART,20150320,84955,128.24,2,0,0,0,0,0
AAPL STK SMART,20150320,85133,128.2,2,0,0,0,0,0
AAPL STK SMART,20150320,85147,128.2,6,0,0,0,0,0
AAPL STK SMART,20150320,85334,128.22,1,0,0,0,0,0
AAPL STK SMART,20150320,85525,128.23,1,0,0,0,0,0
AAPL STK SMART,20150320,90238,128.22,1,0,0,0,0,0
AAPL STK SMART,20150320,90532,128.2,1,0,0,0,0,0
AAPL STK SMART,20150320,90602,128.13,3,0,0,0,0,0
AAPL STK SMART,20150320,90820,128.15,2,0,0,0,0,0
AAPL STK SMART,20150320,90900,128.14,1,0,0,0,0,0
AAPL STK SMART,20150320,91026,128.1,1,0,0,0,0,0
AAPL STK SMART,20150320,91118,128.07,1,0,0,0,0,0
AAPL STK SMART,20150320,91140,128.09,1,0,0,0,0,0
AAPL STK SMART,20150320,91327,128.1,1,0,0,0,0,0
AAPL STK SMART,20150320,91415,128.1,5,0,0,0,0,0
AAPL STK SMART,20150320,91611,128.14,2,0,0,0,0,0
AAPL STK SMART,20150320,91733,128.1,3,0,0,0,0,0
AAPL STK SMART,20150320,91757,128.07,1,0,0,0,0,0
AAPL STK SMART,20150320,91840,128.09,1,0,0,0,0,0
AAPL STK SMART,20150320,92002,128.1,2,0,0,0,0,0
AAPL STK SMART,20150320,92409,128.09,2,0,0,0,0,0
AAPL STK SMART,20150320,92502,128.01,1,0,0,0,0,0
AAPL STK SMART,20150320,92632,127.92,5,0,0,0,0,0
AAPL STK SMART,20150320,92733,127.92,1,0,0,0,0,0
AAPL STK SMART,20150320,92933,128.3,1,0,0,0,0,0
AAPL STK SMART,20150320,93033,128.15,1,0,0,0,0,0
AAPL STK SMART,20150320,93133,128.09,2,0,0,0,0,0
AAPL STK SMART,20150320,93233,128.12,1,0,0,0,0,0
AAPL STK SMART,20150320,93333,128.11,1,0,0,0,0,0
AAPL STK SMART,20150320,93433,128.2,1,0,0,0,0,0
AAPL STK SMART,20150320,93534,128.24,1,0,0,0,0,0
AAPL STK SMART,20150320,93634,128.04,1,0,0,0,0,0
AAPL STK SMART,20150320,93733,127.99,1,0,0,0,0,0
AAPL STK SMART,20150320,93833,127.88,1,0,0,0,0,0
AAPL STK SMART,20150320,93933,127.86,1,0,0,0,0,0
AAPL STK SMART,20150320,94033,127.81,1,0,0,0,0,0
AAPL STK SMART,20150320,94134,127.7,1,0,0,0,0,0
AAPL STK SMART,20150320,94233,127.72,1,0,0,0,0,0
AAPL STK SMART,20150320,94333,127.85,1,0,0,0,0,0
AAPL STK SMART,20150320,94433,127.83,1,0,0,0,0,0
AAPL STK SMART,20150320,94534,127.85,1,0,0,0,0,0
AAPL STK SMART,20150320,94634,128.09,1,0,0,0,0,0
AAPL STK SMART,20150320,94734,127.92,1,0,0,0,0,0
AAPL STK SMART,20150320,94831,127.81,1,0,0,0,0,0
AAPL STK SMART,20150320,94934,127.81,1,0,0,0,0,0
AAPL STK SMART,20150320,95034,127.96,2,0,0,0,0,0
AAPL STK SMART,20150320,95130,127.9,1,0,0,0,0,0
AAPL STK SMART,20150320,95234,127.84,1,0,0,0,0,0
AAPL STK SMART,20150320,95333,127.88,1,0,0,0,0,0
AAPL STK SMART,20150320,95432,127.91,1,0,0,0,0,0
AAPL STK SMART,20150320,95534,127.82,1,0,0,0,0,0
AAPL STK SMART,20150320,95632,127.96,1,0,0,0,0,0
AAPL STK SMART,20150320,95731,127.99,1,0,0,0,0,0
AAPL STK SMART,20150320,95833,127.85,1,0,0,0,0,0
AAPL STK SMART,20150320,95933,127.97,1,0,0,0,0,0
AAPL STK SMART,20150320,100034,127.94,1,0,0,0,0,0
AAPL STK SMART,20150320,100133,127.95,1,0,0,0,0,0
AAPL STK SMART,20150320,100233,127.92,1,0,0,0,0,0
AAPL STK SMART,20150320,100334,127.99,1,0,0,0,0,0
AAPL STK SMART,20150320,100433,127.95,1,0,0,0,0,0
AAPL STK SMART,20150320,100533,127.96,1,0,0,0,0,0
AAPL STK SMART,20150320,100632,127.93,1,0,0,0,0,0
AAPL STK SMART,20150320,100732,127.97,1,0,0,0,0,0
AAPL STK SMART,20150320,100834,127.84,6,0,0,0,0,0
AAPL STK SMART,20150320,100934,127.8,1,0,0,0,0,0
AAPL STK SMART,20150320,101029,127.84,1,0,0,0,0,0
AAPL STK SMART,20150320,101132,127.75,6,0,0,0,0,0
AAPL STK SMART,20150320,101231,127.83,1,0,0,0,0,0
AAPL STK SMART,20150320,101334,127.8,1,0,0,0,0,0
AAPL STK SMART,20150320,101434,127.74,1,0,0,0,0,0
AAPL STK SMART,20150320,101533,127.8,1,0,0,0,0,0
AAPL STK SMART,20150320,101634,127.82,4,0,0,0,0,0
AAPL STK SMART,20150320,101731,127.84,1,0,0,0,0,0
AAPL STK SMART,20150320,101834,127.9,5,0,0,0,0,0
AAPL STK SMART,20150320,101933,127.87,1,0,0,0,0,0
AAPL STK SMART,20150320,102031,127.86,1,0,0,0,0,0
AAPL STK SMART,20150320,102134,127.83,5,0,0,0,0,0
AAPL STK SMART,20150320,102228,127.8,1,0,0,0,0,0
AAPL STK SMART,20150320,102333,127.84,1,0,0,0,0,0
AAPL STK SMART,20150320,102427,127.84,1,0,0,0,0,0
AAPL STK SMART,20150320,102534,127.75,10,0,0,0,0,0
AAPL STK SMART,20150320,102632,127.72,1,0,0,0,0,0
AAPL STK SMART,20150320,102734,127.82,1,0,0,0,0,0
AAPL STK SMART,20150320,102833,127.85,1,0,0,0,0,0
AAPL STK SMART,20150320,102934,127.85,1,0,0,0,0,0
AAPL STK SMART,20150320,103032,127.85,1,0,0,0,0,0
AAPL STK SMART,20150320,103134,127.88,1,0,0,0,0,0
AAPL STK SMART,20150320,103232,127.99,1,0,0,0,0,0
AAPL STK SMART,20150320,103334,127.92,8,0,0,0,0,0
AAPL STK SMART,20150320,103434,127.94,1,0,0,0,0,0
AAPL STK SMART,20150320,103529,127.92,1,0,0,0,0,0
AAPL STK SMART,20150320,103634,127.96,1,0,0,0,0,0
AAPL STK SMART,20150320,103732,127.96,1,0,0,0,0,0
AAPL STK SMART,20150320,103834,127.86,1,0,0,0,0,0
AAPL STK SMART,20150320,103933,127.81,1,0,0,0,0,0
AAPL STK SMART,20150320,104034,127.88,1,0,0,0,0,0
AAPL STK SMART,20150320,104133,127.86,1,0,0,0,0,0
AAPL STK SMART,20150320,104234,127.79,1,0,0,0,0,0
AAPL STK SMART,20150320,104331,127.86,1,0,0,0,0,0
AAPL STK SMART,20150320,104432,127.83,1,0,0,0,0,0
AAPL STK SMART,20150320,104534,127.91,1,0,0,0,0,0
AAPL STK SMART,20150320,104631,127.9,1,0,0,0,0,0
AAPL STK SMART,20150320,104734,127.83,1,0,0,0,0,0
AAPL STK SMART,20150320,104828,127.85,1,0,0,0,0,0
AAPL STK SMART,20150320,104934,127.82,1,0,0,0,0,0
AAPL STK SMART,20150320,105034,127.88,1,0,0,0,0,0
AAPL STK SMART,20150320,105125,127.84,1,0,0,0,0,0
AAPL STK SMART,20150320,105235,127.83,1,0,0,0,0,0
AAPL STK SMART,20150320,105323,127.84,1,0,0,0,0,0
AAPL STK SMART,20150320,105434,127.79,2,0,0,0,0,0
AAPL STK SMART,20150320,105534,127.78,1,0,0,0,0,0
AAPL STK SMART,20150320,105634,127.84,1,0,0,0,0,0
AAPL STK SMART,20150320,105733,127.81,1,0,0,0,0,0
AAPL STK SMART,20150320,105835,127.73,1,0,0,0,0,0
AAPL STK SMART,20150320,105935,127.77,1,0,0,0,0,0
AAPL STK SMART,20150320,110034,127.82,1,0,0,0,0,0
AAPL STK SMART,20150320,110133,127.82,1,0,0,0,0,0
AAPL STK SMART,20150320,110234,127.82,1,0,0,0,0,0
AAPL STK SMART,20150320,110324,127.8,1,0,0,0,0,0
AAPL STK SMART,20150320,110435,127.85,1,0,0,0,0,0
AAPL STK SMART,20150320,110533,127.82,1,0,0,0,0,0
AAPL STK SMART,20150320,110633,127.81,1,0,0,0,0,0
AAPL STK SMART,20150320,110735,127.83,1,0,0,0,0,0
AAPL STK SMART,20150320,110806,127.79,1,0,0,0,0,0
AAPL STK SMART,20150320,110934,127.83,1,0,0,0,0,0
AAPL STK SMART,20150320,111033,127.85,2,0,0,0,0,0
AAPL STK SMART,20150320,111135,127.92,1,0,0,0,0,0
AAPL STK SMART,20150320,111229,127.85,1,0,0,0,0,0
AAPL STK SMART,20150320,111330,127.86,1,0,0,0,0,0
AAPL STK SMART,20150320,111430,127.89,1,0,0,0,0,0
AAPL STK SMART,20150320,111535,127.94,2,0,0,0,0,0
AAPL STK SMART,20150320,111633,127.9,1,0,0,0,0,0
AAPL STK SMART,20150320,111734,127.88,1,0,0,0,0,0
AAPL STK SMART,20150320,111829,127.86,1,0,0,0,0,0
AAPL STK SMART,20150320,111929,127.85,1,0,0,0,0,0
AAPL STK SMART,20150320,112035,127.85,1,0,0,0,0,0
AAPL STK SMART,20150320,112135,127.86,1,0,0,0,0,0
AAPL STK SMART,20150320,112235,127.83,2,0,0,0,0,0
AAPL STK SMART,20150320,112326,127.87,1,0,0,0,0,0
AAPL STK SMART,20150320,112433,127.94,1,0,0,0,0,0
AAPL STK SMART,20150320,112527,127.92,1,0,0,0,0,0
AAPL STK SMART,20150320,112632,127.9,1,0,0,0,0,0
AAPL STK SMART,20150320,112735,127.94,1,0,0,0,0,0
AAPL STK SMART,20150320,112831,127.96,1,0,0,0,0,0
AAPL STK SMART,20150320,112935,127.93,1,0,0,0,0,0
AAPL STK SMART,20150320,113030,127.94,1,0,0,0,0,0
AAPL STK SMART,20150320,113131,127.95,1,0,0,0,0,0
AAPL STK SMART,20150320,113235,127.92,1,0,0,0,0,0
AAPL STK SMART,20150320,113326,127.9,1,0,0,0,0,0
AAPL STK SMART,20150320,113435,127.89,2,0,0,0,0,0
AAPL STK SMART,20150320,113529,127.88,1,0,0,0,0,0
AAPL STK SMART,20150320,113624,127.85,1,0,0,0,0,0
AAPL STK SMART,20150320,113735,127.84,1,0,0,0,0,0
AAPL STK SMART,20150320,113831,127.86,1,0,0,0,0,0
AAPL STK SMART,20150320,113934,127.86,6,0,0,0,0,0
AAPL STK SMART,20150320,114032,127.84,1,0,0,0,0,0
AAPL STK SMART,20150320,114135,127.78,3,0,0,0,0,0
AAPL STK SMART,20150320,114235,127.8,1,0,0,0,0,0
AAPL STK SMART,20150320,114324,127.77,1,0,0,0,0,0
AAPL STK SMART,20150320,114410,127.78,1,0,0,0,0,0
AAPL STK SMART,20150320,114524,127.77,1,0,0,0,0,0
AAPL STK SMART,20150320,114634,127.82,1,0,0,0,0,0
AAPL STK SMART,20150320,114733,127.77,1,0,0,0,0,0
AAPL STK SMART,20150320,114834,127.78,1,0,0,0,0,0
AAPL STK SMART,20150320,114933,127.78,1,0,0,0,0,0
AAPL STK SMART,20150320,115024,127.8,1,0,0,0,0,0
AAPL STK SMART,20150320,115135,127.83,3,0,0,0,0,0
AAPL STK SMART,20150320,115232,127.85,1,0,0,0,0,0
AAPL STK SMART,20150320,115334,127.77,1,0,0,0,0,0
AAPL STK SMART,20150320,115435,127.72,1,0,0,0,0,0
AAPL STK SMART,20150320,115536,127.69,1,0,0,0,0,0
AAPL STK SMART,20150320,115633,127.68,1,0,0,0,0,0
AAPL STK SMART,20150320,115735,127.57,1,0,0,0,0,0
AAPL STK SMART,20150320,115832,127.64,1,0,0,0,0,0
AAPL STK SMART,20150320,115936,127.6,1,0,0,0,0,0
AAPL STK SMART,20150320,120030,127.65,1,0,0,0,0,0
AAPL STK SMART,20150320,120135,127.62,1,0,0,0,0,0
AAPL STK SMART,20150320,120235,127.67,1,0,0,0,0,0
AAPL STK SMART,20150320,120330,127.67,4,0,0,0,0,0
AAPL STK SMART,20150320,120428,127.69,1,0,0,0,0,0
AAPL STK SMART,20150320,120534,127.68,1,0,0,0,0,0
AAPL STK SMART,20150320,120635,127.67,2,0,0,0,0,0
AAPL STK SMART,20150320,120731,127.71,1,0,0,0,0,0
AAPL STK SMART,20150320,120832,127.68,2,0,0,0,0,0
AAPL STK SMART,20150320,120927,127.71,1,0,0,0,0,0
AAPL STK SMART,20150320,121033,127.72,1,0,0,0,0,0
AAPL STK SMART,20150320,121133,127.73,1,0,0,0,0,0
AAPL STK SMART,20150320,121226,127.8,1,0,0,0,0,0
AAPL STK SMART,20150320,121331,127.74,1,0,0,0,0,0
AAPL STK SMART,20150320,121433,127.74,1,0,0,0,0,0
AAPL STK SMART,20150320,121534,127.76,1,0,0,0,0,0
AAPL STK SMART,20150320,121634,127.75,1,0,0,0,0,0
AAPL STK SMART,20150320,121731,127.79,1,0,0,0,0,0
AAPL STK SMART,20150320,121835,127.82,1,0,0,0,0,0
AAPL STK SMART,20150320,121933,127.78,1,0,0,0,0,0
AAPL STK SMART,20150320,122032,127.78,1,0,0,0,0,0
AAPL STK SMART,20150320,122131,127.76,1,0,0,0,0,0
AAPL STK SMART,20150320,122231,127.75,1,0,0,0,0,0
AAPL STK SMART,20150320,122325,127.74,1,0,0,0,0,0
AAPL STK SMART,20150320,122436,127.76,2,0,0,0,0,0
AAPL STK SMART,20150320,122533,127.74,1,0,0,0,0,0
AAPL STK SMART,20150320,122628,127.73,1,0,0,0,0,0
AAPL STK SMART,20150320,122730,127.74,1,0,0,0,0,0
AAPL STK SMART,20150320,122834,127.7,1,0,0,0,0,0
AAPL STK SMART,20150320,122932,127.71,1,0,0,0,0,0
AAPL STK SMART,20150320,123036,127.74,1,0,0,0,0,0
AAPL STK SMART,20150320,123129,127.78,1,0,0,0,0,0
AAPL STK SMART,20150320,123229,127.75,1,0,0,0,0,0
AAPL STK SMART,20150320,123333,127.72,1,0,0,0,0,0
AAPL STK SMART,20150320,123432,127.69,1,0,0,0,0,0
AAPL STK SMART,20150320,123535,127.74,1,0,0,0,0,0
AAPL STK SMART,20150320,123629,127.71,1,0,0,0,0,0
AAPL STK SMART,20150320,123732,127.7,1,0,0,0,0,0
AAPL STK SMART,20150320,123827,127.69,1,0,0,0,0,0
AAPL STK SMART,20150320,123935,127.68,1,0,0,0,0,0
AAPL STK SMART,20150320,124032,127.74,1,0,0,0,0,0
AAPL STK SMART,20150320,124134,127.71,1,0,0,0,0,0
AAPL STK SMART,20150320,124232,127.75,1,0,0,0,0,0
AAPL STK SMART,20150320,124315,127.76,1,0,0,0,0,0
AAPL STK SMART,20150320,124431,127.79,1,0,0,0,0,0
AAPL STK SMART,20150320,124525,127.76,1,0,0,0,0,0
AAPL STK SMART,20150320,124635,127.69,2,0,0,0,0,0
AAPL STK SMART,20150320,124736,127.69,4,0,0,0,0,0
AAPL STK SMART,20150320,124831,127.7,1,0,0,0,0,0
AAPL STK SMART,20150320,124935,127.72,1,0,0,0,0,0
AAPL STK SMART,20150320,125036,127.71,1,0,0,0,0,0
AAPL STK SMART,20150320,125136,127.7,1,0,0,0,0,0
AAPL STK SMART,20150320,125235,127.83,12,0,0,0,0,0
AAPL STK SMART,20150320,125334,127.81,1,0,0,0,0,0
AAPL STK SMART,20150320,125429,127.81,1,0,0,0,0,0
AAPL STK SMART,20150320,125535,127.8,1,0,0,0,0,0
AAPL STK SMART,20150320,125631,127.79,1,0,0,0,0,0
AAPL STK SMART,20150320,125733,127.81,1,0,0,0,0,0
AAPL STK SMART,20150320,125836,127.76,1,0,0,0,0,0
AAPL STK SMART,20150320,125935,127.77,1,0,0,0,0,0
AAPL STK SMART,20150320,130029,127.77,1,0,0,0,0,0
AAPL STK SMART,20150320,130131,127.86,1,0,0,0,0,0
AAPL STK SMART,20150320,130236,127.91,1,0,0,0,0,0
AAPL STK SMART,20150320,130322,127.91,1,0,0,0,0,0
AAPL STK SMART,20150320,130432,127.95,1,0,0,0,0,0
AAPL STK SMART,20150320,130525,127.94,2,0,0,0,0,0
AAPL STK SMART,20150320,130633,127.93,1,0,0,0,0,0
AAPL STK SMART,20150320,130735,127.9,1,0,0,0,0,0
AAPL STK SMART,20150320,130834,127.92,1,0,0,0,0,0
AAPL STK SMART,20150320,130929,127.9,1,0,0,0,0,0
AAPL STK SMART,20150320,131036,127.87,1,0,0,0,0,0
AAPL STK SMART,20150320,131129,127.86,1,0,0,0,0,0
AAPL STK SMART,20150320,131235,127.86,1,0,0,0,0,0
AAPL STK SMART,20150320,131334,127.87,1,0,0,0,0,0
AAPL STK SMART,20150320,131436,127.86,1,0,0,0,0,0
AAPL STK SMART,20150320,131531,127.92,1,0,0,0,0,0
AAPL STK SMART,20150320,131628,127.94,1,0,0,0,0,0
AAPL STK SMART,20150320,131737,127.96,1,0,0,0,0,0
AAPL STK SMART,20150320,131832,127.99,3,0,0,0,0,0
AAPL STK SMART,20150320,131930,127.99,1,0,0,0,0,0
AAPL STK SMART,20150320,132036,128.01,1,0,0,0,0,0
AAPL STK SMART,20150320,132134,127.99,1,0,0,0,0,0
AAPL STK SMART,20150320,132234,127.98,1,0,0,0,0,0
AAPL STK SMART,20150320,132328,127.97,1,0,0,0,0,0
AAPL STK SMART,20150320,132433,127.99,1,0,0,0,0,0
AAPL STK SMART,20150320,132532,127.98,1,0,0,0,0,0
AAPL STK SMART,20150320,132637,127.97,1,0,0,0,0,0
AAPL STK SMART,20150320,132736,127.96,1,0,0,0,0,0
AAPL STK SMART,20150320,132836,127.99,1,0,0,0,0,0
AAPL STK SMART,20150320,132927,127.98,1,0,0,0,0,0
AAPL STK SMART,20150320,133036,128.1,1,0,0,0,0,0
AAPL STK SMART,20150320,133136,128.1,1,0,0,0,0,0
AAPL STK SMART,20150320,133227,128.02,1,0,0,0,0,0
AAPL STK SMART,20150320,133336,128.05,1,0,0,0,0,0
AAPL STK SMART,20150320,133434,128.05,1,0,0,0,0,0
AAPL STK SMART,20150320,133537,128.02,1,0,0,0,0,0
AAPL STK SMART,20150320,133626,128.05,1,0,0,0,0,0
AAPL STK SMART,20150320,133734,128.01,1,0,0,0,0,0
AAPL STK SMART,20150320,133835,128.03,1,0,0,0,0,0
AAPL STK SMART,20150320,133937,127.99,1,0,0,0,0,0
AAPL STK SMART,20150320,134031,128.02,1,0,0,0,0,0
AAPL STK SMART,20150320,134134,128.03,1,0,0,0,0,0
AAPL STK SMART,20150320,134233,128.02,1,0,0,0,0,0
AAPL STK SMART,20150320,134336,127.99,1,0,0,0,0,0
AAPL STK SMART,20150320,134434,128.02,1,0,0,0,0,0
AAPL STK SMART,20150320,134530,128.02,1,0,0,0,0,0
AAPL STK SMART,20150320,134636,128.01,1,0,0,0,0,0
AAPL STK SMART,20150320,134737,128.03,1,0,0,0,0,0
AAPL STK SMART,20150320,134833,128.02,1,0,0,0,0,0
AAPL STK SMART,20150320,134934,128.02,1,0,0,0,0,0
AAPL STK SMART,20150320,135013,127.99,1,0,0,0,0,0
AAPL STK SMART,20150320,135131,128.01,1,0,0,0,0,0
AAPL STK SMART,20150320,135234,128,1,0,0,0,0,0
AAPL STK SMART,20150320,135333,127.98,5,0,0,0,0,0
AAPL STK SMART,20150320,135437,127.93,1,0,0,0,0,0
AAPL STK SMART,20150320,135528,127.95,1,0,0,0,0,0
AAPL STK SMART,20150320,135636,127.93,1,0,0,0,0,0
AAPL STK SMART,20150320,135733,127.94,1,0,0,0,0,0
AAPL STK SMART,20150320,135837,127.98,1,0,0,0,0,0
AAPL STK SMART,20150320,135932,127.95,1,0,0,0,0,0
AAPL STK SMART,20150320,140031,127.98,1,0,0,0,0,0
AAPL STK SMART,20150320,140137,127.97,2,0,0,0,0,0
AAPL STK SMART,20150320,140236,127.98,1,0,0,0,0,0
AAPL STK SMART,20150320,140329,127.98,1,0,0,0,0,0
AAPL STK SMART,20150320,140433,127.98,1,0,0,0,0,0
AAPL STK SMART,20150320,140533,127.98,1,0,0,0,0,0
AAPL STK SMART,20150320,140637,127.97,1,0,0,0,0,0
AAPL STK SMART,20150320,140737,128,1,0,0,0,0,0
AAPL STK SMART,20150320,140837,127.97,1,0,0,0,0,0
AAPL STK SMART,20150320,140937,127.94,1,0,0,0,0,0
AAPL STK SMART,20150320,141028,127.89,1,0,0,0,0,0
AAPL STK SMART,20150320,141137,127.84,1,0,0,0,0,0
AAPL STK SMART,20150320,141237,127.83,1,0,0,0,0,0
AAPL STK SMART,20150320,141337,127.81,1,0,0,0,0,0
AAPL STK SMART,20150320,141434,127.85,1,0,0,0,0,0
AAPL STK SMART,20150320,141534,127.84,1,0,0,0,0,0
AAPL STK SMART,20150320,141637,127.83,1,0,0,0,0,0
AAPL STK SMART,20150320,141737,127.84,2,0,0,0,0,0
AAPL STK SMART,20150320,141833,127.83,1,0,0,0,0,0
AAPL STK SMART,20150320,141938,127.84,1,0,0,0,0,0
AAPL STK SMART,20150320,142037,127.83,2,0,0,0,0,0
AAPL STK SMART,20150320,142137,127.86,2,0,0,0,0,0
AAPL STK SMART,20150320,142235,127.87,1,0,0,0,0,0
AAPL STK SMART,20150320,142334,127.86,1,0,0,0,0,0
AAPL STK SMART,20150320,142436,127.89,4,0,0,0,0,0
AAPL STK SMART,20150320,142537,127.81,2,0,0,0,0,0
AAPL STK SMART,20150320,142633,127.85,2,0,0,0,0,0
AAPL STK SMART,20150320,142737,127.88,2,0,0,0,0,0
AAPL STK SMART,20150320,142837,127.87,1,0,0,0,0,0
AAPL STK SMART,20150320,142932,127.9,1,0,0,0,0,0
AAPL STK SMART,20150320,143037,127.88,1,0,0,0,0,0
AAPL STK SMART,20150320,143134,127.9,1,0,0,0,0,0
AAPL STK SMART,20150320,143238,127.91,1,0,0,0,0,0
AAPL STK SMART,20150320,143330,127.93,1,0,0,0,0,0
AAPL STK SMART,20150320,143432,127.96,1,0,0,0,0,0
AAPL STK SMART,20150320,143529,127.99,1,0,0,0,0,0
AAPL STK SMART,20150320,143636,128.02,1,0,0,0,0,0
AAPL STK SMART,20150320,143733,128.01,1,0,0,0,0,0
AAPL STK SMART,20150320,143836,128.02,1,0,0,0,0,0
AAPL STK SMART,20150320,143934,128.02,1,0,0,0,0,0
AAPL STK SMART,20150320,144033,128.02,1,0,0,0,0,0
AAPL STK SMART,20150320,144136,127.99,1,0,0,0,0,0
AAPL STK SMART,20150320,144236,128.04,1,0,0,0,0,0
AAPL STK SMART,20150320,144338,128.03,1,0,0,0,0,0
AAPL STK SMART,20150320,144435,128.05,1,0,0,0,0,0
AAPL STK SMART,20150320,144538,128.02,1,0,0,0,0,0
AAPL STK SMART,20150320,144628,128,1,0,0,0,0,0
AAPL STK SMART,20150320,144735,127.98,1,0,0,0,0,0
AAPL STK SMART,20150320,144838,128,3,0,0,0,0,0
AAPL STK SMART,20150320,144938,128.03,1,0,0,0,0,0
AAPL STK SMART,20150320,145036,128.02,1,0,0,0,0,0
AAPL STK SMART,20150320,145133,128,2,0,0,0,0,0
AAPL STK SMART,20150320,145230,128.02,1,0,0,0,0,0
AAPL STK SMART,20150320,145334,128.02,1,0,0,0,0,0
AAPL STK SMART,20150320,145437,128,1,0,0,0,0,0
AAPL STK SMART,20150320,145538,128.04,17,0,0,0,0,0
AAPL STK SMART,20150320,145632,128.03,1,0,0,0,0,0
AAPL STK SMART,20150320,145736,128.02,1,0,0,0,0,0
AAPL STK SMART,20150320,145829,128.04,1,0,0,0,0,0
AAPL STK SMART,20150320,145938,128.08,2,0,0,0,0,0
AAPL STK SMART,20150320,150037,128.06,1,0,0,0,0,0
AAPL STK SMART,20150320,150138,128.07,1,0,0,0,0,0
AAPL STK SMART,20150320,150235,128.1,1,0,0,0,0,0
AAPL STK SMART,20150320,150337,128.03,1,0,0,0,0,0
AAPL STK SMART,20150320,150426,128.05,1,0,0,0,0,0
AAPL STK SMART,20150320,150538,128.1,4,0,0,0,0,0
AAPL STK SMART,20150320,150629,128.08,1,0,0,0,0,0
AAPL STK SMART,20150320,150729,128.05,1,0,0,0,0,0
AAPL STK SMART,20150320,150837,128.04,1,0,0,0,0,0
AAPL STK SMART,20150320,150935,128.03,1,0,0,0,0,0
AAPL STK SMART,20150320,151038,128.07,1,0,0,0,0,0
AAPL STK SMART,20150320,151124,128.06,1,0,0,0,0,0
AAPL STK SMART,20150320,151229,128.07,1,0,0,0,0,0
AAPL STK SMART,20150320,151335,128.04,1,0,0,0,0,0
AAPL STK SMART,20150320,151438,127.99,2,0,0,0,0,0
AAPL STK SMART,20150320,151536,127.98,1,0,0,0,0,0
AAPL STK SMART,20150320,151633,127.97,1,0,0,0,0,0
AAPL STK SMART,20150320,151732,127.89,1,0,0,0,0,0
AAPL STK SMART,20150320,151838,127.86,2,0,0,0,0,0
AAPL STK SMART,20150320,151934,127.86,1,0,0,0,0,0
AAPL STK SMART,20150320,152034,127.8,1,0,0,0,0,0
AAPL STK SMART,20150320,152138,127.79,1,0,0,0,0,0
AAPL STK SMART,20150320,152238,127.75,1,0,0,0,0,0
AAPL STK SMART,20150320,152338,127.76,3,0,0,0,0,0
AAPL STK SMART,20150320,152438,127.82,1,0,0,0,0,0
AAPL STK SMART,20150320,152534,127.8,1,0,0,0,0,0
AAPL STK SMART,20150320,152633,127.71,1,0,0,0,0,0
AAPL STK SMART,20150320,152734,127.76,1,0,0,0,0,0
AAPL STK SMART,20150320,152838,127.79,4,0,0,0,0,0
AAPL STK SMART,20150320,152936,127.78,1,0,0,0,0,0
AAPL STK SMART,20150320,153034,127.89,1,0,0,0,0,0
AAPL STK SMART,20150320,153137,127.85,1,0,0,0,0,0
AAPL STK SMART,20150320,153237,127.81,1,0,0,0,0,0
AAPL STK SMART,20150320,153335,127.82,1,0,0,0,0,0
AAPL STK SMART,20150320,153439,127.83,1,0,0,0,0,0
AAPL STK SMART,20150320,153537,127.77,1,0,0,0,0,0
AAPL STK SMART,20150320,153638,127.7,1,0,0,0,0,0
AAPL STK SMART,20150320,153738,127.82,2,0,0,0,0,0
AAPL STK SMART,20150320,153836,127.8,1,0,0,0,0,0
AAPL STK SMART,20150320,153935,127.85,4,0,0,0,0,0
AAPL STK SMART,20150320,154037,127.85,1,0,0,0,0,0
AAPL STK SMART,20150320,154137,127.84,1,0,0,0,0,0
AAPL STK SMART,20150320,154238,127.81,1,0,0,0,0,0
AAPL STK SMART,20150320,154337,127.81,1,0,0,0,0,0
AAPL STK SMART,20150320,154438,127.82,1,0,0,0,0,0
AAPL STK SMART,20150320,154539,127.78,2,0,0,0,0,0
AAPL STK SMART,20150320,154638,127.79,1,0,0,0,0,0
AAPL STK SMART,20150320,154737,127.81,1,0,0,0,0,0
AAPL STK SMART,20150320,154838,127.75,1,0,0,0,0,0
AAPL STK SMART,20150320,154938,127.51,1,0,0,0,0,0
AAPL STK SMART,20150320,155039,127.31,8,0,0,0,0,0
AAPL STK SMART,20150320,155138,127.18,2,0,0,0,0,0
AAPL STK SMART,20150320,155239,127.26,2,0,0,0,0,0
AAPL STK SMART,20150320,155338,127.03,1,0,0,0,0,0
AAPL STK SMART,20150320,155439,126.97,4,0,0,0,0,0
AAPL STK SMART,20150320,155538,126.93,1,0,0,0,0,0
AAPL STK SMART,20150320,155638,126.9,1,0,0,0,0,0
AAPL STK SMART,20150320,155739,126.83,4,0,0,0,0,0
AAPL STK SMART,20150320,155839,126.77,4,0,0,0,0,0
AAPL STK SMART,20150320,155937,126.51,5,0,0,0,0,0
AAPL STK SMART,20150320,160038,126.92,8,0,0,0,0,0
AAPL STK SMART,20150320,160129,127.01,17,0,0,0,0,0
AAPL STK SMART,20150320,160229,126.86,1,0,0,0,0,0
AAPL STK SMART,20150320,160328,126.9,2,0,0,0,0,0
AAPL STK SMART,20150320,160439,126.86,20,0,0,0,0,0
AAPL STK SMART,20150320,160536,126.82,1,0,0,0,0,0
AAPL STK SMART,20150320,160629,126.75,1,0,0,0,0,0
AAPL STK SMART,20150320,160735,126.82,1,0,0,0,0,0
AAPL STK SMART,20150320,160835,126.75,1,0,0,0,0,0
AAPL STK SMART,20150320,160917,126.71,2,0,0,0,0,0
AAPL STK SMART,20150320,161033,126.65,1,0,0,0,0,0
AAPL STK SMART,20150320,161135,126.61,1,0,0,0,0,0
AAPL STK SMART,20150320,161217,126.72,5,0,0,0,0,0
AAPL STK SMART,20150320,161314,126.81,4,0,0,0,0,0
AAPL STK SMART,20150320,161429,126.67,1,0,0,0,0,0
AAPL STK SMART,20150320,161537,126.61,7,0,0,0,0,0
AAPL STK SMART,20150320,161543,126.59,6,0,0,0,0,0
AAPL STK SMART,20150320,161711,126.6,5,0,0,0,0,0
AAPL STK SMART,20150320,161831,126.5,1,0,0,0,0,0
AAPL STK SMART,20150320,161930,126.5,10,0,0,0,0,0
AAPL STK SMART,20150320,162039,126.65,1,0,0,0,0,0
AAPL STK SMART,20150320,162130,126.5,1,0,0,0,0,0
AAPL STK SMART,20150320,162235,126.5,1,0,0,0,0,0
AAPL STK SMART,20150320,162334,126.59,2,0,0,0,0,0
AAPL STK SMART,20150320,162431,126.5,17,0,0,0,0,0
AAPL STK SMART,20150320,162512,126.5,2,0,0,0,0,0
AAPL STK SMART,20150320,162638,126.5,1,0,0,0,0,0
AAPL STK SMART,20150320,162739,126.47,2,0,0,0,0,0
AAPL STK SMART,20150320,162817,126.46,1,0,0,0,0,0
AAPL STK SMART,20150320,162932,126.55,10,0,0,0,0,0
AAPL STK SMART,20150320,163031,126.56,1,0,0,0,0,0
AAPL STK SMART,20150320,163228,126.51,3,0,0,0,0,0
AAPL STK SMART,20150320,163320,126.52,1,0,0,0,0,0
AAPL STK SMART,20150320,163439,126.46,5,0,0,0,0,0
AAPL STK SMART,20150320,163522,126.47,1,0,0,0,0,0
AAPL STK SMART,20150320,163628,126.53,1,0,0,0,0,0
AAPL STK SMART,20150320,163736,126.5,1,0,0,0,0,0
AAPL STK SMART,20150320,163833,126.46,1,0,0,0,0,0
AAPL STK SMART,20150320,163908,126.53,1,0,0,0,0,0
AAPL STK SMART,20150320,164002,126.5,5,0,0,0,0,0
AAPL STK SMART,20150320,164135,126.48,1,0,0,0,0,0
AAPL STK SMART,20150320,164231,126.49,1,0,0,0,0,0
AAPL STK SMART,20150320,164316,126.55,10,0,0,0,0,0
AAPL STK SMART,20150320,164401,126.49,1,0,0,0,0,0
AAPL STK SMART,20150320,164530,126.5,1,0,0,0,0,0
AAPL STK SMART,20150320,164614,126.5,2,0,0,0,0,0
AAPL STK SMART,20150320,164934,126.49,1,0,0,0,0,0
AAPL STK SMART,20150320,165038,126.51,1,0,0,0,0,0
AAPL STK SMART,20150320,165113,126.53,8,0,0,0,0,0
AAPL STK SMART,20150320,165149,126.55,5,0,0,0,0,0
AAPL STK SMART,20150320,165355,126.51,1,0,0,0,0,0
AAPL STK SMART,20150320,165530,126.54,10,0,0,0,0,0
AAPL STK SMART,20150320,165636,126.54,6,0,0,0,0,0
AAPL STK SMART,20150320,165719,126.5,1,0,0,0,0,0
AAPL STK SMART,20150320,165749,126.54,1,0,0,0,0,0
AAPL STK SMART,20150320,165923,126.55,1,0,0,0,0,0
AAPL STK SMART,20150320,165946,126.52,8,0,0,0,0,0
AAPL STK SMART,20150320,170135,126.55,2,0,0,0,0,0
AAPL STK SMART,20150320,170234,126.55,2,0,0,0,0,0
AAPL STK SMART,20150320,170337,126.59,1,0,0,0,0,0
AAPL STK SMART,20150320,170420,126.6,5,0,0,0,0,0
AAPL STK SMART,20150320,170618,126.65,5,0,0,0,0,0
AAPL STK SMART,20150320,170739,126.64,5,0,0,0,0,0
AAPL STK SMART,20150320,170812,126.67,1,0,0,0,0,0
AAPL STK SMART,20150320,170934,126.64,3,0,0,0,0,0
AAPL STK SMART,20150320,170950,126.64,1,0,0,0,0,0
AAPL STK SMART,20150320,171240,126.58,2,0,0,0,0,0
AAPL STK SMART,20150320,171309,126.54,2,0,0,0,0,0
AAPL STK SMART,20150320,171437,126.62,2,0,0,0,0,0
AAPL STK SMART,20150320,171635,126.59,1,0,0,0,0,0
AAPL STK SMART,20150320,171818,126.59,2,0,0,0,0,0
AAPL STK SMART,20150320,171931,126.51,4,0,0,0,0,0
AAPL STK SMART,20150320,172024,126.59,8,0,0,0,0,0
AAPL STK SMART,20150320,172116,126.54,1,0,0,0,0,0
AAPL STK SMART,20150320,172151,126.6,2,0,0,0,0,0
AAPL STK SMART,20150320,172329,126.58,3,0,0,0,0,0
AAPL STK SMART,20150320,172356,126.57,1,0,0,0,0,0
AAPL STK SMART,20150320,172628,126.53,1,0,0,0,0,0
AAPL STK SMART,20150320,173412,126.51,5,0,0,0,0,0
AAPL STK SMART,20150320,173621,126.58,8,0,0,0,0,0
AAPL STK SMART,20150320,174649,126.57,2,0,0,0,0,0
AAPL STK SMART,20150320,174936,126.53,4,0,0,0,0,0
AAPL STK SMART,20150320,174949,126.52,4,0,0,0,0,0
AAPL STK SMART,20150320,175253,126.51,2,0,0,0,0,0
AAPL STK SMART,20150320,180125,126.5,2,0,0,0,0,0
AAPL STK SMART,20150320,180324,126.5,1,0,0,0,0,0
AAPL STK SMART,20150320,180346,126.48,3,0,0,0,0,0
AAPL STK SMART,20150320,181031,126.52,2,0,0,0,0,0
AAPL STK SMART,20150320,181055,126.51,6,0,0,0,0,0
AAPL STK SMART,20150320,181417,126.48,1,0,0,0,0,0
AAPL STK SMART,20150320,181549,126.47,1,0,0,0,0,0
AAPL STK SMART,20150320,181936,126.45,1,0,0,0,0,0
AAPL STK SMART,20150320,182326,126.5,8,0,0,0,0,0
AAPL STK SMART,20150320,182428,126.49,1,0,0,0,0,0
AAPL STK SMART,20150320,182505,126.48,1,0,0,0,0,0
AAPL STK SMART,20150320,182550,126.45,1,0,0,0,0,0
AAPL STK SMART,20150320,182733,126.42,2,0,0,0,0,0
AAPL STK SMART,20150320,182800,126.46,5,0,0,0,0,0
AAPL STK SMART,20150320,183700,126.45,1,0,0,0,0,0
AAPL STK SMART,20150320,183803,126.42,1,0,0,0,0,0
