250                 
CLJ5 FUT NYMEX 1000,20150320,71605,43.38,6,0,0,0,0,0
CLJ5 FUT NYMEX 1000,20150320,71830,43.31,2,0,0,0,0,0
CLJ5 FUT NYMEX 1000,20150320,72244,43.42,1,0,0,0,0,0
CLJ5 FUT NYMEX 1000,20150320,72953,43.44,1,0,0,0,0,0
CLJ5 FUT NYMEX 1000,20150320,74857,43.58,1,0,0,0,0,0
CLJ5 FUT NYMEX 1000,20150320,75400,43.62,1,0,0,0,0,0
CLJ5 FUT NYMEX 1000,20150320,75452,43.6,1,0,0,0,0,0
CLJ5 FUT NYMEX 1000,20150320,75605,43.62,2,0,0,0,0,0
CLJ5 FUT NYMEX 1000,20150320,75652,43.6,1,0,0,0,0,0
CLJ5 FUT NYMEX 1000,20150320,75734,43.6,6,0,0,0,0,0
CLJ5 FUT NYMEX 1000,20150320,75842,43.6,1,0,0,0,0,0
CLJ5 FUT NYMEX 1000,20150320,75923,43.6,3,0,0,0,0,0
CLJ5 FUT NYMEX 1000,20150320,80044,43.65,2,0,0,0,0,0
CLJ5 FUT NYMEX 1000,20150320,80346,43.64,3,0,0,0,0,0
CLJ5 FUT NYMEX 1000,20150320,80458,43.58,1,0,0,0,0,0
CLJ5 FUT NYMEX 1000,20150320,80538,43.58,2,0,0,0,0,0
CLJ5 FUT NYMEX 1000,20150320,80945,43.75,1,0,0,0,0,0
CLJ5 FUT NYMEX 1000,20150320,81419,43.7,3,0,0,0,0,0
CLJ5 FUT NYMEX 1000,20150320,81535,43.75,1,0,0,0,0,0
CLJ5 FUT NYMEX 1000,20150320,81945,43.84,1,0,0,0,0,0
CLJ5 FUT NYMEX 1000,20150320,82150,43.95,1,0,0,0,0,0
CLJ5 FUT NYMEX 1000,20150320,82242,44,1,0,0,0,0,0
CLJ5 FUT NYMEX 1000,20150320,82649,43.89,1,0,0,0,0,0
CLJ5 FUT NYMEX 1000,20150320,82830,43.89,5,0,0,0,0,0
CLJ5 FUT NYMEX 1000,20150320,83045,43.89,21,0,0,0,0,0
CLJ5 FUT NYMEX 1000,20150320,83251,44,1,0,0,0,0,0
CLJ5 FUT NYMEX 1000,20150320,83432,43.97,1,0,0,0,0,0
CLJ5 FUT NYMEX 1000,20150320,84148,44.15,1,0,0,0,0,0
CLJ5 FUT NYMEX 1000,20150320,84453,44.2,2,0,0,0,0,0
CLJ5 FUT NYMEX 1000,20150320,84658,44.26,3,0,0,0,0,0
CLJ5 FUT NYMEX 1000,20150320,85303,44.3,5,0,0,0,0,0
CLJ5 FUT NYMEX 1000,20150320,85406,44.3,3,0,0,0,0,0
CLJ5 FUT NYMEX 1000,20150320,85442,44.25,1,0,0,0,0,0
CLJ5 FUT NYMEX 1000,20150320,85742,44.31,1,0,0,0,0,0
CLJ5 FUT NYMEX 1000,20150320,90004,44.54,1,0,0,0,0,0
CLJ5 FUT NYMEX 1000,20150320,90156,44.52,3,0,0,0,0,0
CLJ5 FUT NYMEX 1000,20150320,90212,44.47,1,0,0,0,0,0
CLJ5 FUT NYMEX 1000,20150320,90558,44.68,1,0,0,0,0,0
CLJ5 FUT NYMEX 1000,20150320,90613,44.68,4,0,0,0,0,0
CLJ5 FUT NYMEX 1000,20150320,90708,44.68,1,0,0,0,0,0
CLJ5 FUT NYMEX 1000,20150320,90839,44.84,1,0,0,0,0,0
CLJ5 FUT NYMEX 1000,20150320,90938,44.85,8,0,0,0,0,0
CLJ5 FUT NYMEX 1000,20150320,91014,44.87,3,0,0,0,0,0
CLJ5 FUT NYMEX 1000,20150320,91117,44.89,1,0,0,0,0,0
CLJ5 FUT NYMEX 1000,20150320,91245,45.18,2,0,0,0,0,0
CLJ5 FUT NYMEX 1000,20150320,91452,45.44,1,0,0,0,0,0
CLJ5 FUT NYMEX 1000,20150320,91556,45.42,3,0,0,0,0,0
CLJ5 FUT NYMEX 1000,20150320,91643,45.62,1,0,0,0,0,0
CLJ5 FUT NYMEX 1000,20150320,91747,45.66,10,0,0,0,0,0
CLJ5 FUT NYMEX 1000,20150320,91900,45.72,1,0,0,0,0,0
CLJ5 FUT NYMEX 1000,20150320,92002,45.73,14,0,0,0,0,0
CLJ5 FUT NYMEX 1000,20150320,92012,45.75,3,0,0,0,0,0
CLJ5 FUT NYMEX 1000,20150320,92129,45.5,35,0,0,0,0,0
CLJ5 FUT NYMEX 1000,20150320,92259,45.43,1,0,0,0,0,0
CLJ5 FUT NYMEX 1000,20150320,92322,45.45,1,0,0,0,0,0
CLJ5 FUT NYMEX 1000,20150320,92416,45.46,2,0,0,0,0,0
CLJ5 FUT NYMEX 1000,20150320,92559,45.43,1,0,0,0,0,0
CLJ5 FUT NYMEX 1000,20150320,92650,45.7,1,0,0,0,0,0
CLJ5 FUT NYMEX 1000,20150320,92842,45.46,1,0,0,0,0,0
CLJ5 FUT NYMEX 1000,20150320,92948,45.44,1,0,0,0,0,0
CLJ5 FUT NYMEX 1000,20150320,93010,45.4,3,0,0,0,0,0
CLJ5 FUT NYMEX 1000,20150320,93153,45.32,1,0,0,0,0,0
CLJ5 FUT NYMEX 1000,20150320,93234,45.2,1,0,0,0,0,0
CLJ5 FUT NYMEX 1000,20150320,93404,45.28,1,0,0,0,0,0
CLJ5 FUT NYMEX 1000,20150320,93437,45.22,1,0,0,0,0,0
CLJ5 FUT NYMEX 1000,20150320,93532,45.25,2,0,0,0,0,0
CLJ5 FUT NYMEX 1000,20150320,93651,45.25,3,0,0,0,0,0
CLJ5 FUT NYMEX 1000,20150320,93847,45.3,1,0,0,0,0,0
CLJ5 FUT NYMEX 1000,20150320,93927,45.26,1,0,0,0,0,0
CLJ5 FUT NYMEX 1000,20150320,94043,45.28,2,0,0,0,0,0
CLJ5 FUT NYMEX 1000,20150320,94135,45.55,1,0,0,0,0,0
CLJ5 FUT NYMEX 1000,20150320,94300,45.47,2,0,0,0,0,0
CLJ5 FUT NYMEX 1000,20150320,94341,45.5,2,0,0,0,0,0
CLJ5 FUT NYMEX 1000,20150320,94420,45.55,2,0,0,0,0,0
CLJ5 FUT NYMEX 1000,20150320,94557,45.66,1,0,0,0,0,0
CLJ5 FUT NYMEX 1000,20150320,94707,45.7,2,0,0,0,0,0
CLJ5 FUT NYMEX 1000,20150320,94857,45.68,2,0,0,0,0,0
CLJ5 FUT NYMEX 1000,20150320,95002,45.9,1,0,0,0,0,0
CLJ5 FUT NYMEX 1000,20150320,95058,45.75,2,0,0,0,0,0
CLJ5 FUT NYMEX 1000,20150320,95206,45.6,1,0,0,0,0,0
CLJ5 FUT NYMEX 1000,20150320,95240,45.69,1,0,0,0,0,0
CLJ5 FUT NYMEX 1000,20150320,95347,45.65,1,0,0,0,0,0
CLJ5 FUT NYMEX 1000,20150320,95556,45.57,2,0,0,0,0,0
CLJ5 FUT NYMEX 1000,20150320,95651,45.68,2,0,0,0,0,0
CLJ5 FUT NYMEX 1000,20150320,95802,45.73,2,0,0,0,0,0
CLJ5 FUT NYMEX 1000,20150320,95844,45.67,1,0,0,0,0,0
CLJ5 FUT NYMEX 1000,20150320,100023,45.69,2,0,0,0,0,0
CLJ5 FUT NYMEX 1000,20150320,100532,45.69,1,0,0,0,0,0
CLJ5 FUT NYMEX 1000,20150320,100615,45.71,1,0,0,0,0,0
CLJ5 FUT NYMEX 1000,20150320,100743,45.65,1,0,0,0,0,0
CLJ5 FUT NYMEX 1000,20150320,101205,45.49,1,0,0,0,0,0
CLJ5 FUT NYMEX 1000,20150320,101305,45.54,2,0,0,0,0,0
CLJ5 FUT NYMEX 1000,20150320,101332,45.61,2,0,0,0,0,0
CLJ5 FUT NYMEX 1000,20150320,101559,45.51,2,0,0,0,0,0
CLJ5 FUT NYMEX 1000,20150320,101705,45.49,2,0,0,0,0,0
CLJ5 FUT NYMEX 1000,20150320,101739,45.48,1,0,0,0,0,0
CLJ5 FUT NYMEX 1000,20150320,101818,45.43,1,0,0,0,0,0
CLJ5 FUT NYMEX 1000,20150320,101922,45.48,1,0,0,0,0,0
CLJ5 FUT NYMEX 1000,20150320,102107,45.3,2,0,0,0,0,0
CLJ5 FUT NYMEX 1000,20150320,102113,45.3,14,0,0,0,0,0
CLJ5 FUT NYMEX 1000,20150320,102236,45.23,12,0,0,0,0,0
CLJ5 FUT NYMEX 1000,20150320,102336,45.2,6,0,0,0,0,0
CLJ5 FUT NYMEX 1000,20150320,102457,45.25,1,0,0,0,0,0
CLJ5 FUT NYMEX 1000,20150320,102550,45.26,1,0,0,0,0,0
CLJ5 FUT NYMEX 1000,20150320,102858,45.26,4,0,0,0,0,0
CLJ5 FUT NYMEX 1000,20150320,103222,45.34,1,0,0,0,0,0
CLJ5 FUT NYMEX 1000,20150320,103352,45.4,1,0,0,0,0,0
CLJ5 FUT NYMEX 1000,20150320,103603,45.33,1,0,0,0,0,0
CLJ5 FUT NYMEX 1000,20150320,103958,45.47,1,0,0,0,0,0
CLJ5 FUT NYMEX 1000,20150320,104234,45.45,2,0,0,0,0,0
CLJ5 FUT NYMEX 1000,20150320,104528,45.55,1,0,0,0,0,0
CLJ5 FUT NYMEX 1000,20150320,104705,45.66,17,0,0,0,0,0
CLJ5 FUT NYMEX 1000,20150320,104843,45.63,1,0,0,0,0,0
CLJ5 FUT NYMEX 1000,20150320,105132,45.62,4,0,0,0,0,0
CLJ5 FUT NYMEX 1000,20150320,105628,45.47,2,0,0,0,0,0
CLJ5 FUT NYMEX 1000,20150320,110023,45.62,1,0,0,0,0,0
CLJ5 FUT NYMEX 1000,20150320,110527,45.71,3,0,0,0,0,0
CLJ5 FUT NYMEX 1000,20150320,110653,45.71,1,0,0,0,0,0
CLJ5 FUT NYMEX 1000,20150320,110719,45.78,6,0,0,0,0,0
CLJ5 FUT NYMEX 1000,20150320,111059,45.85,2,0,0,0,0,0
CLJ5 FUT NYMEX 1000,20150320,111404,45.78,1,0,0,0,0,0
CLJ5 FUT NYMEX 1000,20150320,111414,45.75,2,0,0,0,0,0
CLJ5 FUT NYMEX 1000,20150320,111756,45.7,1,0,0,0,0,0
CLJ5 FUT NYMEX 1000,20150320,112002,45.71,1,0,0,0,0,0
CLJ5 FUT NYMEX 1000,20150320,112036,45.78,1,0,0,0,0,0
CLJ5 FUT NYMEX 1000,20150320,112145,45.8,2,0,0,0,0,0
CLJ5 FUT NYMEX 1000,20150320,112241,45.85,1,0,0,0,0,0
CLJ5 FUT NYMEX 1000,20150320,112617,45.95,4,0,0,0,0,0
CLJ5 FUT NYMEX 1000,20150320,112751,46,1,0,0,0,0,0
CLJ5 FUT NYMEX 1000,20150320,112833,45.98,1,0,0,0,0,0
CLJ5 FUT NYMEX 1000,20150320,112944,45.89,2,0,0,0,0,0
CLJ5 FUT NYMEX 1000,20150320,113054,46,1,0,0,0,0,0
CLJ5 FUT NYMEX 1000,20150320,113109,46,7,0,0,0,0,0
CLJ5 FUT NYMEX 1000,20150320,113309,45.91,1,0,0,0,0,0
CLJ5 FUT NYMEX 1000,20150320,113357,45.95,1,0,0,0,0,0
CLJ5 FUT NYMEX 1000,20150320,113420,45.92,5,0,0,0,0,0
CLJ5 FUT NYMEX 1000,20150320,113527,45.9,1,0,0,0,0,0
CLJ5 FUT NYMEX 1000,20150320,113640,45.88,2,0,0,0,0,0
CLJ5 FUT NYMEX 1000,20150320,113748,45.9,4,0,0,0,0,0
CLJ5 FUT NYMEX 1000,20150320,113848,45.91,1,0,0,0,0,0
CLJ5 FUT NYMEX 1000,20150320,114049,45.78,1,0,0,0,0,0
CLJ5 FUT NYMEX 1000,20150320,114143,45.8,4,0,0,0,0,0
CLJ5 FUT NYMEX 1000,20150320,114224,45.81,1,0,0,0,0,0
CLJ5 FUT NYMEX 1000,20150320,114409,45.83,5,0,0,0,0,0
CLJ5 FUT NYMEX 1000,20150320,114444,45.9,1,0,0,0,0,0
CLJ5 FUT NYMEX 1000,20150320,114540,45.85,1,0,0,0,0,0
CLJ5 FUT NYMEX 1000,20150320,114636,45.7,17,0,0,0,0,0
CLJ5 FUT NYMEX 1000,20150320,114714,45.74,1,0,0,0,0,0
CLJ5 FUT NYMEX 1000,20150320,114950,45.91,1,0,0,0,0,0
CLJ5 FUT NYMEX 1000,20150320,115306,45.98,1,0,0,0,0,0
CLJ5 FUT NYMEX 1000,20150320,115505,46.24,1,0,0,0,0,0
CLJ5 FUT NYMEX 1000,20150320,115546,46.23,2,0,0,0,0,0
CLJ5 FUT NYMEX 1000,20150320,115639,46.09,1,0,0,0,0,0
CLJ5 FUT NYMEX 1000,20150320,115819,46.01,1,0,0,0,0,0
CLJ5 FUT NYMEX 1000,20150320,120009,45.96,1,0,0,0,0,0
CLJ5 FUT NYMEX 1000,20150320,120108,46.06,2,0,0,0,0,0
CLJ5 FUT NYMEX 1000,20150320,120133,46.1,1,0,0,0,0,0
CLJ5 FUT NYMEX 1000,20150320,120231,46,5,0,0,0,0,0
CLJ5 FUT NYMEX 1000,20150320,120508,46,4,0,0,0,0,0
CLJ5 FUT NYMEX 1000,20150320,120702,46.03,4,0,0,0,0,0
CLJ5 FUT NYMEX 1000,20150320,120804,46.02,5,0,0,0,0,0
CLJ5 FUT NYMEX 1000,20150320,121134,46.11,1,0,0,0,0,0
CLJ5 FUT NYMEX 1000,20150320,121304,46.15,1,0,0,0,0,0
CLJ5 FUT NYMEX 1000,20150320,121514,46.03,1,0,0,0,0,0
CLJ5 FUT NYMEX 1000,20150320,121615,46.1,1,0,0,0,0,0
CLJ5 FUT NYMEX 1000,20150320,121958,46.17,1,0,0,0,0,0
CLJ5 FUT NYMEX 1000,20150320,122220,46.25,1,0,0,0,0,0
CLJ5 FUT NYMEX 1000,20150320,122407,46.15,4,0,0,0,0,0
CLJ5 FUT NYMEX 1000,20150320,122412,46.15,3,0,0,0,0,0
CLJ5 FUT NYMEX 1000,20150320,122535,46.23,1,0,0,0,0,0
CLJ5 FUT NYMEX 1000,20150320,122758,46.25,1,0,0,0,0,0
CLJ5 FUT NYMEX 1000,20150320,122833,46.26,1,0,0,0,0,0
CLJ5 FUT NYMEX 1000,20150320,123003,46.26,1,0,0,0,0,0
CLJ5 FUT NYMEX 1000,20150320,123018,46.27,1,0,0,0,0,0
CLJ5 FUT NYMEX 1000,20150320,123208,46.34,1,0,0,0,0,0
CLJ5 FUT NYMEX 1000,20150320,123306,46.29,1,0,0,0,0,0
CLJ5 FUT NYMEX 1000,20150320,123505,46.45,5,0,0,0,0,0
CLJ5 FUT NYMEX 1000,20150320,123514,46.45,13,0,0,0,0,0
CLJ5 FUT NYMEX 1000,20150320,123755,46.53,1,0,0,0,0,0
CLJ5 FUT NYMEX 1000,20150320,123831,46.51,38,0,0,0,0,0
CLJ5 FUT NYMEX 1000,20150320,124009,46.4,2,0,0,0,0,0
CLJ5 FUT NYMEX 1000,20150320,124032,46.39,1,0,0,0,0,0
CLJ5 FUT NYMEX 1000,20150320,124245,46.44,1,0,0,0,0,0
CLJ5 FUT NYMEX 1000,20150320,125305,46.34,1,0,0,0,0,0
CLJ5 FUT NYMEX 1000,20150320,125320,46.3,1,0,0,0,0,0
CLJ5 FUT NYMEX 1000,20150320,130043,46.38,1,0,0,0,0,0
CLJ5 FUT NYMEX 1000,20150320,130201,46.42,1,0,0,0,0,0
CLJ5 FUT NYMEX 1000,20150320,130248,46.4,1,0,0,0,0,0
CLJ5 FUT NYMEX 1000,20150320,130334,46.35,1,0,0,0,0,0
CLJ5 FUT NYMEX 1000,20150320,130553,46.46,2,0,0,0,0,0
CLJ5 FUT NYMEX 1000,20150320,130709,46.42,1,0,0,0,0,0
CLJ5 FUT NYMEX 1000,20150320,130805,46.38,2,0,0,0,0,0
CLJ5 FUT NYMEX 1000,20150320,130940,46.25,1,0,0,0,0,0
CLJ5 FUT NYMEX 1000,20150320,131204,46.24,1,0,0,0,0,0
CLJ5 FUT NYMEX 1000,20150320,131310,46.13,1,0,0,0,0,0
CLJ5 FUT NYMEX 1000,20150320,131322,46.1,1,0,0,0,0,0
CLJ5 FUT NYMEX 1000,20150320,131508,46.12,7,0,0,0,0,0
CLJ5 FUT NYMEX 1000,20150320,131547,46.17,1,0,0,0,0,0
CLJ5 FUT NYMEX 1000,20150320,132003,46.32,7,0,0,0,0,0
CLJ5 FUT NYMEX 1000,20150320,132129,46.28,2,0,0,0,0,0
CLJ5 FUT NYMEX 1000,20150320,132224,46.2,1,0,0,0,0,0
CLJ5 FUT NYMEX 1000,20150320,133227,46.25,3,0,0,0,0,0
CLJ5 FUT NYMEX 1000,20150320,133311,46.22,1,0,0,0,0,0
CLJ5 FUT NYMEX 1000,20150320,133708,46.16,1,0,0,0,0,0
CLJ5 FUT NYMEX 1000,20150320,134103,46.23,1,0,0,0,0,0
CLJ5 FUT NYMEX 1000,20150320,134204,46.26,1,0,0,0,0,0
CLJ5 FUT NYMEX 1000,20150320,134605,46.21,1,0,0,0,0,0
CLJ5 FUT NYMEX 1000,20150320,134805,46.11,1,0,0,0,0,0
CLJ5 FUT NYMEX 1000,20150320,134904,46.01,1,0,0,0,0,0
CLJ5 FUT NYMEX 1000,20150320,134917,46.01,2,0,0,0,0,0
CLJ5 FUT NYMEX 1000,20150320,135309,45.99,1,0,0,0,0,0
CLJ5 FUT NYMEX 1000,20150320,135355,46.01,13,0,0,0,0,0
CLJ5 FUT NYMEX 1000,20150320,135600,46.09,1,0,0,0,0,0
CLJ5 FUT NYMEX 1000,20150320,135654,46.1,23,0,0,0,0,0
CLJ5 FUT NYMEX 1000,20150320,135758,46.15,10,0,0,0,0,0
CLJ5 FUT NYMEX 1000,20150320,135812,46.18,5,0,0,0,0,0
CLJ5 FUT NYMEX 1000,20150320,140011,45.96,3,0,0,0,0,0
CLJ5 FUT NYMEX 1000,20150320,140111,45.98,1,0,0,0,0,0
CLJ5 FUT NYMEX 1000,20150320,140207,45.93,1,0,0,0,0,0
CLJ5 FUT NYMEX 1000,20150320,140307,45.93,1,0,0,0,0,0
CLJ5 FUT NYMEX 1000,20150320,140409,45.88,1,0,0,0,0,0
CLJ5 FUT NYMEX 1000,20150320,140509,45.65,1,0,0,0,0,0
CLJ5 FUT NYMEX 1000,20150320,140610,45.67,4,0,0,0,0,0
CLJ5 FUT NYMEX 1000,20150320,140709,45.64,1,0,0,0,0,0
CLJ5 FUT NYMEX 1000,20150320,140811,45.65,2,0,0,0,0,0
CLJ5 FUT NYMEX 1000,20150320,140910,45.74,1,0,0,0,0,0
CLJ5 FUT NYMEX 1000,20150320,141011,45.67,1,0,0,0,0,0
CLJ5 FUT NYMEX 1000,20150320,141110,45.72,1,0,0,0,0,0
CLJ5 FUT NYMEX 1000,20150320,141211,45.6,1,0,0,0,0,0
CLJ5 FUT NYMEX 1000,20150320,141309,45.67,1,0,0,0,0,0
CLJ5 FUT NYMEX 1000,20150320,141409,45.63,22,0,0,0,0,0
CLJ5 FUT NYMEX 1000,20150320,141510,45.64,8,0,0,0,0,0
CLJ5 FUT NYMEX 1000,20150320,141610,45.67,5,0,0,0,0,0
CLJ5 FUT NYMEX 1000,20150320,141711,45.65,1,0,0,0,0,0
CLJ5 FUT NYMEX 1000,20150320,141810,45.7,1,0,0,0,0,0
CLJ5 FUT NYMEX 1000,20150320,141911,45.78,1,0,0,0,0,0
CLJ5 FUT NYMEX 1000,20150320,142009,45.81,1,0,0,0,0,0
CLJ5 FUT NYMEX 1000,20150320,142110,45.85,1,0,0,0,0,0
CLJ5 FUT NYMEX 1000,20150320,142210,45.74,1,0,0,0,0,0
CLJ5 FUT NYMEX 1000,20150320,142311,45.74,1,0,0,0,0,0
CLJ5 FUT NYMEX 1000,20150320,142411,45.77,1,0,0,0,0,0
CLJ5 FUT NYMEX 1000,20150320,142510,45.64,1,0,0,0,0,0
CLJ5 FUT NYMEX 1000,20150320,142611,45.62,1,0,0,0,0,0
CLJ5 FUT NYMEX 1000,20150320,142708,45.62,1,0,0,0,0,0
CLJ5 FUT NYMEX 1000,20150320,142808,45.75,1,0,0,0,0,0
CLJ5 FUT NYMEX 1000,20150320,142908,45.6,1,0,0,0,0,0
CLJ5 FUT NYMEX 1000,20150320,142916,45.87,1,0,0,0,0,0
CLJ5 FUT NYMEX 1000,20150320,171731,45.87,1,0,0,0,0,0
CLJ5 FUT NYMEX 1000,20150320,172032,45.87,1,0,0,0,0,0
CLJ5 FUT NYMEX 1000,20150320,172823,45.87,1,0,0,0,0,0
