594                 
CLK5 FUT NYMEX 1000,20150320,71705,44.89,4,0,0,0,0,0
CLK5 FUT NYMEX 1000,20150320,71802,44.86,1,0,0,0,0,0
CLK5 FUT NYMEX 1000,20150320,71905,44.87,1,0,0,0,0,0
CLK5 FUT NYMEX 1000,20150320,72005,44.86,3,0,0,0,0,0
CLK5 FUT NYMEX 1000,20150320,72104,44.91,2,0,0,0,0,0
CLK5 FUT NYMEX 1000,20150320,72205,44.95,1,0,0,0,0,0
CLK5 FUT NYMEX 1000,20150320,72304,44.97,1,0,0,0,0,0
CLK5 FUT NYMEX 1000,20150320,72404,44.97,1,0,0,0,0,0
CLK5 FUT NYMEX 1000,20150320,72501,44.96,1,0,0,0,0,0
CLK5 FUT NYMEX 1000,20150320,72543,44.95,1,0,0,0,0,0
CLK5 FUT NYMEX 1000,20150320,72705,44.94,1,0,0,0,0,0
CLK5 FUT NYMEX 1000,20150320,72800,44.94,5,0,0,0,0,0
CLK5 FUT NYMEX 1000,20150320,72904,44.93,1,0,0,0,0,0
CLK5 FUT NYMEX 1000,20150320,73003,44.99,1,0,0,0,0,0
CLK5 FUT NYMEX 1000,20150320,73100,45.02,1,0,0,0,0,0
CLK5 FUT NYMEX 1000,20150320,73201,45.02,1,0,0,0,0,0
CLK5 FUT NYMEX 1000,20150320,73300,45.03,3,0,0,0,0,0
CLK5 FUT NYMEX 1000,20150320,73404,45.03,2,0,0,0,0,0
CLK5 FUT NYMEX 1000,20150320,73502,45.08,5,0,0,0,0,0
CLK5 FUT NYMEX 1000,20150320,73604,45.11,1,0,0,0,0,0
CLK5 FUT NYMEX 1000,20150320,73705,45.1,3,0,0,0,0,0
CLK5 FUT NYMEX 1000,20150320,73805,45.06,1,0,0,0,0,0
CLK5 FUT NYMEX 1000,20150320,73905,45.08,2,0,0,0,0,0
CLK5 FUT NYMEX 1000,20150320,74003,45.06,1,0,0,0,0,0
CLK5 FUT NYMEX 1000,20150320,74106,45.09,1,0,0,0,0,0
CLK5 FUT NYMEX 1000,20150320,74157,45.08,1,0,0,0,0,0
CLK5 FUT NYMEX 1000,20150320,74306,45.12,2,0,0,0,0,0
CLK5 FUT NYMEX 1000,20150320,74404,45.08,1,0,0,0,0,0
CLK5 FUT NYMEX 1000,20150320,74504,45.08,1,0,0,0,0,0
CLK5 FUT NYMEX 1000,20150320,74605,45.1,2,0,0,0,0,0
CLK5 FUT NYMEX 1000,20150320,74706,45.11,2,0,0,0,0,0
CLK5 FUT NYMEX 1000,20150320,74756,45.11,1,0,0,0,0,0
CLK5 FUT NYMEX 1000,20150320,74906,45.15,1,0,0,0,0,0
CLK5 FUT NYMEX 1000,20150320,75005,45.2,1,0,0,0,0,0
CLK5 FUT NYMEX 1000,20150320,75106,45.2,4,0,0,0,0,0
CLK5 FUT NYMEX 1000,20150320,75204,45.21,4,0,0,0,0,0
CLK5 FUT NYMEX 1000,20150320,75300,45.17,1,0,0,0,0,0
CLK5 FUT NYMEX 1000,20150320,75405,45.19,3,0,0,0,0,0
CLK5 FUT NYMEX 1000,20150320,75452,45.19,1,0,0,0,0,0
CLK5 FUT NYMEX 1000,20150320,75605,45.2,7,0,0,0,0,0
CLK5 FUT NYMEX 1000,20150320,75702,45.16,1,0,0,0,0,0
CLK5 FUT NYMEX 1000,20150320,75803,45.15,1,0,0,0,0,0
CLK5 FUT NYMEX 1000,20150320,75859,45.16,1,0,0,0,0,0
CLK5 FUT NYMEX 1000,20150320,80002,45.19,3,0,0,0,0,0
CLK5 FUT NYMEX 1000,20150320,80104,45.19,2,0,0,0,0,0
CLK5 FUT NYMEX 1000,20150320,80205,45.21,1,0,0,0,0,0
CLK5 FUT NYMEX 1000,20150320,80302,45.21,1,0,0,0,0,0
CLK5 FUT NYMEX 1000,20150320,80406,45.15,3,0,0,0,0,0
CLK5 FUT NYMEX 1000,20150320,80505,45.1,1,0,0,0,0,0
CLK5 FUT NYMEX 1000,20150320,80605,45.08,5,0,0,0,0,0
CLK5 FUT NYMEX 1000,20150320,80706,45.12,1,0,0,0,0,0
CLK5 FUT NYMEX 1000,20150320,80806,45.17,1,0,0,0,0,0
CLK5 FUT NYMEX 1000,20150320,80906,45.25,2,0,0,0,0,0
CLK5 FUT NYMEX 1000,20150320,81006,45.21,1,0,0,0,0,0
CLK5 FUT NYMEX 1000,20150320,81100,45.22,2,0,0,0,0,0
CLK5 FUT NYMEX 1000,20150320,81204,45.17,6,0,0,0,0,0
CLK5 FUT NYMEX 1000,20150320,81300,45.14,1,0,0,0,0,0
CLK5 FUT NYMEX 1000,20150320,81404,45.16,1,0,0,0,0,0
CLK5 FUT NYMEX 1000,20150320,81506,45.22,1,0,0,0,0,0
CLK5 FUT NYMEX 1000,20150320,81604,45.24,2,0,0,0,0,0
CLK5 FUT NYMEX 1000,20150320,81703,45.26,1,0,0,0,0,0
CLK5 FUT NYMEX 1000,20150320,81806,45.26,5,0,0,0,0,0
CLK5 FUT NYMEX 1000,20150320,81906,45.28,1,0,0,0,0,0
CLK5 FUT NYMEX 1000,20150320,82006,45.35,2,0,0,0,0,0
CLK5 FUT NYMEX 1000,20150320,82104,45.4,2,0,0,0,0,0
CLK5 FUT NYMEX 1000,20150320,82205,45.43,1,0,0,0,0,0
CLK5 FUT NYMEX 1000,20150320,82306,45.42,1,0,0,0,0,0
CLK5 FUT NYMEX 1000,20150320,82406,45.39,9,0,0,0,0,0
CLK5 FUT NYMEX 1000,20150320,82505,45.37,1,0,0,0,0,0
CLK5 FUT NYMEX 1000,20150320,82604,45.34,1,0,0,0,0,0
CLK5 FUT NYMEX 1000,20150320,82705,45.36,2,0,0,0,0,0
CLK5 FUT NYMEX 1000,20150320,82806,45.33,3,0,0,0,0,0
CLK5 FUT NYMEX 1000,20150320,82904,45.39,1,0,0,0,0,0
CLK5 FUT NYMEX 1000,20150320,83004,45.32,1,0,0,0,0,0
CLK5 FUT NYMEX 1000,20150320,83105,45.33,1,0,0,0,0,0
CLK5 FUT NYMEX 1000,20150320,83205,45.35,1,0,0,0,0,0
CLK5 FUT NYMEX 1000,20150320,83305,45.42,9,0,0,0,0,0
CLK5 FUT NYMEX 1000,20150320,83406,45.33,1,0,0,0,0,0
CLK5 FUT NYMEX 1000,20150320,83504,45.31,1,0,0,0,0,0
CLK5 FUT NYMEX 1000,20150320,83606,45.28,2,0,0,0,0,0
CLK5 FUT NYMEX 1000,20150320,83706,45.4,1,0,0,0,0,0
CLK5 FUT NYMEX 1000,20150320,83801,45.37,2,0,0,0,0,0
CLK5 FUT NYMEX 1000,20150320,83906,45.36,2,0,0,0,0,0
CLK5 FUT NYMEX 1000,20150320,84002,45.39,2,0,0,0,0,0
CLK5 FUT NYMEX 1000,20150320,84106,45.45,3,0,0,0,0,0
CLK5 FUT NYMEX 1000,20150320,84205,45.57,1,0,0,0,0,0
CLK5 FUT NYMEX 1000,20150320,84306,45.54,2,0,0,0,0,0
CLK5 FUT NYMEX 1000,20150320,84405,45.58,1,0,0,0,0,0
CLK5 FUT NYMEX 1000,20150320,84504,45.64,1,0,0,0,0,0
CLK5 FUT NYMEX 1000,20150320,84606,45.61,1,0,0,0,0,0
CLK5 FUT NYMEX 1000,20150320,84704,45.64,4,0,0,0,0,0
CLK5 FUT NYMEX 1000,20150320,84805,45.56,1,0,0,0,0,0
CLK5 FUT NYMEX 1000,20150320,84906,45.59,2,0,0,0,0,0
CLK5 FUT NYMEX 1000,20150320,85006,45.61,2,0,0,0,0,0
CLK5 FUT NYMEX 1000,20150320,85106,45.62,1,0,0,0,0,0
CLK5 FUT NYMEX 1000,20150320,85206,45.57,9,0,0,0,0,0
CLK5 FUT NYMEX 1000,20150320,85306,45.69,2,0,0,0,0,0
CLK5 FUT NYMEX 1000,20150320,85406,45.68,1,0,0,0,0,0
CLK5 FUT NYMEX 1000,20150320,85504,45.63,1,0,0,0,0,0
CLK5 FUT NYMEX 1000,20150320,85605,45.71,4,0,0,0,0,0
CLK5 FUT NYMEX 1000,20150320,85706,45.7,5,0,0,0,0,0
CLK5 FUT NYMEX 1000,20150320,85805,45.69,1,0,0,0,0,0
CLK5 FUT NYMEX 1000,20150320,85906,45.7,4,0,0,0,0,0
CLK5 FUT NYMEX 1000,20150320,90005,45.82,2,0,0,0,0,0
CLK5 FUT NYMEX 1000,20150320,90105,45.82,1,0,0,0,0,0
CLK5 FUT NYMEX 1000,20150320,90206,45.79,1,0,0,0,0,0
CLK5 FUT NYMEX 1000,20150320,90304,45.76,1,0,0,0,0,0
CLK5 FUT NYMEX 1000,20150320,90407,45.75,1,0,0,0,0,0
CLK5 FUT NYMEX 1000,20150320,90506,45.73,1,0,0,0,0,0
CLK5 FUT NYMEX 1000,20150320,90607,46.01,12,0,0,0,0,0
CLK5 FUT NYMEX 1000,20150320,90706,46,2,0,0,0,0,0
CLK5 FUT NYMEX 1000,20150320,90807,46.01,3,0,0,0,0,0
CLK5 FUT NYMEX 1000,20150320,90907,46.13,1,0,0,0,0,0
CLK5 FUT NYMEX 1000,20150320,91007,46.17,1,0,0,0,0,0
CLK5 FUT NYMEX 1000,20150320,91106,46.15,1,0,0,0,0,0
CLK5 FUT NYMEX 1000,20150320,91207,46.3,1,0,0,0,0,0
CLK5 FUT NYMEX 1000,20150320,91307,46.55,1,0,0,0,0,0
CLK5 FUT NYMEX 1000,20150320,91407,46.51,5,0,0,0,0,0
CLK5 FUT NYMEX 1000,20150320,91506,46.68,2,0,0,0,0,0
CLK5 FUT NYMEX 1000,20150320,91607,46.63,1,0,0,0,0,0
CLK5 FUT NYMEX 1000,20150320,91707,46.8,1,0,0,0,0,0
CLK5 FUT NYMEX 1000,20150320,91807,46.94,1,0,0,0,0,0
CLK5 FUT NYMEX 1000,20150320,91907,46.98,1,0,0,0,0,0
CLK5 FUT NYMEX 1000,20150320,92007,47.01,1,0,0,0,0,0
CLK5 FUT NYMEX 1000,20150320,92107,46.87,1,0,0,0,0,0
CLK5 FUT NYMEX 1000,20150320,92207,46.78,9,0,0,0,0,0
CLK5 FUT NYMEX 1000,20150320,92307,46.73,31,0,0,0,0,0
CLK5 FUT NYMEX 1000,20150320,92407,46.72,18,0,0,0,0,0
CLK5 FUT NYMEX 1000,20150320,92507,46.64,20,0,0,0,0,0
CLK5 FUT NYMEX 1000,20150320,92607,46.7,14,0,0,0,0,0
CLK5 FUT NYMEX 1000,20150320,92707,46.86,2,0,0,0,0,0
CLK5 FUT NYMEX 1000,20150320,92807,46.83,1,0,0,0,0,0
CLK5 FUT NYMEX 1000,20150320,92906,46.73,2,0,0,0,0,0
CLK5 FUT NYMEX 1000,20150320,93007,46.69,1,0,0,0,0,0
CLK5 FUT NYMEX 1000,20150320,93107,46.77,1,0,0,0,0,0
CLK5 FUT NYMEX 1000,20150320,93207,46.58,4,0,0,0,0,0
CLK5 FUT NYMEX 1000,20150320,93307,46.56,1,0,0,0,0,0
CLK5 FUT NYMEX 1000,20150320,93404,46.56,1,0,0,0,0,0
CLK5 FUT NYMEX 1000,20150320,93507,46.52,9,0,0,0,0,0
CLK5 FUT NYMEX 1000,20150320,93606,46.49,1,0,0,0,0,0
CLK5 FUT NYMEX 1000,20150320,93707,46.53,4,0,0,0,0,0
CLK5 FUT NYMEX 1000,20150320,93807,46.47,2,0,0,0,0,0
CLK5 FUT NYMEX 1000,20150320,93907,46.5,1,0,0,0,0,0
CLK5 FUT NYMEX 1000,20150320,94007,46.46,2,0,0,0,0,0
CLK5 FUT NYMEX 1000,20150320,94107,46.75,1,0,0,0,0,0
CLK5 FUT NYMEX 1000,20150320,94207,46.82,6,0,0,0,0,0
CLK5 FUT NYMEX 1000,20150320,94306,46.75,3,0,0,0,0,0
CLK5 FUT NYMEX 1000,20150320,94407,46.83,4,0,0,0,0,0
CLK5 FUT NYMEX 1000,20150320,94507,46.85,7,0,0,0,0,0
CLK5 FUT NYMEX 1000,20150320,94605,46.93,1,0,0,0,0,0
CLK5 FUT NYMEX 1000,20150320,94707,46.99,1,0,0,0,0,0
CLK5 FUT NYMEX 1000,20150320,94807,47,2,0,0,0,0,0
CLK5 FUT NYMEX 1000,20150320,94907,47.07,2,0,0,0,0,0
CLK5 FUT NYMEX 1000,20150320,95007,47.32,1,0,0,0,0,0
CLK5 FUT NYMEX 1000,20150320,95107,47.11,11,0,0,0,0,0
CLK5 FUT NYMEX 1000,20150320,95207,46.96,2,0,0,0,0,0
CLK5 FUT NYMEX 1000,20150320,95307,47.04,1,0,0,0,0,0
CLK5 FUT NYMEX 1000,20150320,95407,46.97,1,0,0,0,0,0
CLK5 FUT NYMEX 1000,20150320,95507,46.88,4,0,0,0,0,0
CLK5 FUT NYMEX 1000,20150320,95607,46.9,1,0,0,0,0,0
CLK5 FUT NYMEX 1000,20150320,95707,47.03,2,0,0,0,0,0
CLK5 FUT NYMEX 1000,20150320,95806,47.05,3,0,0,0,0,0
CLK5 FUT NYMEX 1000,20150320,95907,46.97,1,0,0,0,0,0
CLK5 FUT NYMEX 1000,20150320,100007,46.93,1,0,0,0,0,0
CLK5 FUT NYMEX 1000,20150320,100108,47.13,1,0,0,0,0,0
CLK5 FUT NYMEX 1000,20150320,100207,46.87,1,0,0,0,0,0
CLK5 FUT NYMEX 1000,20150320,100307,46.94,7,0,0,0,0,0
CLK5 FUT NYMEX 1000,20150320,100408,46.93,1,0,0,0,0,0
CLK5 FUT NYMEX 1000,20150320,100508,46.95,1,0,0,0,0,0
CLK5 FUT NYMEX 1000,20150320,100607,47.01,1,0,0,0,0,0
CLK5 FUT NYMEX 1000,20150320,100707,47,8,0,0,0,0,0
CLK5 FUT NYMEX 1000,20150320,100807,46.91,12,0,0,0,0,0
CLK5 FUT NYMEX 1000,20150320,100905,46.87,1,0,0,0,0,0
CLK5 FUT NYMEX 1000,20150320,101008,46.78,1,0,0,0,0,0
CLK5 FUT NYMEX 1000,20150320,101107,46.81,1,0,0,0,0,0
CLK5 FUT NYMEX 1000,20150320,101206,46.79,2,0,0,0,0,0
CLK5 FUT NYMEX 1000,20150320,101308,46.83,2,0,0,0,0,0
CLK5 FUT NYMEX 1000,20150320,101406,46.89,2,0,0,0,0,0
CLK5 FUT NYMEX 1000,20150320,101508,46.79,2,0,0,0,0,0
CLK5 FUT NYMEX 1000,20150320,101607,46.82,6,0,0,0,0,0
CLK5 FUT NYMEX 1000,20150320,101707,46.76,4,0,0,0,0,0
CLK5 FUT NYMEX 1000,20150320,101807,46.81,1,0,0,0,0,0
CLK5 FUT NYMEX 1000,20150320,101907,46.82,3,0,0,0,0,0
CLK5 FUT NYMEX 1000,20150320,102007,46.75,8,0,0,0,0,0
CLK5 FUT NYMEX 1000,20150320,102108,46.7,4,0,0,0,0,0
CLK5 FUT NYMEX 1000,20150320,102207,46.58,3,0,0,0,0,0
CLK5 FUT NYMEX 1000,20150320,102308,46.61,1,0,0,0,0,0
CLK5 FUT NYMEX 1000,20150320,102406,46.57,2,0,0,0,0,0
CLK5 FUT NYMEX 1000,20150320,102507,46.63,1,0,0,0,0,0
CLK5 FUT NYMEX 1000,20150320,102605,46.63,1,0,0,0,0,0
CLK5 FUT NYMEX 1000,20150320,102707,46.56,4,0,0,0,0,0
CLK5 FUT NYMEX 1000,20150320,102807,46.65,1,0,0,0,0,0
CLK5 FUT NYMEX 1000,20150320,102908,46.57,1,0,0,0,0,0
CLK5 FUT NYMEX 1000,20150320,103008,46.61,5,0,0,0,0,0
CLK5 FUT NYMEX 1000,20150320,103108,46.58,2,0,0,0,0,0
CLK5 FUT NYMEX 1000,20150320,103207,46.6,12,0,0,0,0,0
CLK5 FUT NYMEX 1000,20150320,103308,46.69,7,0,0,0,0,0
CLK5 FUT NYMEX 1000,20150320,103408,46.69,6,0,0,0,0,0
CLK5 FUT NYMEX 1000,20150320,103507,46.67,7,0,0,0,0,0
CLK5 FUT NYMEX 1000,20150320,103608,46.66,1,0,0,0,0,0
CLK5 FUT NYMEX 1000,20150320,103708,46.71,3,0,0,0,0,0
CLK5 FUT NYMEX 1000,20150320,103808,46.75,8,0,0,0,0,0
CLK5 FUT NYMEX 1000,20150320,103907,46.73,1,0,0,0,0,0
CLK5 FUT NYMEX 1000,20150320,104008,46.8,1,0,0,0,0,0
CLK5 FUT NYMEX 1000,20150320,104108,46.8,7,0,0,0,0,0
CLK5 FUT NYMEX 1000,20150320,104208,46.75,1,0,0,0,0,0
CLK5 FUT NYMEX 1000,20150320,104307,46.79,1,0,0,0,0,0
CLK5 FUT NYMEX 1000,20150320,104407,46.84,3,0,0,0,0,0
CLK5 FUT NYMEX 1000,20150320,104507,46.85,1,0,0,0,0,0
CLK5 FUT NYMEX 1000,20150320,104607,46.89,5,0,0,0,0,0
CLK5 FUT NYMEX 1000,20150320,104707,46.98,1,0,0,0,0,0
CLK5 FUT NYMEX 1000,20150320,104807,46.97,1,0,0,0,0,0
CLK5 FUT NYMEX 1000,20150320,104908,46.95,1,0,0,0,0,0
CLK5 FUT NYMEX 1000,20150320,105008,46.94,13,0,0,0,0,0
CLK5 FUT NYMEX 1000,20150320,105108,47.03,1,0,0,0,0,0
CLK5 FUT NYMEX 1000,20150320,105208,47.04,1,0,0,0,0,0
CLK5 FUT NYMEX 1000,20150320,105307,46.98,1,0,0,0,0,0
CLK5 FUT NYMEX 1000,20150320,105408,46.99,1,0,0,0,0,0
CLK5 FUT NYMEX 1000,20150320,105508,46.91,1,0,0,0,0,0
CLK5 FUT NYMEX 1000,20150320,105608,46.84,1,0,0,0,0,0
CLK5 FUT NYMEX 1000,20150320,105708,46.84,2,0,0,0,0,0
CLK5 FUT NYMEX 1000,20150320,105807,46.85,10,0,0,0,0,0
CLK5 FUT NYMEX 1000,20150320,105908,46.85,15,0,0,0,0,0
CLK5 FUT NYMEX 1000,20150320,110006,46.9,5,0,0,0,0,0
CLK5 FUT NYMEX 1000,20150320,110108,46.95,1,0,0,0,0,0
CLK5 FUT NYMEX 1000,20150320,110208,46.97,1,0,0,0,0,0
CLK5 FUT NYMEX 1000,20150320,110308,47.01,4,0,0,0,0,0
CLK5 FUT NYMEX 1000,20150320,110408,46.93,2,0,0,0,0,0
CLK5 FUT NYMEX 1000,20150320,110508,46.95,8,0,0,0,0,0
CLK5 FUT NYMEX 1000,20150320,110608,46.95,1,0,0,0,0,0
CLK5 FUT NYMEX 1000,20150320,110708,46.95,6,0,0,0,0,0
CLK5 FUT NYMEX 1000,20150320,110805,46.97,1,0,0,0,0,0
CLK5 FUT NYMEX 1000,20150320,110908,47,8,0,0,0,0,0
CLK5 FUT NYMEX 1000,20150320,111008,47.07,1,0,0,0,0,0
CLK5 FUT NYMEX 1000,20150320,111108,47.04,1,0,0,0,0,0
CLK5 FUT NYMEX 1000,20150320,111207,47.08,1,0,0,0,0,0
CLK5 FUT NYMEX 1000,20150320,111308,47.1,1,0,0,0,0,0
CLK5 FUT NYMEX 1000,20150320,111409,47.01,4,0,0,0,0,0
CLK5 FUT NYMEX 1000,20150320,111508,46.98,1,0,0,0,0,0
CLK5 FUT NYMEX 1000,20150320,111609,46.99,1,0,0,0,0,0
CLK5 FUT NYMEX 1000,20150320,111708,46.95,1,0,0,0,0,0
CLK5 FUT NYMEX 1000,20150320,111809,47.02,3,0,0,0,0,0
CLK5 FUT NYMEX 1000,20150320,111909,46.96,4,0,0,0,0,0
CLK5 FUT NYMEX 1000,20150320,112009,46.95,3,0,0,0,0,0
CLK5 FUT NYMEX 1000,20150320,112108,46.95,1,0,0,0,0,0
CLK5 FUT NYMEX 1000,20150320,112208,46.98,4,0,0,0,0,0
CLK5 FUT NYMEX 1000,20150320,112308,47.05,10,0,0,0,0,0
CLK5 FUT NYMEX 1000,20150320,112408,47.07,1,0,0,0,0,0
CLK5 FUT NYMEX 1000,20150320,112507,47.08,1,0,0,0,0,0
CLK5 FUT NYMEX 1000,20150320,112609,47.11,27,0,0,0,0,0
CLK5 FUT NYMEX 1000,20150320,112709,47.07,1,0,0,0,0,0
CLK5 FUT NYMEX 1000,20150320,112808,47.15,1,0,0,0,0,0
CLK5 FUT NYMEX 1000,20150320,112907,47.09,4,0,0,0,0,0
CLK5 FUT NYMEX 1000,20150320,113007,47.09,1,0,0,0,0,0
CLK5 FUT NYMEX 1000,20150320,113108,47.2,5,0,0,0,0,0
CLK5 FUT NYMEX 1000,20150320,113208,47.14,1,0,0,0,0,0
CLK5 FUT NYMEX 1000,20150320,113308,47.07,2,0,0,0,0,0
CLK5 FUT NYMEX 1000,20150320,113406,47.1,1,0,0,0,0,0
CLK5 FUT NYMEX 1000,20150320,113508,47.07,6,0,0,0,0,0
CLK5 FUT NYMEX 1000,20150320,113609,47.06,5,0,0,0,0,0
CLK5 FUT NYMEX 1000,20150320,113705,47.04,1,0,0,0,0,0
CLK5 FUT NYMEX 1000,20150320,113808,47.05,1,0,0,0,0,0
CLK5 FUT NYMEX 1000,20150320,113909,47.05,1,0,0,0,0,0
CLK5 FUT NYMEX 1000,20150320,114008,47.02,18,0,0,0,0,0
CLK5 FUT NYMEX 1000,20150320,114109,46.87,1,0,0,0,0,0
CLK5 FUT NYMEX 1000,20150320,114209,46.86,2,0,0,0,0,0
CLK5 FUT NYMEX 1000,20150320,114309,46.92,1,0,0,0,0,0
CLK5 FUT NYMEX 1000,20150320,114409,46.92,9,0,0,0,0,0
CLK5 FUT NYMEX 1000,20150320,114507,46.96,4,0,0,0,0,0
CLK5 FUT NYMEX 1000,20150320,114608,46.96,1,0,0,0,0,0
CLK5 FUT NYMEX 1000,20150320,114709,46.93,2,0,0,0,0,0
CLK5 FUT NYMEX 1000,20150320,114808,46.96,3,0,0,0,0,0
CLK5 FUT NYMEX 1000,20150320,114908,47.02,1,0,0,0,0,0
CLK5 FUT NYMEX 1000,20150320,115008,47.09,1,0,0,0,0,0
CLK5 FUT NYMEX 1000,20150320,115109,47.1,4,0,0,0,0,0
CLK5 FUT NYMEX 1000,20150320,115201,47.08,1,0,0,0,0,0
CLK5 FUT NYMEX 1000,20150320,115308,47.12,6,0,0,0,0,0
CLK5 FUT NYMEX 1000,20150320,115409,47.24,8,0,0,0,0,0
CLK5 FUT NYMEX 1000,20150320,115509,47.3,1,0,0,0,0,0
CLK5 FUT NYMEX 1000,20150320,115609,47.25,1,0,0,0,0,0
CLK5 FUT NYMEX 1000,20150320,115709,47.18,8,0,0,0,0,0
CLK5 FUT NYMEX 1000,20150320,115808,47.15,1,0,0,0,0,0
CLK5 FUT NYMEX 1000,20150320,115909,47.11,5,0,0,0,0,0
CLK5 FUT NYMEX 1000,20150320,120009,47.1,3,0,0,0,0,0
CLK5 FUT NYMEX 1000,20150320,120109,47.23,1,0,0,0,0,0
CLK5 FUT NYMEX 1000,20150320,120208,47.15,2,0,0,0,0,0
CLK5 FUT NYMEX 1000,20150320,120309,47.18,2,0,0,0,0,0
CLK5 FUT NYMEX 1000,20150320,120408,47.22,2,0,0,0,0,0
CLK5 FUT NYMEX 1000,20150320,120509,47.05,9,0,0,0,0,0
CLK5 FUT NYMEX 1000,20150320,120609,47.12,7,0,0,0,0,0
CLK5 FUT NYMEX 1000,20150320,120709,47.08,1,0,0,0,0,0
CLK5 FUT NYMEX 1000,20150320,120809,47.07,2,0,0,0,0,0
CLK5 FUT NYMEX 1000,20150320,120907,47.05,2,0,0,0,0,0
CLK5 FUT NYMEX 1000,20150320,121009,47.07,4,0,0,0,0,0
CLK5 FUT NYMEX 1000,20150320,121107,47.11,2,0,0,0,0,0
CLK5 FUT NYMEX 1000,20150320,121209,47.1,1,0,0,0,0,0
CLK5 FUT NYMEX 1000,20150320,121309,47.12,4,0,0,0,0,0
CLK5 FUT NYMEX 1000,20150320,121408,47.09,1,0,0,0,0,0
CLK5 FUT NYMEX 1000,20150320,121509,47.07,28,0,0,0,0,0
CLK5 FUT NYMEX 1000,20150320,121607,47.15,1,0,0,0,0,0
CLK5 FUT NYMEX 1000,20150320,121709,47.15,1,0,0,0,0,0
CLK5 FUT NYMEX 1000,20150320,121809,47.12,3,0,0,0,0,0
CLK5 FUT NYMEX 1000,20150320,121909,47.14,1,0,0,0,0,0
CLK5 FUT NYMEX 1000,20150320,122004,47.16,1,0,0,0,0,0
CLK5 FUT NYMEX 1000,20150320,122107,47.13,1,0,0,0,0,0
CLK5 FUT NYMEX 1000,20150320,122209,47.17,11,0,0,0,0,0
CLK5 FUT NYMEX 1000,20150320,122308,47.14,3,0,0,0,0,0
CLK5 FUT NYMEX 1000,20150320,122409,47.08,4,0,0,0,0,0
CLK5 FUT NYMEX 1000,20150320,122509,47.17,1,0,0,0,0,0
CLK5 FUT NYMEX 1000,20150320,122609,47.1,2,0,0,0,0,0
CLK5 FUT NYMEX 1000,20150320,122709,47.17,9,0,0,0,0,0
CLK5 FUT NYMEX 1000,20150320,122809,47.16,1,0,0,0,0,0
CLK5 FUT NYMEX 1000,20150320,122909,47.19,1,0,0,0,0,0
CLK5 FUT NYMEX 1000,20150320,123010,47.2,1,0,0,0,0,0
CLK5 FUT NYMEX 1000,20150320,123101,47.17,2,0,0,0,0,0
CLK5 FUT NYMEX 1000,20150320,123208,47.18,1,0,0,0,0,0
CLK5 FUT NYMEX 1000,20150320,123309,47.26,1,0,0,0,0,0
CLK5 FUT NYMEX 1000,20150320,123409,47.25,3,0,0,0,0,0
CLK5 FUT NYMEX 1000,20150320,123509,47.26,1,0,0,0,0,0
CLK5 FUT NYMEX 1000,20150320,123608,47.26,1,0,0,0,0,0
CLK5 FUT NYMEX 1000,20150320,123710,47.32,1,0,0,0,0,0
CLK5 FUT NYMEX 1000,20150320,123809,47.27,4,0,0,0,0,0
CLK5 FUT NYMEX 1000,20150320,123909,47.28,2,0,0,0,0,0
CLK5 FUT NYMEX 1000,20150320,124010,47.2,4,0,0,0,0,0
CLK5 FUT NYMEX 1000,20150320,124110,47.17,5,0,0,0,0,0
CLK5 FUT NYMEX 1000,20150320,124209,47.17,2,0,0,0,0,0
CLK5 FUT NYMEX 1000,20150320,124309,47.17,1,0,0,0,0,0
CLK5 FUT NYMEX 1000,20150320,124409,47.15,1,0,0,0,0,0
CLK5 FUT NYMEX 1000,20150320,124510,47.17,5,0,0,0,0,0
CLK5 FUT NYMEX 1000,20150320,124610,47.13,1,0,0,0,0,0
CLK5 FUT NYMEX 1000,20150320,124701,47.16,1,0,0,0,0,0
CLK5 FUT NYMEX 1000,20150320,124809,47.07,4,0,0,0,0,0
CLK5 FUT NYMEX 1000,20150320,124908,47.08,2,0,0,0,0,0
CLK5 FUT NYMEX 1000,20150320,125009,47.13,1,0,0,0,0,0
CLK5 FUT NYMEX 1000,20150320,125105,47.11,1,0,0,0,0,0
CLK5 FUT NYMEX 1000,20150320,125209,47.12,4,0,0,0,0,0
CLK5 FUT NYMEX 1000,20150320,125310,47.13,5,0,0,0,0,0
CLK5 FUT NYMEX 1000,20150320,125409,47.13,1,0,0,0,0,0
CLK5 FUT NYMEX 1000,20150320,125508,47.18,1,0,0,0,0,0
CLK5 FUT NYMEX 1000,20150320,125606,47.17,2,0,0,0,0,0
CLK5 FUT NYMEX 1000,20150320,125709,47.17,1,0,0,0,0,0
CLK5 FUT NYMEX 1000,20150320,125809,47.17,5,0,0,0,0,0
CLK5 FUT NYMEX 1000,20150320,125910,47.2,1,0,0,0,0,0
CLK5 FUT NYMEX 1000,20150320,130010,47.2,5,0,0,0,0,0
CLK5 FUT NYMEX 1000,20150320,130110,47.18,4,0,0,0,0,0
CLK5 FUT NYMEX 1000,20150320,130210,47.21,1,0,0,0,0,0
CLK5 FUT NYMEX 1000,20150320,130310,47.14,3,0,0,0,0,0
CLK5 FUT NYMEX 1000,20150320,130410,47.16,2,0,0,0,0,0
CLK5 FUT NYMEX 1000,20150320,130509,47.23,1,0,0,0,0,0
CLK5 FUT NYMEX 1000,20150320,130609,47.3,1,0,0,0,0,0
CLK5 FUT NYMEX 1000,20150320,130709,47.27,11,0,0,0,0,0
CLK5 FUT NYMEX 1000,20150320,130810,47.19,2,0,0,0,0,0
CLK5 FUT NYMEX 1000,20150320,130910,47.16,1,0,0,0,0,0
CLK5 FUT NYMEX 1000,20150320,131009,47.15,2,0,0,0,0,0
CLK5 FUT NYMEX 1000,20150320,131108,47.12,1,0,0,0,0,0
CLK5 FUT NYMEX 1000,20150320,131210,47.11,1,0,0,0,0,0
CLK5 FUT NYMEX 1000,20150320,131310,46.95,10,0,0,0,0,0
CLK5 FUT NYMEX 1000,20150320,131410,46.91,1,0,0,0,0,0
CLK5 FUT NYMEX 1000,20150320,131510,46.95,1,0,0,0,0,0
CLK5 FUT NYMEX 1000,20150320,131610,47,7,0,0,0,0,0
CLK5 FUT NYMEX 1000,20150320,131708,46.99,1,0,0,0,0,0
CLK5 FUT NYMEX 1000,20150320,131810,47.05,2,0,0,0,0,0
CLK5 FUT NYMEX 1000,20150320,131907,47.04,1,0,0,0,0,0
CLK5 FUT NYMEX 1000,20150320,132009,47.06,1,0,0,0,0,0
CLK5 FUT NYMEX 1000,20150320,132109,47.03,1,0,0,0,0,0
CLK5 FUT NYMEX 1000,20150320,132210,46.99,1,0,0,0,0,0
CLK5 FUT NYMEX 1000,20150320,132310,47.08,1,0,0,0,0,0
CLK5 FUT NYMEX 1000,20150320,132407,47.04,1,0,0,0,0,0
CLK5 FUT NYMEX 1000,20150320,132510,47.03,1,0,0,0,0,0
CLK5 FUT NYMEX 1000,20150320,132610,47.05,3,0,0,0,0,0
CLK5 FUT NYMEX 1000,20150320,132709,47.07,2,0,0,0,0,0
CLK5 FUT NYMEX 1000,20150320,132810,47.07,7,0,0,0,0,0
CLK5 FUT NYMEX 1000,20150320,132908,46.99,1,0,0,0,0,0
CLK5 FUT NYMEX 1000,20150320,133010,47,1,0,0,0,0,0
CLK5 FUT NYMEX 1000,20150320,133105,47.01,1,0,0,0,0,0
CLK5 FUT NYMEX 1000,20150320,133209,47.03,1,0,0,0,0,0
CLK5 FUT NYMEX 1000,20150320,133305,46.99,1,0,0,0,0,0
CLK5 FUT NYMEX 1000,20150320,133410,46.98,4,0,0,0,0,0
CLK5 FUT NYMEX 1000,20150320,133510,47.01,6,0,0,0,0,0
CLK5 FUT NYMEX 1000,20150320,133610,47.02,6,0,0,0,0,0
CLK5 FUT NYMEX 1000,20150320,133710,46.91,6,0,0,0,0,0
CLK5 FUT NYMEX 1000,20150320,133811,46.92,6,0,0,0,0,0
CLK5 FUT NYMEX 1000,20150320,133910,46.92,1,0,0,0,0,0
CLK5 FUT NYMEX 1000,20150320,134009,46.93,1,0,0,0,0,0
CLK5 FUT NYMEX 1000,20150320,134110,46.91,1,0,0,0,0,0
CLK5 FUT NYMEX 1000,20150320,134209,46.92,1,0,0,0,0,0
CLK5 FUT NYMEX 1000,20150320,134308,46.94,1,0,0,0,0,0
CLK5 FUT NYMEX 1000,20150320,134408,46.92,4,0,0,0,0,0
CLK5 FUT NYMEX 1000,20150320,134511,46.98,2,0,0,0,0,0
CLK5 FUT NYMEX 1000,20150320,134609,46.86,1,0,0,0,0,0
CLK5 FUT NYMEX 1000,20150320,134710,46.86,1,0,0,0,0,0
CLK5 FUT NYMEX 1000,20150320,134810,46.78,1,0,0,0,0,0
CLK5 FUT NYMEX 1000,20150320,134910,46.69,1,0,0,0,0,0
CLK5 FUT NYMEX 1000,20150320,135011,46.71,2,0,0,0,0,0
CLK5 FUT NYMEX 1000,20150320,135111,46.7,3,0,0,0,0,0
CLK5 FUT NYMEX 1000,20150320,135209,46.7,1,0,0,0,0,0
CLK5 FUT NYMEX 1000,20150320,135309,46.69,6,0,0,0,0,0
CLK5 FUT NYMEX 1000,20150320,135410,46.73,1,0,0,0,0,0
CLK5 FUT NYMEX 1000,20150320,135508,46.71,1,0,0,0,0,0
CLK5 FUT NYMEX 1000,20150320,135609,46.72,1,0,0,0,0,0
CLK5 FUT NYMEX 1000,20150320,135708,46.73,1,0,0,0,0,0
CLK5 FUT NYMEX 1000,20150320,135810,46.8,1,0,0,0,0,0
CLK5 FUT NYMEX 1000,20150320,135909,46.78,2,0,0,0,0,0
CLK5 FUT NYMEX 1000,20150320,140009,46.58,2,0,0,0,0,0
CLK5 FUT NYMEX 1000,20150320,140109,46.64,2,0,0,0,0,0
CLK5 FUT NYMEX 1000,20150320,140210,46.6,1,0,0,0,0,0
CLK5 FUT NYMEX 1000,20150320,140310,46.61,1,0,0,0,0,0
CLK5 FUT NYMEX 1000,20150320,140410,46.55,1,0,0,0,0,0
CLK5 FUT NYMEX 1000,20150320,140511,46.46,13,0,0,0,0,0
CLK5 FUT NYMEX 1000,20150320,140610,46.39,4,0,0,0,0,0
CLK5 FUT NYMEX 1000,20150320,140710,46.42,1,0,0,0,0,0
CLK5 FUT NYMEX 1000,20150320,140811,46.41,9,0,0,0,0,0
CLK5 FUT NYMEX 1000,20150320,140910,46.47,1,0,0,0,0,0
CLK5 FUT NYMEX 1000,20150320,141011,46.46,5,0,0,0,0,0
CLK5 FUT NYMEX 1000,20150320,141111,46.46,5,0,0,0,0,0
CLK5 FUT NYMEX 1000,20150320,141209,46.4,1,0,0,0,0,0
CLK5 FUT NYMEX 1000,20150320,141311,46.44,5,0,0,0,0,0
CLK5 FUT NYMEX 1000,20150320,141411,46.43,1,0,0,0,0,0
CLK5 FUT NYMEX 1000,20150320,141511,46.4,1,0,0,0,0,0
CLK5 FUT NYMEX 1000,20150320,141610,46.45,5,0,0,0,0,0
CLK5 FUT NYMEX 1000,20150320,141710,46.51,2,0,0,0,0,0
CLK5 FUT NYMEX 1000,20150320,141810,46.51,2,0,0,0,0,0
CLK5 FUT NYMEX 1000,20150320,141911,46.63,1,0,0,0,0,0
CLK5 FUT NYMEX 1000,20150320,142010,46.6,1,0,0,0,0,0
CLK5 FUT NYMEX 1000,20150320,142111,46.64,5,0,0,0,0,0
CLK5 FUT NYMEX 1000,20150320,142210,46.55,1,0,0,0,0,0
CLK5 FUT NYMEX 1000,20150320,142311,46.56,1,0,0,0,0,0
CLK5 FUT NYMEX 1000,20150320,142411,46.65,2,0,0,0,0,0
CLK5 FUT NYMEX 1000,20150320,142511,46.57,7,0,0,0,0,0
CLK5 FUT NYMEX 1000,20150320,142611,46.53,10,0,0,0,0,0
CLK5 FUT NYMEX 1000,20150320,142711,46.51,3,0,0,0,0,0
CLK5 FUT NYMEX 1000,20150320,142811,46.57,11,0,0,0,0,0
CLK5 FUT NYMEX 1000,20150320,142911,46.58,2,0,0,0,0,0
CLK5 FUT NYMEX 1000,20150320,143011,46.53,50,0,0,0,0,0
CLK5 FUT NYMEX 1000,20150320,143111,46.5,2,0,0,0,0,0
CLK5 FUT NYMEX 1000,20150320,143211,46.48,1,0,0,0,0,0
CLK5 FUT NYMEX 1000,20150320,143311,46.55,2,0,0,0,0,0
CLK5 FUT NYMEX 1000,20150320,143411,46.48,1,0,0,0,0,0
CLK5 FUT NYMEX 1000,20150320,143511,46.49,1,0,0,0,0,0
CLK5 FUT NYMEX 1000,20150320,143609,46.52,5,0,0,0,0,0
CLK5 FUT NYMEX 1000,20150320,143708,46.53,1,0,0,0,0,0
CLK5 FUT NYMEX 1000,20150320,143808,46.5,3,0,0,0,0,0
CLK5 FUT NYMEX 1000,20150320,143906,46.52,1,0,0,0,0,0
CLK5 FUT NYMEX 1000,20150320,144002,46.51,1,0,0,0,0,0
CLK5 FUT NYMEX 1000,20150320,144106,46.56,1,0,0,0,0,0
CLK5 FUT NYMEX 1000,20150320,144205,46.53,2,0,0,0,0,0
CLK5 FUT NYMEX 1000,20150320,144307,46.54,1,0,0,0,0,0
CLK5 FUT NYMEX 1000,20150320,144409,46.58,1,0,0,0,0,0
CLK5 FUT NYMEX 1000,20150320,144511,46.55,1,0,0,0,0,0
CLK5 FUT NYMEX 1000,20150320,144610,46.57,3,0,0,0,0,0
CLK5 FUT NYMEX 1000,20150320,144711,46.57,4,0,0,0,0,0
CLK5 FUT NYMEX 1000,20150320,144800,46.59,1,0,0,0,0,0
CLK5 FUT NYMEX 1000,20150320,144904,46.6,1,0,0,0,0,0
CLK5 FUT NYMEX 1000,20150320,145009,46.63,1,0,0,0,0,0
CLK5 FUT NYMEX 1000,20150320,145111,46.68,1,0,0,0,0,0
CLK5 FUT NYMEX 1000,20150320,145212,46.69,2,0,0,0,0,0
CLK5 FUT NYMEX 1000,20150320,145310,46.63,1,0,0,0,0,0
CLK5 FUT NYMEX 1000,20150320,145404,46.65,1,0,0,0,0,0
CLK5 FUT NYMEX 1000,20150320,145510,46.62,1,0,0,0,0,0
CLK5 FUT NYMEX 1000,20150320,145608,46.61,1,0,0,0,0,0
CLK5 FUT NYMEX 1000,20150320,145651,46.63,1,0,0,0,0,0
CLK5 FUT NYMEX 1000,20150320,145808,46.63,1,0,0,0,0,0
CLK5 FUT NYMEX 1000,20150320,145909,46.61,11,0,0,0,0,0
CLK5 FUT NYMEX 1000,20150320,145957,46.61,1,0,0,0,0,0
CLK5 FUT NYMEX 1000,20150320,150109,46.59,1,0,0,0,0,0
CLK5 FUT NYMEX 1000,20150320,150209,46.54,1,0,0,0,0,0
CLK5 FUT NYMEX 1000,20150320,150309,46.57,10,0,0,0,0,0
CLK5 FUT NYMEX 1000,20150320,150409,46.51,7,0,0,0,0,0
CLK5 FUT NYMEX 1000,20150320,150512,46.54,2,0,0,0,0,0
CLK5 FUT NYMEX 1000,20150320,150606,46.56,2,0,0,0,0,0
CLK5 FUT NYMEX 1000,20150320,150711,46.55,1,0,0,0,0,0
CLK5 FUT NYMEX 1000,20150320,150810,46.55,2,0,0,0,0,0
CLK5 FUT NYMEX 1000,20150320,150902,46.54,1,0,0,0,0,0
CLK5 FUT NYMEX 1000,20150320,151012,46.54,1,0,0,0,0,0
CLK5 FUT NYMEX 1000,20150320,151108,46.52,1,0,0,0,0,0
CLK5 FUT NYMEX 1000,20150320,151212,46.5,2,0,0,0,0,0
CLK5 FUT NYMEX 1000,20150320,151312,46.51,1,0,0,0,0,0
CLK5 FUT NYMEX 1000,20150320,151405,46.5,1,0,0,0,0,0
CLK5 FUT NYMEX 1000,20150320,151512,46.44,1,0,0,0,0,0
CLK5 FUT NYMEX 1000,20150320,151612,46.45,1,0,0,0,0,0
CLK5 FUT NYMEX 1000,20150320,151712,46.45,2,0,0,0,0,0
CLK5 FUT NYMEX 1000,20150320,151812,46.45,1,0,0,0,0,0
CLK5 FUT NYMEX 1000,20150320,151904,46.46,1,0,0,0,0,0
CLK5 FUT NYMEX 1000,20150320,152009,46.47,1,0,0,0,0,0
CLK5 FUT NYMEX 1000,20150320,152105,46.45,2,0,0,0,0,0
CLK5 FUT NYMEX 1000,20150320,152147,46.42,1,0,0,0,0,0
CLK5 FUT NYMEX 1000,20150320,152307,46.44,7,0,0,0,0,0
CLK5 FUT NYMEX 1000,20150320,152412,46.44,16,0,0,0,0,0
CLK5 FUT NYMEX 1000,20150320,152508,46.46,2,0,0,0,0,0
CLK5 FUT NYMEX 1000,20150320,152611,46.42,3,0,0,0,0,0
CLK5 FUT NYMEX 1000,20150320,152706,46.45,1,0,0,0,0,0
CLK5 FUT NYMEX 1000,20150320,152811,46.46,1,0,0,0,0,0
CLK5 FUT NYMEX 1000,20150320,152905,46.43,2,0,0,0,0,0
CLK5 FUT NYMEX 1000,20150320,153006,46.42,13,0,0,0,0,0
CLK5 FUT NYMEX 1000,20150320,153108,46.42,3,0,0,0,0,0
CLK5 FUT NYMEX 1000,20150320,153211,46.41,11,0,0,0,0,0
CLK5 FUT NYMEX 1000,20150320,153310,46.41,12,0,0,0,0,0
CLK5 FUT NYMEX 1000,20150320,153409,46.38,5,0,0,0,0,0
CLK5 FUT NYMEX 1000,20150320,153509,46.39,1,0,0,0,0,0
CLK5 FUT NYMEX 1000,20150320,153612,46.38,1,0,0,0,0,0
CLK5 FUT NYMEX 1000,20150320,153710,46.37,2,0,0,0,0,0
CLK5 FUT NYMEX 1000,20150320,153812,46.32,1,0,0,0,0,0
CLK5 FUT NYMEX 1000,20150320,153910,46.32,1,0,0,0,0,0
CLK5 FUT NYMEX 1000,20150320,154012,46.31,1,0,0,0,0,0
CLK5 FUT NYMEX 1000,20150320,154110,46.29,1,0,0,0,0,0
CLK5 FUT NYMEX 1000,20150320,154212,46.21,3,0,0,0,0,0
CLK5 FUT NYMEX 1000,20150320,154307,46.24,4,0,0,0,0,0
CLK5 FUT NYMEX 1000,20150320,154410,46.22,1,0,0,0,0,0
CLK5 FUT NYMEX 1000,20150320,154512,46.22,1,0,0,0,0,0
CLK5 FUT NYMEX 1000,20150320,154605,46.24,2,0,0,0,0,0
CLK5 FUT NYMEX 1000,20150320,154710,46.31,1,0,0,0,0,0
CLK5 FUT NYMEX 1000,20150320,154807,46.29,3,0,0,0,0,0
CLK5 FUT NYMEX 1000,20150320,154910,46.3,3,0,0,0,0,0
CLK5 FUT NYMEX 1000,20150320,154954,46.3,1,0,0,0,0,0
CLK5 FUT NYMEX 1000,20150320,155111,46.31,2,0,0,0,0,0
CLK5 FUT NYMEX 1000,20150320,155210,46.29,1,0,0,0,0,0
CLK5 FUT NYMEX 1000,20150320,155311,46.28,1,0,0,0,0,0
CLK5 FUT NYMEX 1000,20150320,155411,46.28,1,0,0,0,0,0
CLK5 FUT NYMEX 1000,20150320,155512,46.28,1,0,0,0,0,0
CLK5 FUT NYMEX 1000,20150320,155550,46.29,1,0,0,0,0,0
CLK5 FUT NYMEX 1000,20150320,155710,46.32,1,0,0,0,0,0
CLK5 FUT NYMEX 1000,20150320,155811,46.34,2,0,0,0,0,0
CLK5 FUT NYMEX 1000,20150320,155912,46.36,4,0,0,0,0,0
CLK5 FUT NYMEX 1000,20150320,160012,46.34,1,0,0,0,0,0
CLK5 FUT NYMEX 1000,20150320,160036,46.34,1,0,0,0,0,0
CLK5 FUT NYMEX 1000,20150320,160155,46.36,1,0,0,0,0,0
CLK5 FUT NYMEX 1000,20150320,160257,46.35,1,0,0,0,0,0
CLK5 FUT NYMEX 1000,20150320,160411,46.34,1,0,0,0,0,0
CLK5 FUT NYMEX 1000,20150320,160505,46.35,12,0,0,0,0,0
CLK5 FUT NYMEX 1000,20150320,160607,46.34,1,0,0,0,0,0
CLK5 FUT NYMEX 1000,20150320,160713,46.35,2,0,0,0,0,0
CLK5 FUT NYMEX 1000,20150320,160807,46.37,1,0,0,0,0,0
CLK5 FUT NYMEX 1000,20150320,160907,46.36,1,0,0,0,0,0
CLK5 FUT NYMEX 1000,20150320,161011,46.37,3,0,0,0,0,0
CLK5 FUT NYMEX 1000,20150320,161113,46.38,1,0,0,0,0,0
CLK5 FUT NYMEX 1000,20150320,161159,46.37,2,0,0,0,0,0
CLK5 FUT NYMEX 1000,20150320,161305,46.39,1,0,0,0,0,0
CLK5 FUT NYMEX 1000,20150320,161411,46.38,5,0,0,0,0,0
CLK5 FUT NYMEX 1000,20150320,161505,46.4,3,0,0,0,0,0
CLK5 FUT NYMEX 1000,20150320,161610,46.37,5,0,0,0,0,0
CLK5 FUT NYMEX 1000,20150320,161648,46.33,1,0,0,0,0,0
CLK5 FUT NYMEX 1000,20150320,161812,46.32,1,0,0,0,0,0
CLK5 FUT NYMEX 1000,20150320,161840,46.34,1,0,0,0,0,0
CLK5 FUT NYMEX 1000,20150320,162058,46.32,1,0,0,0,0,0
CLK5 FUT NYMEX 1000,20150320,162152,46.31,1,0,0,0,0,0
CLK5 FUT NYMEX 1000,20150320,162308,46.31,1,0,0,0,0,0
CLK5 FUT NYMEX 1000,20150320,162359,46.32,5,0,0,0,0,0
CLK5 FUT NYMEX 1000,20150320,162512,46.32,1,0,0,0,0,0
CLK5 FUT NYMEX 1000,20150320,162549,46.31,1,0,0,0,0,0
CLK5 FUT NYMEX 1000,20150320,162653,46.34,1,0,0,0,0,0
CLK5 FUT NYMEX 1000,20150320,162805,46.35,1,0,0,0,0,0
CLK5 FUT NYMEX 1000,20150320,162906,46.35,3,0,0,0,0,0
CLK5 FUT NYMEX 1000,20150320,163003,46.4,3,0,0,0,0,0
CLK5 FUT NYMEX 1000,20150320,163107,46.38,1,0,0,0,0,0
CLK5 FUT NYMEX 1000,20150320,163306,46.4,3,0,0,0,0,0
CLK5 FUT NYMEX 1000,20150320,163341,46.4,1,0,0,0,0,0
CLK5 FUT NYMEX 1000,20150320,163439,46.41,1,0,0,0,0,0
CLK5 FUT NYMEX 1000,20150320,163703,46.44,8,0,0,0,0,0
CLK5 FUT NYMEX 1000,20150320,163813,46.43,1,0,0,0,0,0
CLK5 FUT NYMEX 1000,20150320,163911,46.42,5,0,0,0,0,0
CLK5 FUT NYMEX 1000,20150320,164012,46.4,2,0,0,0,0,0
CLK5 FUT NYMEX 1000,20150320,164021,46.41,1,0,0,0,0,0
CLK5 FUT NYMEX 1000,20150320,164309,46.45,1,0,0,0,0,0
CLK5 FUT NYMEX 1000,20150320,164404,46.44,1,0,0,0,0,0
CLK5 FUT NYMEX 1000,20150320,164513,46.51,3,0,0,0,0,0
CLK5 FUT NYMEX 1000,20150320,164538,46.49,1,0,0,0,0,0
CLK5 FUT NYMEX 1000,20150320,164658,46.49,1,0,0,0,0,0
CLK5 FUT NYMEX 1000,20150320,164809,46.44,2,0,0,0,0,0
CLK5 FUT NYMEX 1000,20150320,164913,46.44,1,0,0,0,0,0
CLK5 FUT NYMEX 1000,20150320,165006,46.42,2,0,0,0,0,0
CLK5 FUT NYMEX 1000,20150320,165038,46.42,1,0,0,0,0,0
CLK5 FUT NYMEX 1000,20150320,165212,46.42,4,0,0,0,0,0
CLK5 FUT NYMEX 1000,20150320,165257,46.41,1,0,0,0,0,0
CLK5 FUT NYMEX 1000,20150320,165400,46.43,1,0,0,0,0,0
CLK5 FUT NYMEX 1000,20150320,165456,46.43,1,0,0,0,0,0
CLK5 FUT NYMEX 1000,20150320,165601,46.43,1,0,0,0,0,0
CLK5 FUT NYMEX 1000,20150320,165632,46.44,1,0,0,0,0,0
CLK5 FUT NYMEX 1000,20150320,165811,46.45,1,0,0,0,0,0
CLK5 FUT NYMEX 1000,20150320,165909,46.44,1,0,0,0,0,0
CLK5 FUT NYMEX 1000,20150320,170007,46.45,1,0,0,0,0,0
CLK5 FUT NYMEX 1000,20150320,170050,46.46,1,0,0,0,0,0
CLK5 FUT NYMEX 1000,20150320,170305,46.46,1,0,0,0,0,0
CLK5 FUT NYMEX 1000,20150320,170413,46.47,2,0,0,0,0,0
CLK5 FUT NYMEX 1000,20150320,170513,46.46,1,0,0,0,0,0
CLK5 FUT NYMEX 1000,20150320,170549,46.47,1,0,0,0,0,0
CLK5 FUT NYMEX 1000,20150320,170649,46.49,1,0,0,0,0,0
CLK5 FUT NYMEX 1000,20150320,170750,46.51,1,0,0,0,0,0
CLK5 FUT NYMEX 1000,20150320,170912,46.5,1,0,0,0,0,0
CLK5 FUT NYMEX 1000,20150320,171002,46.5,3,0,0,0,0,0
CLK5 FUT NYMEX 1000,20150320,171111,46.49,5,0,0,0,0,0
CLK5 FUT NYMEX 1000,20150320,171209,46.51,2,0,0,0,0,0
CLK5 FUT NYMEX 1000,20150320,171309,46.49,1,0,0,0,0,0
CLK5 FUT NYMEX 1000,20150320,171403,46.48,1,0,0,0,0,0
CLK5 FUT NYMEX 1000,20150320,171438,46.45,1,0,0,0,0,0
