138                 
ESH5 FUT GLOBEX 50,20150320,71702,2097.25,4,0,0,0,0,0
ESH5 FUT GLOBEX 50,20150320,71759,2097,2,0,0,0,0,0
ESH5 FUT GLOBEX 50,20150320,71850,2096.5,18,0,0,0,0,0
ESH5 FUT GLOBEX 50,20150320,71922,2096.5,3,0,0,0,0,0
ESH5 FUT GLOBEX 50,20150320,72104,2096.25,84,0,0,0,0,0
ESH5 FUT GLOBEX 50,20150320,72130,2096.5,2,0,0,0,0,0
ESH5 FUT GLOBEX 50,20150320,72228,2096.5,6,0,0,0,0,0
ESH5 FUT GLOBEX 50,20150320,72346,2096.5,2,0,0,0,0,0
ESH5 FUT GLOBEX 50,20150320,72459,2097,1,0,0,0,0,0
ESH5 FUT GLOBEX 50,20150320,72536,2096.75,2,0,0,0,0,0
ESH5 FUT GLOBEX 50,20150320,72648,2097.25,1,0,0,0,0,0
ESH5 FUT GLOBEX 50,20150320,72738,2097.25,5,0,0,0,0,0
ESH5 FUT GLOBEX 50,20150320,72845,2097.5,1,0,0,0,0,0
ESH5 FUT GLOBEX 50,20150320,73000,2098,1,0,0,0,0,0
ESH5 FUT GLOBEX 50,20150320,73102,2098,13,0,0,0,0,0
ESH5 FUT GLOBEX 50,20150320,73200,2097.5,9,0,0,0,0,0
ESH5 FUT GLOBEX 50,20150320,73240,2097.5,17,0,0,0,0,0
ESH5 FUT GLOBEX 50,20150320,73405,2097.75,51,0,0,0,0,0
ESH5 FUT GLOBEX 50,20150320,73446,2097.5,1,0,0,0,0,0
ESH5 FUT GLOBEX 50,20150320,73556,2097.75,2,0,0,0,0,0
ESH5 FUT GLOBEX 50,20150320,73700,2098.75,1,0,0,0,0,0
ESH5 FUT GLOBEX 50,20150320,73759,2098.25,18,0,0,0,0,0
ESH5 FUT GLOBEX 50,20150320,73900,2098.75,4,0,0,0,0,0
ESH5 FUT GLOBEX 50,20150320,73955,2098.75,1,0,0,0,0,0
ESH5 FUT GLOBEX 50,20150320,74016,2098.5,1,0,0,0,0,0
ESH5 FUT GLOBEX 50,20150320,74126,2098.5,2,0,0,0,0,0
ESH5 FUT GLOBEX 50,20150320,74239,2098.5,1,0,0,0,0,0
ESH5 FUT GLOBEX 50,20150320,74401,2098.5,5,0,0,0,0,0
ESH5 FUT GLOBEX 50,20150320,74453,2098.75,4,0,0,0,0,0
ESH5 FUT GLOBEX 50,20150320,74541,2099.25,2,0,0,0,0,0
ESH5 FUT GLOBEX 50,20150320,74703,2100,25,0,0,0,0,0
ESH5 FUT GLOBEX 50,20150320,74802,2100,25,0,0,0,0,0
ESH5 FUT GLOBEX 50,20150320,74904,2100.25,42,0,0,0,0,0
ESH5 FUT GLOBEX 50,20150320,74942,2100.75,1,0,0,0,0,0
ESH5 FUT GLOBEX 50,20150320,75104,2100.75,5,0,0,0,0,0
ESH5 FUT GLOBEX 50,20150320,75159,2101,1,0,0,0,0,0
ESH5 FUT GLOBEX 50,20150320,75306,2101,1,0,0,0,0,0
ESH5 FUT GLOBEX 50,20150320,75405,2101,1,0,0,0,0,0
ESH5 FUT GLOBEX 50,20150320,75456,2101,27,0,0,0,0,0
ESH5 FUT GLOBEX 50,20150320,75532,2101,1,0,0,0,0,0
ESH5 FUT GLOBEX 50,20150320,75655,2101,48,0,0,0,0,0
ESH5 FUT GLOBEX 50,20150320,75732,2100.75,7,0,0,0,0,0
ESH5 FUT GLOBEX 50,20150320,75841,2100.75,1,0,0,0,0,0
ESH5 FUT GLOBEX 50,20150320,75959,2101.25,25,0,0,0,0,0
ESH5 FUT GLOBEX 50,20150320,80102,2100.75,14,0,0,0,0,0
ESH5 FUT GLOBEX 50,20150320,80153,2101.5,43,0,0,0,0,0
ESH5 FUT GLOBEX 50,20150320,80229,2101.5,2,0,0,0,0,0
ESH5 FUT GLOBEX 50,20150320,80351,2101.75,5,0,0,0,0,0
ESH5 FUT GLOBEX 50,20150320,80445,2101.75,1,0,0,0,0,0
ESH5 FUT GLOBEX 50,20150320,80603,2101.75,3,0,0,0,0,0
ESH5 FUT GLOBEX 50,20150320,80706,2101.5,1,0,0,0,0,0
ESH5 FUT GLOBEX 50,20150320,80755,2101.75,2,0,0,0,0,0
ESH5 FUT GLOBEX 50,20150320,80814,2102,10,0,0,0,0,0
ESH5 FUT GLOBEX 50,20150320,80956,2102,11,0,0,0,0,0
ESH5 FUT GLOBEX 50,20150320,81059,2102.25,1,0,0,0,0,0
ESH5 FUT GLOBEX 50,20150320,81148,2101.75,4,0,0,0,0,0
ESH5 FUT GLOBEX 50,20150320,81300,2101.75,70,0,0,0,0,0
ESH5 FUT GLOBEX 50,20150320,81340,2101.25,1,0,0,0,0,0
ESH5 FUT GLOBEX 50,20150320,81415,2101.5,20,0,0,0,0,0
ESH5 FUT GLOBEX 50,20150320,81550,2101.75,1,0,0,0,0,0
ESH5 FUT GLOBEX 50,20150320,81653,2102,2,0,0,0,0,0
ESH5 FUT GLOBEX 50,20150320,81747,2102,1,0,0,0,0,0
ESH5 FUT GLOBEX 50,20150320,81851,2102,2,0,0,0,0,0
ESH5 FUT GLOBEX 50,20150320,82004,2102.25,25,0,0,0,0,0
ESH5 FUT GLOBEX 50,20150320,82048,2101.75,5,0,0,0,0,0
ESH5 FUT GLOBEX 50,20150320,82203,2101.75,2,0,0,0,0,0
ESH5 FUT GLOBEX 50,20150320,82305,2102,1,0,0,0,0,0
ESH5 FUT GLOBEX 50,20150320,82502,2102.25,25,0,0,0,0,0
ESH5 FUT GLOBEX 50,20150320,82551,2102,1,0,0,0,0,0
ESH5 FUT GLOBEX 50,20150320,82705,2102.25,1,0,0,0,0,0
ESH5 FUT GLOBEX 50,20150320,82802,2102,5,0,0,0,0,0
ESH5 FUT GLOBEX 50,20150320,82849,2102.25,1,0,0,0,0,0
ESH5 FUT GLOBEX 50,20150320,82944,2102,5,0,0,0,0,0
ESH5 FUT GLOBEX 50,20150320,83057,2102.75,1,0,0,0,0,0
ESH5 FUT GLOBEX 50,20150320,83155,2102.75,1,0,0,0,0,0
ESH5 FUT GLOBEX 50,20150320,83302,2103,10,0,0,0,0,0
ESH5 FUT GLOBEX 50,20150320,83359,2102.5,5,0,0,0,0,0
ESH5 FUT GLOBEX 50,20150320,83455,2102.25,25,0,0,0,0,0
ESH5 FUT GLOBEX 50,20150320,83528,2102.5,2,0,0,0,0,0
ESH5 FUT GLOBEX 50,20150320,83703,2102.75,15,0,0,0,0,0
ESH5 FUT GLOBEX 50,20150320,83806,2102.75,10,0,0,0,0,0
ESH5 FUT GLOBEX 50,20150320,83859,2102.25,1,0,0,0,0,0
ESH5 FUT GLOBEX 50,20150320,83945,2102.5,2,0,0,0,0,0
ESH5 FUT GLOBEX 50,20150320,84106,2102.5,1,0,0,0,0,0
ESH5 FUT GLOBEX 50,20150320,84204,2102,9,0,0,0,0,0
ESH5 FUT GLOBEX 50,20150320,84254,2102.25,75,0,0,0,0,0
ESH5 FUT GLOBEX 50,20150320,84443,2102.5,2,0,0,0,0,0
ESH5 FUT GLOBEX 50,20150320,84605,2105,4,0,0,0,0,0
ESH5 FUT GLOBEX 50,20150320,84706,2105,1,0,0,0,0,0
ESH5 FUT GLOBEX 50,20150320,84806,2105,50,0,0,0,0,0
ESH5 FUT GLOBEX 50,20150320,84906,2104.75,1,0,0,0,0,0
ESH5 FUT GLOBEX 50,20150320,85001,2105,4,0,0,0,0,0
ESH5 FUT GLOBEX 50,20150320,85101,2105.25,7,0,0,0,0,0
ESH5 FUT GLOBEX 50,20150320,85205,2104.5,50,0,0,0,0,0
ESH5 FUT GLOBEX 50,20150320,85301,2104.75,7,0,0,0,0,0
ESH5 FUT GLOBEX 50,20150320,85401,2104.5,35,0,0,0,0,0
ESH5 FUT GLOBEX 50,20150320,85504,2104.5,2,0,0,0,0,0
ESH5 FUT GLOBEX 50,20150320,85549,2104.75,1,0,0,0,0,0
ESH5 FUT GLOBEX 50,20150320,85706,2105,30,0,0,0,0,0
ESH5 FUT GLOBEX 50,20150320,85803,2104.5,38,0,0,0,0,0
ESH5 FUT GLOBEX 50,20150320,85904,2104.25,1,0,0,0,0,0
ESH5 FUT GLOBEX 50,20150320,85955,2104,1,0,0,0,0,0
ESH5 FUT GLOBEX 50,20150320,90100,2103.5,20,0,0,0,0,0
ESH5 FUT GLOBEX 50,20150320,90158,2104,1,0,0,0,0,0
ESH5 FUT GLOBEX 50,20150320,90259,2104,2,0,0,0,0,0
ESH5 FUT GLOBEX 50,20150320,90404,2104.5,3,0,0,0,0,0
ESH5 FUT GLOBEX 50,20150320,90504,2104.25,1,0,0,0,0,0
ESH5 FUT GLOBEX 50,20150320,90605,2104,35,0,0,0,0,0
ESH5 FUT GLOBEX 50,20150320,90707,2104,10,0,0,0,0,0
ESH5 FUT GLOBEX 50,20150320,90805,2104.25,5,0,0,0,0,0
ESH5 FUT GLOBEX 50,20150320,90906,2104.25,5,0,0,0,0,0
ESH5 FUT GLOBEX 50,20150320,91003,2104.75,7,0,0,0,0,0
ESH5 FUT GLOBEX 50,20150320,91103,2104.75,7,0,0,0,0,0
ESH5 FUT GLOBEX 50,20150320,91203,2105,3,0,0,0,0,0
ESH5 FUT GLOBEX 50,20150320,91305,2104.75,50,0,0,0,0,0
ESH5 FUT GLOBEX 50,20150320,91402,2104.75,7,0,0,0,0,0
ESH5 FUT GLOBEX 50,20150320,91505,2105.25,50,0,0,0,0,0
ESH5 FUT GLOBEX 50,20150320,91602,2104.75,2,0,0,0,0,0
ESH5 FUT GLOBEX 50,20150320,91659,2104.5,4,0,0,0,0,0
ESH5 FUT GLOBEX 50,20150320,91802,2104.5,60,0,0,0,0,0
ESH5 FUT GLOBEX 50,20150320,91829,2105,1,0,0,0,0,0
ESH5 FUT GLOBEX 50,20150320,91957,2105,10,0,0,0,0,0
ESH5 FUT GLOBEX 50,20150320,92107,2104.75,1,0,0,0,0,0
ESH5 FUT GLOBEX 50,20150320,92206,2105,5,0,0,0,0,0
ESH5 FUT GLOBEX 50,20150320,92305,2105,1,0,0,0,0,0
ESH5 FUT GLOBEX 50,20150320,92407,2105,10,0,0,0,0,0
ESH5 FUT GLOBEX 50,20150320,92459,2105,1,0,0,0,0,0
ESH5 FUT GLOBEX 50,20150320,92607,2104.75,1,0,0,0,0,0
ESH5 FUT GLOBEX 50,20150320,92704,2104.25,1,0,0,0,0,0
ESH5 FUT GLOBEX 50,20150320,92803,2102.25,2,0,0,0,0,0
ESH5 FUT GLOBEX 50,20150320,92907,2102.25,1,0,0,0,0,0
ESH5 FUT GLOBEX 50,20150320,92933,2101.25,7,0,0,0,0,0
ESH5 FUT GLOBEX 50,20150320,172013,2101.25,7,0,0,0,0,0
ESH5 FUT GLOBEX 50,20150320,172543,2101.25,7,0,0,0,0,0
ESH5 FUT GLOBEX 50,20150320,172641,2101.25,7,0,0,0,0,0
ESH5 FUT GLOBEX 50,20150320,175026,2101.25,7,0,0,0,0,0
ESH5 FUT GLOBEX 50,20150320,175350,2101.25,7,0,0,0,0,0
ESH5 FUT GLOBEX 50,20150320,181817,2101.25,7,0,0,0,0,0
