585                 
ESM5 FUT GLOBEX 50,20150320,71705,2088.5,3,0,0,0,0,0
ESM5 FUT GLOBEX 50,20150320,71804,2088,5,0,0,0,0,0
ESM5 FUT GLOBEX 50,20150320,71905,2087.75,33,0,0,0,0,0
ESM5 FUT GLOBEX 50,20150320,72003,2087.75,12,0,0,0,0,0
ESM5 FUT GLOBEX 50,20150320,72105,2087.5,19,0,0,0,0,0
ESM5 FUT GLOBEX 50,20150320,72154,2087.75,1,0,0,0,0,0
ESM5 FUT GLOBEX 50,20150320,72251,2087.75,2,0,0,0,0,0
ESM5 FUT GLOBEX 50,20150320,72347,2087.75,89,0,0,0,0,0
ESM5 FUT GLOBEX 50,20150320,72501,2088.25,1,0,0,0,0,0
ESM5 FUT GLOBEX 50,20150320,72605,2087.75,9,0,0,0,0,0
ESM5 FUT GLOBEX 50,20150320,72646,2088,1,0,0,0,0,0
ESM5 FUT GLOBEX 50,20150320,72750,2088.5,4,0,0,0,0,0
ESM5 FUT GLOBEX 50,20150320,72905,2088.5,6,0,0,0,0,0
ESM5 FUT GLOBEX 50,20150320,73002,2089,1,0,0,0,0,0
ESM5 FUT GLOBEX 50,20150320,73105,2089,9,0,0,0,0,0
ESM5 FUT GLOBEX 50,20150320,73201,2088.5,1,0,0,0,0,0
ESM5 FUT GLOBEX 50,20150320,73252,2088.5,1,0,0,0,0,0
ESM5 FUT GLOBEX 50,20150320,73404,2089,69,0,0,0,0,0
ESM5 FUT GLOBEX 50,20150320,73458,2088.75,3,0,0,0,0,0
ESM5 FUT GLOBEX 50,20150320,73604,2089,1,0,0,0,0,0
ESM5 FUT GLOBEX 50,20150320,73705,2089.75,1,0,0,0,0,0
ESM5 FUT GLOBEX 50,20150320,73803,2089.5,2,0,0,0,0,0
ESM5 FUT GLOBEX 50,20150320,73848,2089.75,2,0,0,0,0,0
ESM5 FUT GLOBEX 50,20150320,74005,2089.25,6,0,0,0,0,0
ESM5 FUT GLOBEX 50,20150320,74105,2089.75,10,0,0,0,0,0
ESM5 FUT GLOBEX 50,20150320,74204,2089.75,2,0,0,0,0,0
ESM5 FUT GLOBEX 50,20150320,74249,2089.5,1,0,0,0,0,0
ESM5 FUT GLOBEX 50,20150320,74401,2089.5,2,0,0,0,0,0
ESM5 FUT GLOBEX 50,20150320,74459,2089.75,1,0,0,0,0,0
ESM5 FUT GLOBEX 50,20150320,74605,2090.25,10,0,0,0,0,0
ESM5 FUT GLOBEX 50,20150320,74704,2091,1,0,0,0,0,0
ESM5 FUT GLOBEX 50,20150320,74802,2090.75,5,0,0,0,0,0
ESM5 FUT GLOBEX 50,20150320,74905,2091.25,1,0,0,0,0,0
ESM5 FUT GLOBEX 50,20150320,75002,2091.75,25,0,0,0,0,0
ESM5 FUT GLOBEX 50,20150320,75104,2091.75,8,0,0,0,0,0
ESM5 FUT GLOBEX 50,20150320,75205,2092,1,0,0,0,0,0
ESM5 FUT GLOBEX 50,20150320,75306,2092,7,0,0,0,0,0
ESM5 FUT GLOBEX 50,20150320,75404,2092,1,0,0,0,0,0
ESM5 FUT GLOBEX 50,20150320,75504,2091.75,1,0,0,0,0,0
ESM5 FUT GLOBEX 50,20150320,75606,2091.75,1,0,0,0,0,0
ESM5 FUT GLOBEX 50,20150320,75702,2091.75,40,0,0,0,0,0
ESM5 FUT GLOBEX 50,20150320,75759,2091.75,1,0,0,0,0,0
ESM5 FUT GLOBEX 50,20150320,75900,2091.5,1,0,0,0,0,0
ESM5 FUT GLOBEX 50,20150320,80003,2092,1,0,0,0,0,0
ESM5 FUT GLOBEX 50,20150320,80100,2091.75,1,0,0,0,0,0
ESM5 FUT GLOBEX 50,20150320,80205,2092.5,72,0,0,0,0,0
ESM5 FUT GLOBEX 50,20150320,80305,2092.5,14,0,0,0,0,0
ESM5 FUT GLOBEX 50,20150320,80401,2092.5,14,0,0,0,0,0
ESM5 FUT GLOBEX 50,20150320,80505,2092.75,1,0,0,0,0,0
ESM5 FUT GLOBEX 50,20150320,80554,2092.75,1,0,0,0,0,0
ESM5 FUT GLOBEX 50,20150320,80706,2092.5,2,0,0,0,0,0
ESM5 FUT GLOBEX 50,20150320,80806,2092.75,1,0,0,0,0,0
ESM5 FUT GLOBEX 50,20150320,80904,2093,1,0,0,0,0,0
ESM5 FUT GLOBEX 50,20150320,81003,2093,6,0,0,0,0,0
ESM5 FUT GLOBEX 50,20150320,81105,2093,1,0,0,0,0,0
ESM5 FUT GLOBEX 50,20150320,81205,2092.75,5,0,0,0,0,0
ESM5 FUT GLOBEX 50,20150320,81300,2092.75,20,0,0,0,0,0
ESM5 FUT GLOBEX 50,20150320,81405,2092.5,5,0,0,0,0,0
ESM5 FUT GLOBEX 50,20150320,81505,2092.75,1,0,0,0,0,0
ESM5 FUT GLOBEX 50,20150320,81602,2092.75,251,0,0,0,0,0
ESM5 FUT GLOBEX 50,20150320,81705,2093,6,0,0,0,0,0
ESM5 FUT GLOBEX 50,20150320,81804,2092.75,5,0,0,0,0,0
ESM5 FUT GLOBEX 50,20150320,81905,2093.25,5,0,0,0,0,0
ESM5 FUT GLOBEX 50,20150320,82004,2093,1,0,0,0,0,0
ESM5 FUT GLOBEX 50,20150320,82105,2093,19,0,0,0,0,0
ESM5 FUT GLOBEX 50,20150320,82206,2093,21,0,0,0,0,0
ESM5 FUT GLOBEX 50,20150320,82252,2092.75,1,0,0,0,0,0
ESM5 FUT GLOBEX 50,20150320,82359,2093,2,0,0,0,0,0
ESM5 FUT GLOBEX 50,20150320,82503,2092.75,3,0,0,0,0,0
ESM5 FUT GLOBEX 50,20150320,82606,2092.75,1,0,0,0,0,0
ESM5 FUT GLOBEX 50,20150320,82706,2093,50,0,0,0,0,0
ESM5 FUT GLOBEX 50,20150320,82805,2093,3,0,0,0,0,0
ESM5 FUT GLOBEX 50,20150320,82905,2093,2,0,0,0,0,0
ESM5 FUT GLOBEX 50,20150320,83004,2093,53,0,0,0,0,0
ESM5 FUT GLOBEX 50,20150320,83104,2093.25,1,0,0,0,0,0
ESM5 FUT GLOBEX 50,20150320,83206,2093.5,148,0,0,0,0,0
ESM5 FUT GLOBEX 50,20150320,83259,2093.5,1,0,0,0,0,0
ESM5 FUT GLOBEX 50,20150320,83406,2093.5,1,0,0,0,0,0
ESM5 FUT GLOBEX 50,20150320,83503,2093.5,1,0,0,0,0,0
ESM5 FUT GLOBEX 50,20150320,83604,2093.5,11,0,0,0,0,0
ESM5 FUT GLOBEX 50,20150320,83706,2093.5,15,0,0,0,0,0
ESM5 FUT GLOBEX 50,20150320,83806,2093.5,150,0,0,0,0,0
ESM5 FUT GLOBEX 50,20150320,83857,2093.25,1,0,0,0,0,0
ESM5 FUT GLOBEX 50,20150320,84005,2093.25,7,0,0,0,0,0
ESM5 FUT GLOBEX 50,20150320,84104,2093.5,16,0,0,0,0,0
ESM5 FUT GLOBEX 50,20150320,84206,2093,1,0,0,0,0,0
ESM5 FUT GLOBEX 50,20150320,84306,2093.25,3,0,0,0,0,0
ESM5 FUT GLOBEX 50,20150320,84406,2093.25,1,0,0,0,0,0
ESM5 FUT GLOBEX 50,20150320,84506,2093.75,2,0,0,0,0,0
ESM5 FUT GLOBEX 50,20150320,84606,2096.25,3,0,0,0,0,0
ESM5 FUT GLOBEX 50,20150320,84706,2096,1,0,0,0,0,0
ESM5 FUT GLOBEX 50,20150320,84804,2096.25,1,0,0,0,0,0
ESM5 FUT GLOBEX 50,20150320,84905,2095.75,2,0,0,0,0,0
ESM5 FUT GLOBEX 50,20150320,85006,2095.75,1,0,0,0,0,0
ESM5 FUT GLOBEX 50,20150320,85101,2096,1,0,0,0,0,0
ESM5 FUT GLOBEX 50,20150320,85206,2095.75,5,0,0,0,0,0
ESM5 FUT GLOBEX 50,20150320,85306,2095.5,1,0,0,0,0,0
ESM5 FUT GLOBEX 50,20150320,85406,2095.75,51,0,0,0,0,0
ESM5 FUT GLOBEX 50,20150320,85507,2095.5,8,0,0,0,0,0
ESM5 FUT GLOBEX 50,20150320,85606,2095.75,1,0,0,0,0,0
ESM5 FUT GLOBEX 50,20150320,85706,2096,1,0,0,0,0,0
ESM5 FUT GLOBEX 50,20150320,85806,2095.75,87,0,0,0,0,0
ESM5 FUT GLOBEX 50,20150320,85906,2095.5,40,0,0,0,0,0
ESM5 FUT GLOBEX 50,20150320,90004,2095.25,1,0,0,0,0,0
ESM5 FUT GLOBEX 50,20150320,90107,2095,76,0,0,0,0,0
ESM5 FUT GLOBEX 50,20150320,90205,2095.5,5,0,0,0,0,0
ESM5 FUT GLOBEX 50,20150320,90300,2095.25,1,0,0,0,0,0
ESM5 FUT GLOBEX 50,20150320,90407,2095.5,4,0,0,0,0,0
ESM5 FUT GLOBEX 50,20150320,90502,2095.25,1,0,0,0,0,0
ESM5 FUT GLOBEX 50,20150320,90602,2095.5,5,0,0,0,0,0
ESM5 FUT GLOBEX 50,20150320,90706,2095.25,2,0,0,0,0,0
ESM5 FUT GLOBEX 50,20150320,90806,2095.5,3,0,0,0,0,0
ESM5 FUT GLOBEX 50,20150320,90904,2095.75,1,0,0,0,0,0
ESM5 FUT GLOBEX 50,20150320,91006,2096.25,1,0,0,0,0,0
ESM5 FUT GLOBEX 50,20150320,91106,2096,5,0,0,0,0,0
ESM5 FUT GLOBEX 50,20150320,91205,2096.5,1,0,0,0,0,0
ESM5 FUT GLOBEX 50,20150320,91306,2096.75,1,0,0,0,0,0
ESM5 FUT GLOBEX 50,20150320,91406,2096.5,1,0,0,0,0,0
ESM5 FUT GLOBEX 50,20150320,91506,2096.75,1,0,0,0,0,0
ESM5 FUT GLOBEX 50,20150320,91607,2096.25,5,0,0,0,0,0
ESM5 FUT GLOBEX 50,20150320,91707,2096.25,120,0,0,0,0,0
ESM5 FUT GLOBEX 50,20150320,91806,2096,1,0,0,0,0,0
ESM5 FUT GLOBEX 50,20150320,91905,2096.5,11,0,0,0,0,0
ESM5 FUT GLOBEX 50,20150320,92007,2096.75,1,0,0,0,0,0
ESM5 FUT GLOBEX 50,20150320,92107,2096.25,11,0,0,0,0,0
ESM5 FUT GLOBEX 50,20150320,92207,2096.5,2,0,0,0,0,0
ESM5 FUT GLOBEX 50,20150320,92306,2096.5,67,0,0,0,0,0
ESM5 FUT GLOBEX 50,20150320,92407,2096.5,67,0,0,0,0,0
ESM5 FUT GLOBEX 50,20150320,92507,2096.5,6,0,0,0,0,0
ESM5 FUT GLOBEX 50,20150320,92607,2096,3,0,0,0,0,0
ESM5 FUT GLOBEX 50,20150320,92707,2095,1,0,0,0,0,0
ESM5 FUT GLOBEX 50,20150320,92806,2093.5,101,0,0,0,0,0
ESM5 FUT GLOBEX 50,20150320,92907,2093,3,0,0,0,0,0
ESM5 FUT GLOBEX 50,20150320,93007,2092.75,102,0,0,0,0,0
ESM5 FUT GLOBEX 50,20150320,93107,2093,1,0,0,0,0,0
ESM5 FUT GLOBEX 50,20150320,93207,2094,2,0,0,0,0,0
ESM5 FUT GLOBEX 50,20150320,93306,2093.25,316,0,0,0,0,0
ESM5 FUT GLOBEX 50,20150320,93407,2094.5,1,0,0,0,0,0
ESM5 FUT GLOBEX 50,20150320,93507,2096,3,0,0,0,0,0
ESM5 FUT GLOBEX 50,20150320,93607,2093.75,100,0,0,0,0,0
ESM5 FUT GLOBEX 50,20150320,93707,2094.25,55,0,0,0,0,0
ESM5 FUT GLOBEX 50,20150320,93807,2095.25,8,0,0,0,0,0
ESM5 FUT GLOBEX 50,20150320,93907,2095,400,0,0,0,0,0
ESM5 FUT GLOBEX 50,20150320,94007,2095.25,13,0,0,0,0,0
ESM5 FUT GLOBEX 50,20150320,94107,2094.25,3,0,0,0,0,0
ESM5 FUT GLOBEX 50,20150320,94206,2093,40,0,0,0,0,0
ESM5 FUT GLOBEX 50,20150320,94307,2093.5,3,0,0,0,0,0
ESM5 FUT GLOBEX 50,20150320,94407,2093.75,68,0,0,0,0,0
ESM5 FUT GLOBEX 50,20150320,94506,2093.5,38,0,0,0,0,0
ESM5 FUT GLOBEX 50,20150320,94607,2094.5,16,0,0,0,0,0
ESM5 FUT GLOBEX 50,20150320,94707,2095.5,26,0,0,0,0,0
ESM5 FUT GLOBEX 50,20150320,94806,2095.5,11,0,0,0,0,0
ESM5 FUT GLOBEX 50,20150320,94907,2094.75,1,0,0,0,0,0
ESM5 FUT GLOBEX 50,20150320,95007,2096.25,13,0,0,0,0,0
ESM5 FUT GLOBEX 50,20150320,95107,2096,1,0,0,0,0,0
ESM5 FUT GLOBEX 50,20150320,95207,2096.25,1,0,0,0,0,0
ESM5 FUT GLOBEX 50,20150320,95306,2095.5,11,0,0,0,0,0
ESM5 FUT GLOBEX 50,20150320,95407,2095.5,79,0,0,0,0,0
ESM5 FUT GLOBEX 50,20150320,95507,2095,5,0,0,0,0,0
ESM5 FUT GLOBEX 50,20150320,95607,2095.25,2,0,0,0,0,0
ESM5 FUT GLOBEX 50,20150320,95706,2095.5,1,0,0,0,0,0
ESM5 FUT GLOBEX 50,20150320,95807,2095.25,1,0,0,0,0,0
ESM5 FUT GLOBEX 50,20150320,95905,2094.25,1,0,0,0,0,0
ESM5 FUT GLOBEX 50,20150320,100007,2094.75,1,0,0,0,0,0
ESM5 FUT GLOBEX 50,20150320,100107,2095.5,1,0,0,0,0,0
ESM5 FUT GLOBEX 50,20150320,100207,2095.5,18,0,0,0,0,0
ESM5 FUT GLOBEX 50,20150320,100307,2096,1,0,0,0,0,0
ESM5 FUT GLOBEX 50,20150320,100406,2095.5,1,0,0,0,0,0
ESM5 FUT GLOBEX 50,20150320,100508,2095.75,1,0,0,0,0,0
ESM5 FUT GLOBEX 50,20150320,100607,2095.5,4,0,0,0,0,0
ESM5 FUT GLOBEX 50,20150320,100707,2095,10,0,0,0,0,0
ESM5 FUT GLOBEX 50,20150320,100807,2095.5,1,0,0,0,0,0
ESM5 FUT GLOBEX 50,20150320,100907,2094.75,11,0,0,0,0,0
ESM5 FUT GLOBEX 50,20150320,101005,2094.75,1,0,0,0,0,0
ESM5 FUT GLOBEX 50,20150320,101108,2094.75,1,0,0,0,0,0
ESM5 FUT GLOBEX 50,20150320,101208,2094,2,0,0,0,0,0
ESM5 FUT GLOBEX 50,20150320,101308,2094.75,7,0,0,0,0,0
ESM5 FUT GLOBEX 50,20150320,101407,2094.75,125,0,0,0,0,0
ESM5 FUT GLOBEX 50,20150320,101507,2094.25,1,0,0,0,0,0
ESM5 FUT GLOBEX 50,20150320,101608,2094,779,0,0,0,0,0
ESM5 FUT GLOBEX 50,20150320,101708,2094.25,16,0,0,0,0,0
ESM5 FUT GLOBEX 50,20150320,101807,2095.25,9,0,0,0,0,0
ESM5 FUT GLOBEX 50,20150320,101908,2095,32,0,0,0,0,0
ESM5 FUT GLOBEX 50,20150320,102007,2095.5,1,0,0,0,0,0
ESM5 FUT GLOBEX 50,20150320,102107,2095.5,452,0,0,0,0,0
ESM5 FUT GLOBEX 50,20150320,102207,2095.25,20,0,0,0,0,0
ESM5 FUT GLOBEX 50,20150320,102304,2095,3,0,0,0,0,0
ESM5 FUT GLOBEX 50,20150320,102407,2095,2,0,0,0,0,0
ESM5 FUT GLOBEX 50,20150320,102506,2095.25,55,0,0,0,0,0
ESM5 FUT GLOBEX 50,20150320,102605,2095,1,0,0,0,0,0
ESM5 FUT GLOBEX 50,20150320,102707,2094.5,40,0,0,0,0,0
ESM5 FUT GLOBEX 50,20150320,102808,2094.75,1,0,0,0,0,0
ESM5 FUT GLOBEX 50,20150320,102906,2094.75,60,0,0,0,0,0
ESM5 FUT GLOBEX 50,20150320,103007,2095,3,0,0,0,0,0
ESM5 FUT GLOBEX 50,20150320,103108,2095,2,0,0,0,0,0
ESM5 FUT GLOBEX 50,20150320,103208,2096,20,0,0,0,0,0
ESM5 FUT GLOBEX 50,20150320,103308,2097.25,2,0,0,0,0,0
ESM5 FUT GLOBEX 50,20150320,103408,2096.75,40,0,0,0,0,0
ESM5 FUT GLOBEX 50,20150320,103507,2096.75,113,0,0,0,0,0
ESM5 FUT GLOBEX 50,20150320,103608,2097.5,23,0,0,0,0,0
ESM5 FUT GLOBEX 50,20150320,103708,2099,35,0,0,0,0,0
ESM5 FUT GLOBEX 50,20150320,103807,2098.75,7,0,0,0,0,0
ESM5 FUT GLOBEX 50,20150320,103908,2098.5,14,0,0,0,0,0
ESM5 FUT GLOBEX 50,20150320,104008,2098.5,1,0,0,0,0,0
ESM5 FUT GLOBEX 50,20150320,104108,2098.75,1,0,0,0,0,0
ESM5 FUT GLOBEX 50,20150320,104208,2098.5,20,0,0,0,0,0
ESM5 FUT GLOBEX 50,20150320,104308,2099,1,0,0,0,0,0
ESM5 FUT GLOBEX 50,20150320,104408,2098.75,14,0,0,0,0,0
ESM5 FUT GLOBEX 50,20150320,104508,2098.75,1,0,0,0,0,0
ESM5 FUT GLOBEX 50,20150320,104608,2098.75,1,0,0,0,0,0
ESM5 FUT GLOBEX 50,20150320,104708,2097.5,4,0,0,0,0,0
ESM5 FUT GLOBEX 50,20150320,104807,2097.5,1,0,0,0,0,0
ESM5 FUT GLOBEX 50,20150320,104907,2097,3,0,0,0,0,0
ESM5 FUT GLOBEX 50,20150320,105007,2096.75,61,0,0,0,0,0
ESM5 FUT GLOBEX 50,20150320,105107,2096.75,1,0,0,0,0,0
ESM5 FUT GLOBEX 50,20150320,105207,2097.25,13,0,0,0,0,0
ESM5 FUT GLOBEX 50,20150320,105307,2097,4,0,0,0,0,0
ESM5 FUT GLOBEX 50,20150320,105408,2097.25,20,0,0,0,0,0
ESM5 FUT GLOBEX 50,20150320,105508,2097.25,11,0,0,0,0,0
ESM5 FUT GLOBEX 50,20150320,105608,2097.75,330,0,0,0,0,0
ESM5 FUT GLOBEX 50,20150320,105708,2098.5,1,0,0,0,0,0
ESM5 FUT GLOBEX 50,20150320,105808,2098.5,3,0,0,0,0,0
ESM5 FUT GLOBEX 50,20150320,105908,2098.5,4,0,0,0,0,0
ESM5 FUT GLOBEX 50,20150320,110008,2098.75,1,0,0,0,0,0
ESM5 FUT GLOBEX 50,20150320,110107,2099,3,0,0,0,0,0
ESM5 FUT GLOBEX 50,20150320,110207,2099.5,4,0,0,0,0,0
ESM5 FUT GLOBEX 50,20150320,110308,2099.5,2,0,0,0,0,0
ESM5 FUT GLOBEX 50,20150320,110408,2099.75,4,0,0,0,0,0
ESM5 FUT GLOBEX 50,20150320,110507,2100.5,8,0,0,0,0,0
ESM5 FUT GLOBEX 50,20150320,110608,2100,3,0,0,0,0,0
ESM5 FUT GLOBEX 50,20150320,110706,2099.75,1,0,0,0,0,0
ESM5 FUT GLOBEX 50,20150320,110808,2099,11,0,0,0,0,0
ESM5 FUT GLOBEX 50,20150320,110908,2099.25,1,0,0,0,0,0
ESM5 FUT GLOBEX 50,20150320,111009,2099.25,6,0,0,0,0,0
ESM5 FUT GLOBEX 50,20150320,111107,2099,2,0,0,0,0,0
ESM5 FUT GLOBEX 50,20150320,111208,2099.5,20,0,0,0,0,0
ESM5 FUT GLOBEX 50,20150320,111308,2099.75,5,0,0,0,0,0
ESM5 FUT GLOBEX 50,20150320,111409,2099.75,1,0,0,0,0,0
ESM5 FUT GLOBEX 50,20150320,111507,2100.5,1,0,0,0,0,0
ESM5 FUT GLOBEX 50,20150320,111608,2100.25,1,0,0,0,0,0
ESM5 FUT GLOBEX 50,20150320,111708,2100.25,1,0,0,0,0,0
ESM5 FUT GLOBEX 50,20150320,111808,2100.75,1,0,0,0,0,0
ESM5 FUT GLOBEX 50,20150320,111907,2100.25,77,0,0,0,0,0
ESM5 FUT GLOBEX 50,20150320,112008,2100.25,5,0,0,0,0,0
ESM5 FUT GLOBEX 50,20150320,112107,2100.5,5,0,0,0,0,0
ESM5 FUT GLOBEX 50,20150320,112208,2100.5,1,0,0,0,0,0
ESM5 FUT GLOBEX 50,20150320,112308,2101,140,0,0,0,0,0
ESM5 FUT GLOBEX 50,20150320,112408,2101.5,24,0,0,0,0,0
ESM5 FUT GLOBEX 50,20150320,112508,2102,1,0,0,0,0,0
ESM5 FUT GLOBEX 50,20150320,112608,2101.25,1,0,0,0,0,0
ESM5 FUT GLOBEX 50,20150320,112708,2101.5,3,0,0,0,0,0
ESM5 FUT GLOBEX 50,20150320,112808,2101.75,121,0,0,0,0,0
ESM5 FUT GLOBEX 50,20150320,112907,2101.75,1,0,0,0,0,0
ESM5 FUT GLOBEX 50,20150320,113008,2101.75,1,0,0,0,0,0
ESM5 FUT GLOBEX 50,20150320,113107,2101.75,10,0,0,0,0,0
ESM5 FUT GLOBEX 50,20150320,113208,2102.25,19,0,0,0,0,0
ESM5 FUT GLOBEX 50,20150320,113308,2102.25,4,0,0,0,0,0
ESM5 FUT GLOBEX 50,20150320,113409,2101.75,1,0,0,0,0,0
ESM5 FUT GLOBEX 50,20150320,113506,2101.75,2,0,0,0,0,0
ESM5 FUT GLOBEX 50,20150320,113609,2101.75,1,0,0,0,0,0
ESM5 FUT GLOBEX 50,20150320,113708,2101.75,205,0,0,0,0,0
ESM5 FUT GLOBEX 50,20150320,113808,2102.25,12,0,0,0,0,0
ESM5 FUT GLOBEX 50,20150320,113909,2101.5,152,0,0,0,0,0
ESM5 FUT GLOBEX 50,20150320,114009,2101.5,4,0,0,0,0,0
ESM5 FUT GLOBEX 50,20150320,114109,2101.75,3,0,0,0,0,0
ESM5 FUT GLOBEX 50,20150320,114207,2101.25,2,0,0,0,0,0
ESM5 FUT GLOBEX 50,20150320,114307,2100.75,31,0,0,0,0,0
ESM5 FUT GLOBEX 50,20150320,114408,2100.75,1,0,0,0,0,0
ESM5 FUT GLOBEX 50,20150320,114507,2101,2,0,0,0,0,0
ESM5 FUT GLOBEX 50,20150320,114607,2101,1,0,0,0,0,0
ESM5 FUT GLOBEX 50,20150320,114708,2100.75,4,0,0,0,0,0
ESM5 FUT GLOBEX 50,20150320,114808,2101,99,0,0,0,0,0
ESM5 FUT GLOBEX 50,20150320,114907,2100.75,1,0,0,0,0,0
ESM5 FUT GLOBEX 50,20150320,115008,2100.75,59,0,0,0,0,0
ESM5 FUT GLOBEX 50,20150320,115107,2101,9,0,0,0,0,0
ESM5 FUT GLOBEX 50,20150320,115206,2101.5,6,0,0,0,0,0
ESM5 FUT GLOBEX 50,20150320,115308,2101.25,11,0,0,0,0,0
ESM5 FUT GLOBEX 50,20150320,115409,2101,468,0,0,0,0,0
ESM5 FUT GLOBEX 50,20150320,115508,2101,174,0,0,0,0,0
ESM5 FUT GLOBEX 50,20150320,115608,2101,206,0,0,0,0,0
ESM5 FUT GLOBEX 50,20150320,115708,2100.5,83,0,0,0,0,0
ESM5 FUT GLOBEX 50,20150320,115807,2100.5,13,0,0,0,0,0
ESM5 FUT GLOBEX 50,20150320,115907,2101.25,1,0,0,0,0,0
ESM5 FUT GLOBEX 50,20150320,120009,2101.25,1,0,0,0,0,0
ESM5 FUT GLOBEX 50,20150320,120108,2101.5,110,0,0,0,0,0
ESM5 FUT GLOBEX 50,20150320,120209,2101.25,14,0,0,0,0,0
ESM5 FUT GLOBEX 50,20150320,120307,2101.5,1,0,0,0,0,0
ESM5 FUT GLOBEX 50,20150320,120408,2102,5,0,0,0,0,0
ESM5 FUT GLOBEX 50,20150320,120508,2101.25,1,0,0,0,0,0
ESM5 FUT GLOBEX 50,20150320,120607,2101.75,2,0,0,0,0,0
ESM5 FUT GLOBEX 50,20150320,120708,2102.25,2,0,0,0,0,0
ESM5 FUT GLOBEX 50,20150320,120808,2102,1,0,0,0,0,0
ESM5 FUT GLOBEX 50,20150320,120909,2101.75,10,0,0,0,0,0
ESM5 FUT GLOBEX 50,20150320,121008,2101.75,1,0,0,0,0,0
ESM5 FUT GLOBEX 50,20150320,121108,2101.5,7,0,0,0,0,0
ESM5 FUT GLOBEX 50,20150320,121208,2102,5,0,0,0,0,0
ESM5 FUT GLOBEX 50,20150320,121308,2102,1,0,0,0,0,0
ESM5 FUT GLOBEX 50,20150320,121409,2102,1,0,0,0,0,0
ESM5 FUT GLOBEX 50,20150320,121509,2101.5,1,0,0,0,0,0
ESM5 FUT GLOBEX 50,20150320,121609,2101.75,13,0,0,0,0,0
ESM5 FUT GLOBEX 50,20150320,121709,2101.75,1,0,0,0,0,0
ESM5 FUT GLOBEX 50,20150320,121809,2101.75,1,0,0,0,0,0
ESM5 FUT GLOBEX 50,20150320,121907,2102,1,0,0,0,0,0
ESM5 FUT GLOBEX 50,20150320,122009,2101.5,1,0,0,0,0,0
ESM5 FUT GLOBEX 50,20150320,122108,2101.5,22,0,0,0,0,0
ESM5 FUT GLOBEX 50,20150320,122208,2101.25,1,0,0,0,0,0
ESM5 FUT GLOBEX 50,20150320,122309,2101,500,0,0,0,0,0
ESM5 FUT GLOBEX 50,20150320,122400,2101.25,154,0,0,0,0,0
ESM5 FUT GLOBEX 50,20150320,122509,2101.25,9,0,0,0,0,0
ESM5 FUT GLOBEX 50,20150320,122610,2101.25,5,0,0,0,0,0
ESM5 FUT GLOBEX 50,20150320,122709,2100.75,1,0,0,0,0,0
ESM5 FUT GLOBEX 50,20150320,122809,2101,2,0,0,0,0,0
ESM5 FUT GLOBEX 50,20150320,122909,2100.75,110,0,0,0,0,0
ESM5 FUT GLOBEX 50,20150320,123009,2101.5,120,0,0,0,0,0
ESM5 FUT GLOBEX 50,20150320,123109,2101,3,0,0,0,0,0
ESM5 FUT GLOBEX 50,20150320,123208,2101.75,4,0,0,0,0,0
ESM5 FUT GLOBEX 50,20150320,123309,2101.75,26,0,0,0,0,0
ESM5 FUT GLOBEX 50,20150320,123407,2101.5,2,0,0,0,0,0
ESM5 FUT GLOBEX 50,20150320,123507,2101.5,2,0,0,0,0,0
ESM5 FUT GLOBEX 50,20150320,123610,2101.5,1,0,0,0,0,0
ESM5 FUT GLOBEX 50,20150320,123709,2101,20,0,0,0,0,0
ESM5 FUT GLOBEX 50,20150320,123809,2100.75,3,0,0,0,0,0
ESM5 FUT GLOBEX 50,20150320,123908,2101,18,0,0,0,0,0
ESM5 FUT GLOBEX 50,20150320,124010,2101,4,0,0,0,0,0
ESM5 FUT GLOBEX 50,20150320,124059,2101,1,0,0,0,0,0
ESM5 FUT GLOBEX 50,20150320,124209,2101.5,10,0,0,0,0,0
ESM5 FUT GLOBEX 50,20150320,124310,2101.75,1,0,0,0,0,0
ESM5 FUT GLOBEX 50,20150320,124409,2102,86,0,0,0,0,0
ESM5 FUT GLOBEX 50,20150320,124508,2102,1,0,0,0,0,0
ESM5 FUT GLOBEX 50,20150320,124609,2102,33,0,0,0,0,0
ESM5 FUT GLOBEX 50,20150320,124708,2102,1,0,0,0,0,0
ESM5 FUT GLOBEX 50,20150320,124804,2102,2,0,0,0,0,0
ESM5 FUT GLOBEX 50,20150320,124903,2102.25,4,0,0,0,0,0
ESM5 FUT GLOBEX 50,20150320,125009,2102.75,2,0,0,0,0,0
ESM5 FUT GLOBEX 50,20150320,125110,2102,5,0,0,0,0,0
ESM5 FUT GLOBEX 50,20150320,125209,2103,964,0,0,0,0,0
ESM5 FUT GLOBEX 50,20150320,125310,2103.5,15,0,0,0,0,0
ESM5 FUT GLOBEX 50,20150320,125410,2103.75,14,0,0,0,0,0
ESM5 FUT GLOBEX 50,20150320,125510,2104,5,0,0,0,0,0
ESM5 FUT GLOBEX 50,20150320,125609,2103.75,8,0,0,0,0,0
ESM5 FUT GLOBEX 50,20150320,125709,2104.5,3,0,0,0,0,0
ESM5 FUT GLOBEX 50,20150320,125810,2104,46,0,0,0,0,0
ESM5 FUT GLOBEX 50,20150320,125909,2104,5,0,0,0,0,0
ESM5 FUT GLOBEX 50,20150320,130009,2104.25,1,0,0,0,0,0
ESM5 FUT GLOBEX 50,20150320,130110,2104.5,3,0,0,0,0,0
ESM5 FUT GLOBEX 50,20150320,130210,2105,4,0,0,0,0,0
ESM5 FUT GLOBEX 50,20150320,130310,2104.5,6,0,0,0,0,0
ESM5 FUT GLOBEX 50,20150320,130410,2104.25,1,0,0,0,0,0
ESM5 FUT GLOBEX 50,20150320,130509,2104.75,3,0,0,0,0,0
ESM5 FUT GLOBEX 50,20150320,130610,2104.25,1,0,0,0,0,0
ESM5 FUT GLOBEX 50,20150320,130710,2104.75,2,0,0,0,0,0
ESM5 FUT GLOBEX 50,20150320,130810,2104.5,1,0,0,0,0,0
ESM5 FUT GLOBEX 50,20150320,130905,2104.25,18,0,0,0,0,0
ESM5 FUT GLOBEX 50,20150320,131009,2104.5,82,0,0,0,0,0
ESM5 FUT GLOBEX 50,20150320,131109,2104,1,0,0,0,0,0
ESM5 FUT GLOBEX 50,20150320,131210,2104.25,3,0,0,0,0,0
ESM5 FUT GLOBEX 50,20150320,131306,2104.25,1,0,0,0,0,0
ESM5 FUT GLOBEX 50,20150320,131410,2103.75,1,0,0,0,0,0
ESM5 FUT GLOBEX 50,20150320,131505,2103.75,1,0,0,0,0,0
ESM5 FUT GLOBEX 50,20150320,131610,2104.75,11,0,0,0,0,0
ESM5 FUT GLOBEX 50,20150320,131708,2104.75,1,0,0,0,0,0
ESM5 FUT GLOBEX 50,20150320,131810,2106.5,13,0,0,0,0,0
ESM5 FUT GLOBEX 50,20150320,131910,2106,10,0,0,0,0,0
ESM5 FUT GLOBEX 50,20150320,132009,2106.5,8,0,0,0,0,0
ESM5 FUT GLOBEX 50,20150320,132109,2106,2,0,0,0,0,0
ESM5 FUT GLOBEX 50,20150320,132210,2105.75,8,0,0,0,0,0
ESM5 FUT GLOBEX 50,20150320,132309,2106,6,0,0,0,0,0
ESM5 FUT GLOBEX 50,20150320,132409,2105.5,2,0,0,0,0,0
ESM5 FUT GLOBEX 50,20150320,132510,2105.5,10,0,0,0,0,0
ESM5 FUT GLOBEX 50,20150320,132610,2105.75,2,0,0,0,0,0
ESM5 FUT GLOBEX 50,20150320,132708,2105.75,4,0,0,0,0,0
ESM5 FUT GLOBEX 50,20150320,132810,2105.75,180,0,0,0,0,0
ESM5 FUT GLOBEX 50,20150320,132910,2105.5,1,0,0,0,0,0
ESM5 FUT GLOBEX 50,20150320,133009,2106,2,0,0,0,0,0
ESM5 FUT GLOBEX 50,20150320,133107,2106,3,0,0,0,0,0
ESM5 FUT GLOBEX 50,20150320,133210,2105.75,1,0,0,0,0,0
ESM5 FUT GLOBEX 50,20150320,133308,2105.5,6,0,0,0,0,0
ESM5 FUT GLOBEX 50,20150320,133410,2106,25,0,0,0,0,0
ESM5 FUT GLOBEX 50,20150320,133510,2106,12,0,0,0,0,0
ESM5 FUT GLOBEX 50,20150320,133610,2106,8,0,0,0,0,0
ESM5 FUT GLOBEX 50,20150320,133709,2106,11,0,0,0,0,0
ESM5 FUT GLOBEX 50,20150320,133811,2105.5,41,0,0,0,0,0
ESM5 FUT GLOBEX 50,20150320,133910,2105.5,2,0,0,0,0,0
ESM5 FUT GLOBEX 50,20150320,134011,2105.25,2,0,0,0,0,0
ESM5 FUT GLOBEX 50,20150320,134107,2105.5,1,0,0,0,0,0
ESM5 FUT GLOBEX 50,20150320,134210,2105.25,100,0,0,0,0,0
ESM5 FUT GLOBEX 50,20150320,134310,2105.25,268,0,0,0,0,0
ESM5 FUT GLOBEX 50,20150320,134409,2105.5,5,0,0,0,0,0
ESM5 FUT GLOBEX 50,20150320,134509,2105.75,13,0,0,0,0,0
ESM5 FUT GLOBEX 50,20150320,134610,2105.5,6,0,0,0,0,0
ESM5 FUT GLOBEX 50,20150320,134709,2105.75,4,0,0,0,0,0
ESM5 FUT GLOBEX 50,20150320,134810,2105.25,2,0,0,0,0,0
ESM5 FUT GLOBEX 50,20150320,134911,2105,15,0,0,0,0,0
ESM5 FUT GLOBEX 50,20150320,135005,2105,1,0,0,0,0,0
ESM5 FUT GLOBEX 50,20150320,135111,2105,260,0,0,0,0,0
ESM5 FUT GLOBEX 50,20150320,135207,2105,8,0,0,0,0,0
ESM5 FUT GLOBEX 50,20150320,135309,2104.75,1,0,0,0,0,0
ESM5 FUT GLOBEX 50,20150320,135409,2105,5,0,0,0,0,0
ESM5 FUT GLOBEX 50,20150320,135509,2104.5,1,0,0,0,0,0
ESM5 FUT GLOBEX 50,20150320,135610,2104.75,1,0,0,0,0,0
ESM5 FUT GLOBEX 50,20150320,135708,2104.75,1,0,0,0,0,0
ESM5 FUT GLOBEX 50,20150320,135808,2105,1,0,0,0,0,0
ESM5 FUT GLOBEX 50,20150320,135911,2104.75,20,0,0,0,0,0
ESM5 FUT GLOBEX 50,20150320,140008,2105.25,1,0,0,0,0,0
ESM5 FUT GLOBEX 50,20150320,140106,2105.5,5,0,0,0,0,0
ESM5 FUT GLOBEX 50,20150320,140210,2105.25,2,0,0,0,0,0
ESM5 FUT GLOBEX 50,20150320,140308,2105.5,1,0,0,0,0,0
ESM5 FUT GLOBEX 50,20150320,140410,2105,1,0,0,0,0,0
ESM5 FUT GLOBEX 50,20150320,140509,2105.25,6,0,0,0,0,0
ESM5 FUT GLOBEX 50,20150320,140608,2104.75,10,0,0,0,0,0
ESM5 FUT GLOBEX 50,20150320,140711,2105.25,15,0,0,0,0,0
ESM5 FUT GLOBEX 50,20150320,140808,2105.75,6,0,0,0,0,0
ESM5 FUT GLOBEX 50,20150320,140911,2105.25,1,0,0,0,0,0
ESM5 FUT GLOBEX 50,20150320,141010,2105,1,0,0,0,0,0
ESM5 FUT GLOBEX 50,20150320,141110,2104.75,30,0,0,0,0,0
ESM5 FUT GLOBEX 50,20150320,141207,2104.75,2,0,0,0,0,0
ESM5 FUT GLOBEX 50,20150320,141311,2104.5,2,0,0,0,0,0
ESM5 FUT GLOBEX 50,20150320,141409,2104.75,4,0,0,0,0,0
ESM5 FUT GLOBEX 50,20150320,141511,2104.75,13,0,0,0,0,0
ESM5 FUT GLOBEX 50,20150320,141611,2105,12,0,0,0,0,0
ESM5 FUT GLOBEX 50,20150320,141710,2105,5,0,0,0,0,0
ESM5 FUT GLOBEX 50,20150320,141809,2105,1,0,0,0,0,0
ESM5 FUT GLOBEX 50,20150320,141910,2105,1,0,0,0,0,0
ESM5 FUT GLOBEX 50,20150320,142009,2105,10,0,0,0,0,0
ESM5 FUT GLOBEX 50,20150320,142110,2104.75,1,0,0,0,0,0
ESM5 FUT GLOBEX 50,20150320,142211,2104.75,1,0,0,0,0,0
ESM5 FUT GLOBEX 50,20150320,142311,2104.5,1,0,0,0,0,0
ESM5 FUT GLOBEX 50,20150320,142410,2104.5,54,0,0,0,0,0
ESM5 FUT GLOBEX 50,20150320,142511,2103.25,18,0,0,0,0,0
ESM5 FUT GLOBEX 50,20150320,142610,2103,3,0,0,0,0,0
ESM5 FUT GLOBEX 50,20150320,142709,2103.75,1,0,0,0,0,0
ESM5 FUT GLOBEX 50,20150320,142811,2104,79,0,0,0,0,0
ESM5 FUT GLOBEX 50,20150320,142911,2103.75,10,0,0,0,0,0
ESM5 FUT GLOBEX 50,20150320,143010,2103.75,5,0,0,0,0,0
ESM5 FUT GLOBEX 50,20150320,143111,2103.75,6,0,0,0,0,0
ESM5 FUT GLOBEX 50,20150320,143210,2103.5,120,0,0,0,0,0
ESM5 FUT GLOBEX 50,20150320,143311,2103.75,1,0,0,0,0,0
ESM5 FUT GLOBEX 50,20150320,143409,2104,1,0,0,0,0,0
ESM5 FUT GLOBEX 50,20150320,143511,2104.25,65,0,0,0,0,0
ESM5 FUT GLOBEX 50,20150320,143611,2104.5,4,0,0,0,0,0
ESM5 FUT GLOBEX 50,20150320,143709,2104.75,3,0,0,0,0,0
ESM5 FUT GLOBEX 50,20150320,143808,2105,7,0,0,0,0,0
ESM5 FUT GLOBEX 50,20150320,143910,2104.25,4,0,0,0,0,0
ESM5 FUT GLOBEX 50,20150320,144008,2104.25,1,0,0,0,0,0
ESM5 FUT GLOBEX 50,20150320,144107,2104,1,0,0,0,0,0
ESM5 FUT GLOBEX 50,20150320,144211,2104,1,0,0,0,0,0
ESM5 FUT GLOBEX 50,20150320,144307,2104.25,9,0,0,0,0,0
ESM5 FUT GLOBEX 50,20150320,144411,2104.5,2,0,0,0,0,0
ESM5 FUT GLOBEX 50,20150320,144511,2104.25,150,0,0,0,0,0
ESM5 FUT GLOBEX 50,20150320,144611,2103.75,10,0,0,0,0,0
ESM5 FUT GLOBEX 50,20150320,144711,2103.25,2,0,0,0,0,0
ESM5 FUT GLOBEX 50,20150320,144811,2103.5,1,0,0,0,0,0
ESM5 FUT GLOBEX 50,20150320,144911,2104,2,0,0,0,0,0
ESM5 FUT GLOBEX 50,20150320,145011,2103.5,1,0,0,0,0,0
ESM5 FUT GLOBEX 50,20150320,145111,2103.75,1,0,0,0,0,0
ESM5 FUT GLOBEX 50,20150320,145212,2104.25,5,0,0,0,0,0
ESM5 FUT GLOBEX 50,20150320,145310,2104.5,1,0,0,0,0,0
ESM5 FUT GLOBEX 50,20150320,145411,2104.5,3,0,0,0,0,0
ESM5 FUT GLOBEX 50,20150320,145511,2104.5,1,0,0,0,0,0
ESM5 FUT GLOBEX 50,20150320,145612,2104.75,1,0,0,0,0,0
ESM5 FUT GLOBEX 50,20150320,145712,2105.25,97,0,0,0,0,0
ESM5 FUT GLOBEX 50,20150320,145811,2105.25,2,0,0,0,0,0
ESM5 FUT GLOBEX 50,20150320,145910,2105.75,23,0,0,0,0,0
ESM5 FUT GLOBEX 50,20150320,150011,2106.25,2,0,0,0,0,0
ESM5 FUT GLOBEX 50,20150320,150111,2105.5,1,0,0,0,0,0
ESM5 FUT GLOBEX 50,20150320,150210,2106,1,0,0,0,0,0
ESM5 FUT GLOBEX 50,20150320,150311,2106,1,0,0,0,0,0
ESM5 FUT GLOBEX 50,20150320,150410,2105.75,10,0,0,0,0,0
ESM5 FUT GLOBEX 50,20150320,150511,2106,12,0,0,0,0,0
ESM5 FUT GLOBEX 50,20150320,150611,2105.75,2,0,0,0,0,0
ESM5 FUT GLOBEX 50,20150320,150710,2105.5,1,0,0,0,0,0
ESM5 FUT GLOBEX 50,20150320,150811,2105.25,1,0,0,0,0,0
ESM5 FUT GLOBEX 50,20150320,150911,2105,7,0,0,0,0,0
ESM5 FUT GLOBEX 50,20150320,151011,2105.5,7,0,0,0,0,0
ESM5 FUT GLOBEX 50,20150320,151112,2105.25,50,0,0,0,0,0
ESM5 FUT GLOBEX 50,20150320,151210,2105.25,1,0,0,0,0,0
ESM5 FUT GLOBEX 50,20150320,151311,2105,6,0,0,0,0,0
ESM5 FUT GLOBEX 50,20150320,151411,2104.75,1,0,0,0,0,0
ESM5 FUT GLOBEX 50,20150320,151512,2104.25,2,0,0,0,0,0
ESM5 FUT GLOBEX 50,20150320,151612,2103.5,2,0,0,0,0,0
ESM5 FUT GLOBEX 50,20150320,151711,2102.5,1,0,0,0,0,0
ESM5 FUT GLOBEX 50,20150320,151812,2102.5,1,0,0,0,0,0
ESM5 FUT GLOBEX 50,20150320,151911,2101.75,54,0,0,0,0,0
ESM5 FUT GLOBEX 50,20150320,152012,2101,13,0,0,0,0,0
ESM5 FUT GLOBEX 50,20150320,152112,2100,250,0,0,0,0,0
ESM5 FUT GLOBEX 50,20150320,152211,2100.75,59,0,0,0,0,0
ESM5 FUT GLOBEX 50,20150320,152311,2100.75,281,0,0,0,0,0
ESM5 FUT GLOBEX 50,20150320,152412,2101.5,1,0,0,0,0,0
ESM5 FUT GLOBEX 50,20150320,152511,2101.75,2,0,0,0,0,0
ESM5 FUT GLOBEX 50,20150320,152612,2100.75,1,0,0,0,0,0
ESM5 FUT GLOBEX 50,20150320,152711,2101,2,0,0,0,0,0
ESM5 FUT GLOBEX 50,20150320,152811,2100.5,1,0,0,0,0,0
ESM5 FUT GLOBEX 50,20150320,152912,2101.25,17,0,0,0,0,0
ESM5 FUT GLOBEX 50,20150320,153012,2102,3,0,0,0,0,0
ESM5 FUT GLOBEX 50,20150320,153112,2101.5,59,0,0,0,0,0
ESM5 FUT GLOBEX 50,20150320,153209,2102,1,0,0,0,0,0
ESM5 FUT GLOBEX 50,20150320,153310,2101.25,3,0,0,0,0,0
ESM5 FUT GLOBEX 50,20150320,153412,2101.25,7,0,0,0,0,0
ESM5 FUT GLOBEX 50,20150320,153512,2101.5,5,0,0,0,0,0
ESM5 FUT GLOBEX 50,20150320,153612,2101,3,0,0,0,0,0
ESM5 FUT GLOBEX 50,20150320,153712,2101.75,1,0,0,0,0,0
ESM5 FUT GLOBEX 50,20150320,153811,2102,1,0,0,0,0,0
ESM5 FUT GLOBEX 50,20150320,153911,2103.5,3,0,0,0,0,0
ESM5 FUT GLOBEX 50,20150320,154012,2103.5,127,0,0,0,0,0
ESM5 FUT GLOBEX 50,20150320,154111,2103.5,5,0,0,0,0,0
ESM5 FUT GLOBEX 50,20150320,154212,2102.75,1,0,0,0,0,0
ESM5 FUT GLOBEX 50,20150320,154312,2102.75,3,0,0,0,0,0
ESM5 FUT GLOBEX 50,20150320,154412,2102.75,224,0,0,0,0,0
ESM5 FUT GLOBEX 50,20150320,154512,2103.75,5,0,0,0,0,0
ESM5 FUT GLOBEX 50,20150320,154612,2104,10,0,0,0,0,0
ESM5 FUT GLOBEX 50,20150320,154709,2104,5,0,0,0,0,0
ESM5 FUT GLOBEX 50,20150320,154812,2104,1,0,0,0,0,0
ESM5 FUT GLOBEX 50,20150320,154912,2104,1,0,0,0,0,0
ESM5 FUT GLOBEX 50,20150320,155012,2103.5,61,0,0,0,0,0
ESM5 FUT GLOBEX 50,20150320,155112,2103.25,1,0,0,0,0,0
ESM5 FUT GLOBEX 50,20150320,155210,2102,1,0,0,0,0,0
ESM5 FUT GLOBEX 50,20150320,155311,2102.25,274,0,0,0,0,0
ESM5 FUT GLOBEX 50,20150320,155412,2101.75,74,0,0,0,0,0
ESM5 FUT GLOBEX 50,20150320,155512,2101.5,5,0,0,0,0,0
ESM5 FUT GLOBEX 50,20150320,155612,2102.25,4,0,0,0,0,0
ESM5 FUT GLOBEX 50,20150320,155712,2101.75,40,0,0,0,0,0
ESM5 FUT GLOBEX 50,20150320,155812,2101.5,23,0,0,0,0,0
ESM5 FUT GLOBEX 50,20150320,155912,2101.25,4,0,0,0,0,0
ESM5 FUT GLOBEX 50,20150320,160012,2100,4,0,0,0,0,0
ESM5 FUT GLOBEX 50,20150320,160112,2100,55,0,0,0,0,0
ESM5 FUT GLOBEX 50,20150320,160212,2100,13,0,0,0,0,0
ESM5 FUT GLOBEX 50,20150320,160312,2100.25,238,0,0,0,0,0
ESM5 FUT GLOBEX 50,20150320,160412,2099.75,13,0,0,0,0,0
ESM5 FUT GLOBEX 50,20150320,160512,2099.25,50,0,0,0,0,0
ESM5 FUT GLOBEX 50,20150320,160613,2099,16,0,0,0,0,0
ESM5 FUT GLOBEX 50,20150320,160712,2098.5,1,0,0,0,0,0
ESM5 FUT GLOBEX 50,20150320,160812,2098.75,72,0,0,0,0,0
ESM5 FUT GLOBEX 50,20150320,160912,2098,16,0,0,0,0,0
ESM5 FUT GLOBEX 50,20150320,161012,2098,1,0,0,0,0,0
ESM5 FUT GLOBEX 50,20150320,161112,2098,9,0,0,0,0,0
ESM5 FUT GLOBEX 50,20150320,161213,2097.75,3,0,0,0,0,0
ESM5 FUT GLOBEX 50,20150320,161312,2098.75,252,0,0,0,0,0
ESM5 FUT GLOBEX 50,20150320,161412,2099,8,0,0,0,0,0
ESM5 FUT GLOBEX 50,20150320,161432,2099.75,44,0,0,0,0,0
ESM5 FUT GLOBEX 50,20150320,163010,2099.5,1,0,0,0,0,0
ESM5 FUT GLOBEX 50,20150320,163113,2099.25,5,0,0,0,0,0
ESM5 FUT GLOBEX 50,20150320,163208,2099.25,1,0,0,0,0,0
ESM5 FUT GLOBEX 50,20150320,163307,2099.5,10,0,0,0,0,0
ESM5 FUT GLOBEX 50,20150320,163410,2099.75,1,0,0,0,0,0
ESM5 FUT GLOBEX 50,20150320,163509,2099.75,1,0,0,0,0,0
ESM5 FUT GLOBEX 50,20150320,163613,2099.5,1,0,0,0,0,0
ESM5 FUT GLOBEX 50,20150320,163713,2099.75,1,0,0,0,0,0
ESM5 FUT GLOBEX 50,20150320,163758,2100.25,101,0,0,0,0,0
ESM5 FUT GLOBEX 50,20150320,163910,2100.75,1,0,0,0,0,0
ESM5 FUT GLOBEX 50,20150320,164012,2100.5,1,0,0,0,0,0
ESM5 FUT GLOBEX 50,20150320,164112,2100.75,65,0,0,0,0,0
ESM5 FUT GLOBEX 50,20150320,164213,2101,5,0,0,0,0,0
ESM5 FUT GLOBEX 50,20150320,164312,2100.5,1,0,0,0,0,0
ESM5 FUT GLOBEX 50,20150320,164413,2100.25,3,0,0,0,0,0
ESM5 FUT GLOBEX 50,20150320,164512,2100.5,2,0,0,0,0,0
ESM5 FUT GLOBEX 50,20150320,164606,2100.5,1,0,0,0,0,0
ESM5 FUT GLOBEX 50,20150320,164713,2100.5,2,0,0,0,0,0
ESM5 FUT GLOBEX 50,20150320,164802,2099.5,1,0,0,0,0,0
ESM5 FUT GLOBEX 50,20150320,164912,2099.25,1,0,0,0,0,0
ESM5 FUT GLOBEX 50,20150320,165008,2099.25,1,0,0,0,0,0
ESM5 FUT GLOBEX 50,20150320,165108,2099.25,1,0,0,0,0,0
ESM5 FUT GLOBEX 50,20150320,165207,2099.25,1,0,0,0,0,0
ESM5 FUT GLOBEX 50,20150320,165310,2099.25,8,0,0,0,0,0
ESM5 FUT GLOBEX 50,20150320,165413,2099.5,2,0,0,0,0,0
ESM5 FUT GLOBEX 50,20150320,165512,2099.5,1,0,0,0,0,0
ESM5 FUT GLOBEX 50,20150320,165612,2099,9,0,0,0,0,0
ESM5 FUT GLOBEX 50,20150320,165712,2099,15,0,0,0,0,0
ESM5 FUT GLOBEX 50,20150320,165808,2099,19,0,0,0,0,0
ESM5 FUT GLOBEX 50,20150320,165907,2098.75,1,0,0,0,0,0
ESM5 FUT GLOBEX 50,20150320,165949,2099,1,0,0,0,0,0
ESM5 FUT GLOBEX 50,20150320,170112,2098.75,3,0,0,0,0,0
ESM5 FUT GLOBEX 50,20150320,170208,2098.75,100,0,0,0,0,0
ESM5 FUT GLOBEX 50,20150320,170303,2098.75,1,0,0,0,0,0
ESM5 FUT GLOBEX 50,20150320,170410,2098.25,21,0,0,0,0,0
ESM5 FUT GLOBEX 50,20150320,170509,2098.25,6,0,0,0,0,0
ESM5 FUT GLOBEX 50,20150320,170549,2098.25,10,0,0,0,0,0
ESM5 FUT GLOBEX 50,20150320,170647,2098.5,1,0,0,0,0,0
ESM5 FUT GLOBEX 50,20150320,170748,2098.5,1,0,0,0,0,0
ESM5 FUT GLOBEX 50,20150320,170903,2098.25,1,0,0,0,0,0
ESM5 FUT GLOBEX 50,20150320,171013,2098.25,5,0,0,0,0,0
ESM5 FUT GLOBEX 50,20150320,171113,2098.5,5,0,0,0,0,0
ESM5 FUT GLOBEX 50,20150320,171207,2098.75,2,0,0,0,0,0
ESM5 FUT GLOBEX 50,20150320,171300,2098.75,1,0,0,0,0,0
ESM5 FUT GLOBEX 50,20150320,171411,2099,1,0,0,0,0,0
ESM5 FUT GLOBEX 50,20150320,171431,2099.75,1,0,0,0,0,0
