567                 
NGJ5 FUT NYMEX 10000,20150320,71605,2.857,4,0,0,0,0,0
NGJ5 FUT NYMEX 10000,20150320,71713,2.86,1,0,0,0,0,0
NGJ5 FUT NYMEX 10000,20150320,71902,2.857,1,0,0,0,0,0
NGJ5 FUT NYMEX 10000,20150320,71952,2.858,3,0,0,0,0,0
NGJ5 FUT NYMEX 10000,20150320,72051,2.861,1,0,0,0,0,0
NGJ5 FUT NYMEX 10000,20150320,72202,2.862,2,0,0,0,0,0
NGJ5 FUT NYMEX 10000,20150320,72226,2.862,1,0,0,0,0,0
NGJ5 FUT NYMEX 10000,20150320,72353,2.861,2,0,0,0,0,0
NGJ5 FUT NYMEX 10000,20150320,72503,2.861,3,0,0,0,0,0
NGJ5 FUT NYMEX 10000,20150320,72557,2.859,1,0,0,0,0,0
NGJ5 FUT NYMEX 10000,20150320,72648,2.856,2,0,0,0,0,0
NGJ5 FUT NYMEX 10000,20150320,72804,2.855,2,0,0,0,0,0
NGJ5 FUT NYMEX 10000,20150320,72901,2.855,3,0,0,0,0,0
NGJ5 FUT NYMEX 10000,20150320,72933,2.855,3,0,0,0,0,0
NGJ5 FUT NYMEX 10000,20150320,73033,2.857,1,0,0,0,0,0
NGJ5 FUT NYMEX 10000,20150320,73151,2.855,1,0,0,0,0,0
NGJ5 FUT NYMEX 10000,20150320,73257,2.855,1,0,0,0,0,0
NGJ5 FUT NYMEX 10000,20150320,73430,2.854,3,0,0,0,0,0
NGJ5 FUT NYMEX 10000,20150320,73604,2.852,1,0,0,0,0,0
NGJ5 FUT NYMEX 10000,20150320,73656,2.855,2,0,0,0,0,0
NGJ5 FUT NYMEX 10000,20150320,73805,2.853,2,0,0,0,0,0
NGJ5 FUT NYMEX 10000,20150320,73906,2.85,1,0,0,0,0,0
NGJ5 FUT NYMEX 10000,20150320,73938,2.85,1,0,0,0,0,0
NGJ5 FUT NYMEX 10000,20150320,74033,2.851,1,0,0,0,0,0
NGJ5 FUT NYMEX 10000,20150320,74133,2.851,1,0,0,0,0,0
NGJ5 FUT NYMEX 10000,20150320,74211,2.853,1,0,0,0,0,0
NGJ5 FUT NYMEX 10000,20150320,74345,2.853,3,0,0,0,0,0
NGJ5 FUT NYMEX 10000,20150320,74432,2.853,4,0,0,0,0,0
NGJ5 FUT NYMEX 10000,20150320,74602,2.85,2,0,0,0,0,0
NGJ5 FUT NYMEX 10000,20150320,74638,2.851,3,0,0,0,0,0
NGJ5 FUT NYMEX 10000,20150320,74738,2.85,1,0,0,0,0,0
NGJ5 FUT NYMEX 10000,20150320,74905,2.856,2,0,0,0,0,0
NGJ5 FUT NYMEX 10000,20150320,75003,2.856,1,0,0,0,0,0
NGJ5 FUT NYMEX 10000,20150320,75053,2.857,1,0,0,0,0,0
NGJ5 FUT NYMEX 10000,20150320,75157,2.855,4,0,0,0,0,0
NGJ5 FUT NYMEX 10000,20150320,75305,2.859,5,0,0,0,0,0
NGJ5 FUT NYMEX 10000,20150320,75355,2.859,1,0,0,0,0,0
NGJ5 FUT NYMEX 10000,20150320,75456,2.859,1,0,0,0,0,0
NGJ5 FUT NYMEX 10000,20150320,75551,2.859,1,0,0,0,0,0
NGJ5 FUT NYMEX 10000,20150320,75702,2.862,2,0,0,0,0,0
NGJ5 FUT NYMEX 10000,20150320,75806,2.859,2,0,0,0,0,0
NGJ5 FUT NYMEX 10000,20150320,75853,2.859,1,0,0,0,0,0
NGJ5 FUT NYMEX 10000,20150320,75957,2.861,4,0,0,0,0,0
NGJ5 FUT NYMEX 10000,20150320,80102,2.855,1,0,0,0,0,0
NGJ5 FUT NYMEX 10000,20150320,80204,2.86,3,0,0,0,0,0
NGJ5 FUT NYMEX 10000,20150320,80306,2.86,1,0,0,0,0,0
NGJ5 FUT NYMEX 10000,20150320,80340,2.861,1,0,0,0,0,0
NGJ5 FUT NYMEX 10000,20150320,80506,2.86,3,0,0,0,0,0
NGJ5 FUT NYMEX 10000,20150320,80558,2.859,1,0,0,0,0,0
NGJ5 FUT NYMEX 10000,20150320,80653,2.859,1,0,0,0,0,0
NGJ5 FUT NYMEX 10000,20150320,80802,2.862,4,0,0,0,0,0
NGJ5 FUT NYMEX 10000,20150320,80858,2.863,1,0,0,0,0,0
NGJ5 FUT NYMEX 10000,20150320,80958,2.862,3,0,0,0,0,0
NGJ5 FUT NYMEX 10000,20150320,81046,2.859,1,0,0,0,0,0
NGJ5 FUT NYMEX 10000,20150320,81158,2.862,1,0,0,0,0,0
NGJ5 FUT NYMEX 10000,20150320,81249,2.862,1,0,0,0,0,0
NGJ5 FUT NYMEX 10000,20150320,81402,2.86,3,0,0,0,0,0
NGJ5 FUT NYMEX 10000,20150320,81438,2.861,1,0,0,0,0,0
NGJ5 FUT NYMEX 10000,20150320,81604,2.857,1,0,0,0,0,0
NGJ5 FUT NYMEX 10000,20150320,81701,2.86,1,0,0,0,0,0
NGJ5 FUT NYMEX 10000,20150320,81802,2.861,1,0,0,0,0,0
NGJ5 FUT NYMEX 10000,20150320,81900,2.861,3,0,0,0,0,0
NGJ5 FUT NYMEX 10000,20150320,82002,2.864,4,0,0,0,0,0
NGJ5 FUT NYMEX 10000,20150320,82104,2.863,1,0,0,0,0,0
NGJ5 FUT NYMEX 10000,20150320,82201,2.866,2,0,0,0,0,0
NGJ5 FUT NYMEX 10000,20150320,82306,2.87,1,0,0,0,0,0
NGJ5 FUT NYMEX 10000,20150320,82405,2.867,1,0,0,0,0,0
NGJ5 FUT NYMEX 10000,20150320,82506,2.863,1,0,0,0,0,0
NGJ5 FUT NYMEX 10000,20150320,82605,2.861,5,0,0,0,0,0
NGJ5 FUT NYMEX 10000,20150320,82703,2.857,1,0,0,0,0,0
NGJ5 FUT NYMEX 10000,20150320,82806,2.855,5,0,0,0,0,0
NGJ5 FUT NYMEX 10000,20150320,82904,2.854,1,0,0,0,0,0
NGJ5 FUT NYMEX 10000,20150320,83006,2.86,1,0,0,0,0,0
NGJ5 FUT NYMEX 10000,20150320,83104,2.864,2,0,0,0,0,0
NGJ5 FUT NYMEX 10000,20150320,83203,2.865,1,0,0,0,0,0
NGJ5 FUT NYMEX 10000,20150320,83305,2.867,1,0,0,0,0,0
NGJ5 FUT NYMEX 10000,20150320,83406,2.864,4,0,0,0,0,0
NGJ5 FUT NYMEX 10000,20150320,83506,2.861,1,0,0,0,0,0
NGJ5 FUT NYMEX 10000,20150320,83601,2.865,2,0,0,0,0,0
NGJ5 FUT NYMEX 10000,20150320,83658,2.867,1,0,0,0,0,0
NGJ5 FUT NYMEX 10000,20150320,83803,2.868,11,0,0,0,0,0
NGJ5 FUT NYMEX 10000,20150320,83853,2.868,6,0,0,0,0,0
NGJ5 FUT NYMEX 10000,20150320,83956,2.868,1,0,0,0,0,0
NGJ5 FUT NYMEX 10000,20150320,84045,2.865,1,0,0,0,0,0
NGJ5 FUT NYMEX 10000,20150320,84206,2.873,1,0,0,0,0,0
NGJ5 FUT NYMEX 10000,20150320,84306,2.871,1,0,0,0,0,0
NGJ5 FUT NYMEX 10000,20150320,84406,2.87,1,0,0,0,0,0
NGJ5 FUT NYMEX 10000,20150320,84436,2.869,1,0,0,0,0,0
NGJ5 FUT NYMEX 10000,20150320,84603,2.871,1,0,0,0,0,0
NGJ5 FUT NYMEX 10000,20150320,84706,2.869,19,0,0,0,0,0
NGJ5 FUT NYMEX 10000,20150320,84806,2.867,1,0,0,0,0,0
NGJ5 FUT NYMEX 10000,20150320,84859,2.868,2,0,0,0,0,0
NGJ5 FUT NYMEX 10000,20150320,85003,2.868,2,0,0,0,0,0
NGJ5 FUT NYMEX 10000,20150320,85049,2.866,2,0,0,0,0,0
NGJ5 FUT NYMEX 10000,20150320,85206,2.868,17,0,0,0,0,0
NGJ5 FUT NYMEX 10000,20150320,85300,2.867,1,0,0,0,0,0
NGJ5 FUT NYMEX 10000,20150320,85352,2.869,1,0,0,0,0,0
NGJ5 FUT NYMEX 10000,20150320,85457,2.87,1,0,0,0,0,0
NGJ5 FUT NYMEX 10000,20150320,85546,2.87,1,0,0,0,0,0
NGJ5 FUT NYMEX 10000,20150320,85659,2.871,1,0,0,0,0,0
NGJ5 FUT NYMEX 10000,20150320,85806,2.867,8,0,0,0,0,0
NGJ5 FUT NYMEX 10000,20150320,85905,2.866,1,0,0,0,0,0
NGJ5 FUT NYMEX 10000,20150320,90006,2.862,1,0,0,0,0,0
NGJ5 FUT NYMEX 10000,20150320,90106,2.86,1,0,0,0,0,0
NGJ5 FUT NYMEX 10000,20150320,90203,2.86,1,0,0,0,0,0
NGJ5 FUT NYMEX 10000,20150320,90304,2.866,5,0,0,0,0,0
NGJ5 FUT NYMEX 10000,20150320,90405,2.865,2,0,0,0,0,0
NGJ5 FUT NYMEX 10000,20150320,90504,2.864,1,0,0,0,0,0
NGJ5 FUT NYMEX 10000,20150320,90605,2.864,5,0,0,0,0,0
NGJ5 FUT NYMEX 10000,20150320,90707,2.862,1,0,0,0,0,0
NGJ5 FUT NYMEX 10000,20150320,90807,2.86,1,0,0,0,0,0
NGJ5 FUT NYMEX 10000,20150320,90905,2.861,1,0,0,0,0,0
NGJ5 FUT NYMEX 10000,20150320,91005,2.858,8,0,0,0,0,0
NGJ5 FUT NYMEX 10000,20150320,91104,2.862,2,0,0,0,0,0
NGJ5 FUT NYMEX 10000,20150320,91202,2.865,4,0,0,0,0,0
NGJ5 FUT NYMEX 10000,20150320,91258,2.862,1,0,0,0,0,0
NGJ5 FUT NYMEX 10000,20150320,91400,2.859,1,0,0,0,0,0
NGJ5 FUT NYMEX 10000,20150320,91505,2.862,1,0,0,0,0,0
NGJ5 FUT NYMEX 10000,20150320,91546,2.859,1,0,0,0,0,0
NGJ5 FUT NYMEX 10000,20150320,91702,2.86,1,0,0,0,0,0
NGJ5 FUT NYMEX 10000,20150320,91802,2.859,1,0,0,0,0,0
NGJ5 FUT NYMEX 10000,20150320,91905,2.86,1,0,0,0,0,0
NGJ5 FUT NYMEX 10000,20150320,92005,2.865,1,0,0,0,0,0
NGJ5 FUT NYMEX 10000,20150320,92049,2.864,3,0,0,0,0,0
NGJ5 FUT NYMEX 10000,20150320,92205,2.863,2,0,0,0,0,0
NGJ5 FUT NYMEX 10000,20150320,92303,2.864,1,0,0,0,0,0
NGJ5 FUT NYMEX 10000,20150320,92358,2.865,1,0,0,0,0,0
NGJ5 FUT NYMEX 10000,20150320,92459,2.863,2,0,0,0,0,0
NGJ5 FUT NYMEX 10000,20150320,92556,2.864,6,0,0,0,0,0
NGJ5 FUT NYMEX 10000,20150320,92702,2.867,8,0,0,0,0,0
NGJ5 FUT NYMEX 10000,20150320,92805,2.878,2,0,0,0,0,0
NGJ5 FUT NYMEX 10000,20150320,92906,2.881,1,0,0,0,0,0
NGJ5 FUT NYMEX 10000,20150320,93005,2.885,1,0,0,0,0,0
NGJ5 FUT NYMEX 10000,20150320,93107,2.886,1,0,0,0,0,0
NGJ5 FUT NYMEX 10000,20150320,93207,2.885,2,0,0,0,0,0
NGJ5 FUT NYMEX 10000,20150320,93306,2.885,3,0,0,0,0,0
NGJ5 FUT NYMEX 10000,20150320,93407,2.885,1,0,0,0,0,0
NGJ5 FUT NYMEX 10000,20150320,93503,2.886,2,0,0,0,0,0
NGJ5 FUT NYMEX 10000,20150320,93607,2.894,1,0,0,0,0,0
NGJ5 FUT NYMEX 10000,20150320,93707,2.894,1,0,0,0,0,0
NGJ5 FUT NYMEX 10000,20150320,93806,2.896,1,0,0,0,0,0
NGJ5 FUT NYMEX 10000,20150320,93907,2.892,2,0,0,0,0,0
NGJ5 FUT NYMEX 10000,20150320,94005,2.887,21,0,0,0,0,0
NGJ5 FUT NYMEX 10000,20150320,94107,2.889,1,0,0,0,0,0
NGJ5 FUT NYMEX 10000,20150320,94207,2.89,4,0,0,0,0,0
NGJ5 FUT NYMEX 10000,20150320,94307,2.892,1,0,0,0,0,0
NGJ5 FUT NYMEX 10000,20150320,94407,2.885,1,0,0,0,0,0
NGJ5 FUT NYMEX 10000,20150320,94507,2.891,2,0,0,0,0,0
NGJ5 FUT NYMEX 10000,20150320,94606,2.897,1,0,0,0,0,0
NGJ5 FUT NYMEX 10000,20150320,94705,2.899,8,0,0,0,0,0
NGJ5 FUT NYMEX 10000,20150320,94806,2.905,2,0,0,0,0,0
NGJ5 FUT NYMEX 10000,20150320,94907,2.901,2,0,0,0,0,0
NGJ5 FUT NYMEX 10000,20150320,95005,2.907,1,0,0,0,0,0
NGJ5 FUT NYMEX 10000,20150320,95107,2.915,2,0,0,0,0,0
NGJ5 FUT NYMEX 10000,20150320,95207,2.911,1,0,0,0,0,0
NGJ5 FUT NYMEX 10000,20150320,95307,2.91,9,0,0,0,0,0
NGJ5 FUT NYMEX 10000,20150320,95407,2.903,13,0,0,0,0,0
NGJ5 FUT NYMEX 10000,20150320,95507,2.901,6,0,0,0,0,0
NGJ5 FUT NYMEX 10000,20150320,95607,2.902,1,0,0,0,0,0
NGJ5 FUT NYMEX 10000,20150320,95706,2.903,1,0,0,0,0,0
NGJ5 FUT NYMEX 10000,20150320,95807,2.903,1,0,0,0,0,0
NGJ5 FUT NYMEX 10000,20150320,95905,2.902,3,0,0,0,0,0
NGJ5 FUT NYMEX 10000,20150320,100006,2.896,1,0,0,0,0,0
NGJ5 FUT NYMEX 10000,20150320,100108,2.893,4,0,0,0,0,0
NGJ5 FUT NYMEX 10000,20150320,100207,2.892,1,0,0,0,0,0
NGJ5 FUT NYMEX 10000,20150320,100303,2.893,1,0,0,0,0,0
NGJ5 FUT NYMEX 10000,20150320,100356,2.894,4,0,0,0,0,0
NGJ5 FUT NYMEX 10000,20150320,100450,2.896,1,0,0,0,0,0
NGJ5 FUT NYMEX 10000,20150320,100608,2.897,1,0,0,0,0,0
NGJ5 FUT NYMEX 10000,20150320,100656,2.898,1,0,0,0,0,0
NGJ5 FUT NYMEX 10000,20150320,100757,2.893,5,0,0,0,0,0
NGJ5 FUT NYMEX 10000,20150320,100858,2.894,4,0,0,0,0,0
NGJ5 FUT NYMEX 10000,20150320,101007,2.894,1,0,0,0,0,0
NGJ5 FUT NYMEX 10000,20150320,101104,2.895,1,0,0,0,0,0
NGJ5 FUT NYMEX 10000,20150320,101207,2.893,7,0,0,0,0,0
NGJ5 FUT NYMEX 10000,20150320,101304,2.891,2,0,0,0,0,0
NGJ5 FUT NYMEX 10000,20150320,101352,2.894,1,0,0,0,0,0
NGJ5 FUT NYMEX 10000,20150320,101503,2.894,3,0,0,0,0,0
NGJ5 FUT NYMEX 10000,20150320,101608,2.897,3,0,0,0,0,0
NGJ5 FUT NYMEX 10000,20150320,101708,2.905,15,0,0,0,0,0
NGJ5 FUT NYMEX 10000,20150320,101757,2.904,4,0,0,0,0,0
NGJ5 FUT NYMEX 10000,20150320,101904,2.901,1,0,0,0,0,0
NGJ5 FUT NYMEX 10000,20150320,102007,2.904,1,0,0,0,0,0
NGJ5 FUT NYMEX 10000,20150320,102057,2.903,1,0,0,0,0,0
NGJ5 FUT NYMEX 10000,20150320,102202,2.905,1,0,0,0,0,0
NGJ5 FUT NYMEX 10000,20150320,102303,2.907,2,0,0,0,0,0
NGJ5 FUT NYMEX 10000,20150320,102407,2.904,5,0,0,0,0,0
NGJ5 FUT NYMEX 10000,20150320,102455,2.904,8,0,0,0,0,0
NGJ5 FUT NYMEX 10000,20150320,102550,2.902,1,0,0,0,0,0
NGJ5 FUT NYMEX 10000,20150320,102706,2.893,1,0,0,0,0,0
NGJ5 FUT NYMEX 10000,20150320,102804,2.889,6,0,0,0,0,0
NGJ5 FUT NYMEX 10000,20150320,102856,2.893,1,0,0,0,0,0
NGJ5 FUT NYMEX 10000,20150320,103007,2.895,1,0,0,0,0,0
NGJ5 FUT NYMEX 10000,20150320,103105,2.893,6,0,0,0,0,0
NGJ5 FUT NYMEX 10000,20150320,103202,2.897,15,0,0,0,0,0
NGJ5 FUT NYMEX 10000,20150320,103307,2.891,2,0,0,0,0,0
NGJ5 FUT NYMEX 10000,20150320,103405,2.883,1,0,0,0,0,0
NGJ5 FUT NYMEX 10000,20150320,103507,2.882,1,0,0,0,0,0
NGJ5 FUT NYMEX 10000,20150320,103607,2.882,1,0,0,0,0,0
NGJ5 FUT NYMEX 10000,20150320,103708,2.877,3,0,0,0,0,0
NGJ5 FUT NYMEX 10000,20150320,103808,2.877,5,0,0,0,0,0
NGJ5 FUT NYMEX 10000,20150320,103905,2.875,5,0,0,0,0,0
NGJ5 FUT NYMEX 10000,20150320,103958,2.873,1,0,0,0,0,0
NGJ5 FUT NYMEX 10000,20150320,104057,2.873,3,0,0,0,0,0
NGJ5 FUT NYMEX 10000,20150320,104205,2.869,5,0,0,0,0,0
NGJ5 FUT NYMEX 10000,20150320,104307,2.873,1,0,0,0,0,0
NGJ5 FUT NYMEX 10000,20150320,104402,2.876,1,0,0,0,0,0
NGJ5 FUT NYMEX 10000,20150320,104508,2.874,6,0,0,0,0,0
NGJ5 FUT NYMEX 10000,20150320,104600,2.874,1,0,0,0,0,0
NGJ5 FUT NYMEX 10000,20150320,104707,2.87,1,0,0,0,0,0
NGJ5 FUT NYMEX 10000,20150320,104806,2.872,2,0,0,0,0,0
NGJ5 FUT NYMEX 10000,20150320,104908,2.875,1,0,0,0,0,0
NGJ5 FUT NYMEX 10000,20150320,105005,2.879,1,0,0,0,0,0
NGJ5 FUT NYMEX 10000,20150320,105107,2.879,4,0,0,0,0,0
NGJ5 FUT NYMEX 10000,20150320,105203,2.879,3,0,0,0,0,0
NGJ5 FUT NYMEX 10000,20150320,105307,2.877,2,0,0,0,0,0
NGJ5 FUT NYMEX 10000,20150320,105407,2.877,6,0,0,0,0,0
NGJ5 FUT NYMEX 10000,20150320,105501,2.871,1,0,0,0,0,0
NGJ5 FUT NYMEX 10000,20150320,105559,2.869,1,0,0,0,0,0
NGJ5 FUT NYMEX 10000,20150320,105707,2.872,1,0,0,0,0,0
NGJ5 FUT NYMEX 10000,20150320,105808,2.871,1,0,0,0,0,0
NGJ5 FUT NYMEX 10000,20150320,105905,2.873,2,0,0,0,0,0
NGJ5 FUT NYMEX 10000,20150320,110006,2.863,3,0,0,0,0,0
NGJ5 FUT NYMEX 10000,20150320,110108,2.863,1,0,0,0,0,0
NGJ5 FUT NYMEX 10000,20150320,110206,2.861,1,0,0,0,0,0
NGJ5 FUT NYMEX 10000,20150320,110308,2.862,1,0,0,0,0,0
NGJ5 FUT NYMEX 10000,20150320,110408,2.859,1,0,0,0,0,0
NGJ5 FUT NYMEX 10000,20150320,110500,2.856,1,0,0,0,0,0
NGJ5 FUT NYMEX 10000,20150320,110606,2.857,12,0,0,0,0,0
NGJ5 FUT NYMEX 10000,20150320,110708,2.856,1,0,0,0,0,0
NGJ5 FUT NYMEX 10000,20150320,110803,2.858,3,0,0,0,0,0
NGJ5 FUT NYMEX 10000,20150320,110851,2.856,1,0,0,0,0,0
NGJ5 FUT NYMEX 10000,20150320,111005,2.858,8,0,0,0,0,0
NGJ5 FUT NYMEX 10000,20150320,111106,2.86,1,0,0,0,0,0
NGJ5 FUT NYMEX 10000,20150320,111205,2.857,2,0,0,0,0,0
NGJ5 FUT NYMEX 10000,20150320,111308,2.855,5,0,0,0,0,0
NGJ5 FUT NYMEX 10000,20150320,111409,2.856,1,0,0,0,0,0
NGJ5 FUT NYMEX 10000,20150320,111457,2.854,3,0,0,0,0,0
NGJ5 FUT NYMEX 10000,20150320,111603,2.854,6,0,0,0,0,0
NGJ5 FUT NYMEX 10000,20150320,111651,2.856,1,0,0,0,0,0
NGJ5 FUT NYMEX 10000,20150320,111802,2.855,2,0,0,0,0,0
NGJ5 FUT NYMEX 10000,20150320,111848,2.854,1,0,0,0,0,0
NGJ5 FUT NYMEX 10000,20150320,112006,2.855,3,0,0,0,0,0
NGJ5 FUT NYMEX 10000,20150320,112104,2.858,8,0,0,0,0,0
NGJ5 FUT NYMEX 10000,20150320,112201,2.861,3,0,0,0,0,0
NGJ5 FUT NYMEX 10000,20150320,112309,2.861,1,0,0,0,0,0
NGJ5 FUT NYMEX 10000,20150320,112403,2.861,1,0,0,0,0,0
NGJ5 FUT NYMEX 10000,20150320,112455,2.861,1,0,0,0,0,0
NGJ5 FUT NYMEX 10000,20150320,112555,2.862,2,0,0,0,0,0
NGJ5 FUT NYMEX 10000,20150320,112707,2.859,3,0,0,0,0,0
NGJ5 FUT NYMEX 10000,20150320,112806,2.856,1,0,0,0,0,0
NGJ5 FUT NYMEX 10000,20150320,112858,2.853,1,0,0,0,0,0
NGJ5 FUT NYMEX 10000,20150320,113007,2.841,2,0,0,0,0,0
NGJ5 FUT NYMEX 10000,20150320,113108,2.837,1,0,0,0,0,0
NGJ5 FUT NYMEX 10000,20150320,113207,2.828,9,0,0,0,0,0
NGJ5 FUT NYMEX 10000,20150320,113307,2.83,1,0,0,0,0,0
NGJ5 FUT NYMEX 10000,20150320,113408,2.829,5,0,0,0,0,0
NGJ5 FUT NYMEX 10000,20150320,113509,2.827,1,0,0,0,0,0
NGJ5 FUT NYMEX 10000,20150320,113609,2.828,8,0,0,0,0,0
NGJ5 FUT NYMEX 10000,20150320,113706,2.831,1,0,0,0,0,0
NGJ5 FUT NYMEX 10000,20150320,113806,2.833,1,0,0,0,0,0
NGJ5 FUT NYMEX 10000,20150320,113907,2.835,2,0,0,0,0,0
NGJ5 FUT NYMEX 10000,20150320,113954,2.835,1,0,0,0,0,0
NGJ5 FUT NYMEX 10000,20150320,114102,2.833,1,0,0,0,0,0
NGJ5 FUT NYMEX 10000,20150320,114157,2.834,1,0,0,0,0,0
NGJ5 FUT NYMEX 10000,20150320,114254,2.834,6,0,0,0,0,0
NGJ5 FUT NYMEX 10000,20150320,114409,2.835,2,0,0,0,0,0
NGJ5 FUT NYMEX 10000,20150320,114507,2.832,1,0,0,0,0,0
NGJ5 FUT NYMEX 10000,20150320,114607,2.815,12,0,0,0,0,0
NGJ5 FUT NYMEX 10000,20150320,114709,2.816,1,0,0,0,0,0
NGJ5 FUT NYMEX 10000,20150320,114809,2.805,32,0,0,0,0,0
NGJ5 FUT NYMEX 10000,20150320,114909,2.805,6,0,0,0,0,0
NGJ5 FUT NYMEX 10000,20150320,115009,2.81,1,0,0,0,0,0
NGJ5 FUT NYMEX 10000,20150320,115109,2.81,1,0,0,0,0,0
NGJ5 FUT NYMEX 10000,20150320,115202,2.813,1,0,0,0,0,0
NGJ5 FUT NYMEX 10000,20150320,115304,2.811,4,0,0,0,0,0
NGJ5 FUT NYMEX 10000,20150320,115409,2.809,1,0,0,0,0,0
NGJ5 FUT NYMEX 10000,20150320,115509,2.789,2,0,0,0,0,0
NGJ5 FUT NYMEX 10000,20150320,115609,2.799,13,0,0,0,0,0
NGJ5 FUT NYMEX 10000,20150320,115708,2.799,2,0,0,0,0,0
NGJ5 FUT NYMEX 10000,20150320,115809,2.801,11,0,0,0,0,0
NGJ5 FUT NYMEX 10000,20150320,115905,2.806,1,0,0,0,0,0
NGJ5 FUT NYMEX 10000,20150320,120007,2.806,2,0,0,0,0,0
NGJ5 FUT NYMEX 10000,20150320,120106,2.81,1,0,0,0,0,0
NGJ5 FUT NYMEX 10000,20150320,120207,2.814,1,0,0,0,0,0
NGJ5 FUT NYMEX 10000,20150320,120307,2.817,1,0,0,0,0,0
NGJ5 FUT NYMEX 10000,20150320,120409,2.819,2,0,0,0,0,0
NGJ5 FUT NYMEX 10000,20150320,120505,2.816,1,0,0,0,0,0
NGJ5 FUT NYMEX 10000,20150320,120606,2.808,7,0,0,0,0,0
NGJ5 FUT NYMEX 10000,20150320,120709,2.794,2,0,0,0,0,0
NGJ5 FUT NYMEX 10000,20150320,120801,2.792,1,0,0,0,0,0
NGJ5 FUT NYMEX 10000,20150320,120909,2.785,1,0,0,0,0,0
NGJ5 FUT NYMEX 10000,20150320,121005,2.788,1,0,0,0,0,0
NGJ5 FUT NYMEX 10000,20150320,121107,2.789,1,0,0,0,0,0
NGJ5 FUT NYMEX 10000,20150320,121208,2.791,2,0,0,0,0,0
NGJ5 FUT NYMEX 10000,20150320,121302,2.792,1,0,0,0,0,0
NGJ5 FUT NYMEX 10000,20150320,121409,2.795,2,0,0,0,0,0
NGJ5 FUT NYMEX 10000,20150320,121503,2.797,1,0,0,0,0,0
NGJ5 FUT NYMEX 10000,20150320,121607,2.799,2,0,0,0,0,0
NGJ5 FUT NYMEX 10000,20150320,121708,2.8,2,0,0,0,0,0
NGJ5 FUT NYMEX 10000,20150320,121753,2.797,1,0,0,0,0,0
NGJ5 FUT NYMEX 10000,20150320,121909,2.798,12,0,0,0,0,0
NGJ5 FUT NYMEX 10000,20150320,122009,2.788,14,0,0,0,0,0
NGJ5 FUT NYMEX 10000,20150320,122109,2.786,7,0,0,0,0,0
NGJ5 FUT NYMEX 10000,20150320,122204,2.79,1,0,0,0,0,0
NGJ5 FUT NYMEX 10000,20150320,122309,2.769,1,0,0,0,0,0
NGJ5 FUT NYMEX 10000,20150320,122409,2.778,6,0,0,0,0,0
NGJ5 FUT NYMEX 10000,20150320,122510,2.782,4,0,0,0,0,0
NGJ5 FUT NYMEX 10000,20150320,122609,2.784,1,0,0,0,0,0
NGJ5 FUT NYMEX 10000,20150320,122709,2.775,1,0,0,0,0,0
NGJ5 FUT NYMEX 10000,20150320,122809,2.776,4,0,0,0,0,0
NGJ5 FUT NYMEX 10000,20150320,122909,2.782,3,0,0,0,0,0
NGJ5 FUT NYMEX 10000,20150320,123009,2.783,12,0,0,0,0,0
NGJ5 FUT NYMEX 10000,20150320,123058,2.783,3,0,0,0,0,0
NGJ5 FUT NYMEX 10000,20150320,123209,2.782,1,0,0,0,0,0
NGJ5 FUT NYMEX 10000,20150320,123310,2.786,2,0,0,0,0,0
NGJ5 FUT NYMEX 10000,20150320,123400,2.786,1,0,0,0,0,0
NGJ5 FUT NYMEX 10000,20150320,123506,2.783,1,0,0,0,0,0
NGJ5 FUT NYMEX 10000,20150320,123607,2.785,8,0,0,0,0,0
NGJ5 FUT NYMEX 10000,20150320,123703,2.786,2,0,0,0,0,0
NGJ5 FUT NYMEX 10000,20150320,123808,2.789,1,0,0,0,0,0
NGJ5 FUT NYMEX 10000,20150320,123907,2.789,11,0,0,0,0,0
NGJ5 FUT NYMEX 10000,20150320,124007,2.784,1,0,0,0,0,0
NGJ5 FUT NYMEX 10000,20150320,124109,2.789,4,0,0,0,0,0
NGJ5 FUT NYMEX 10000,20150320,124200,2.787,1,0,0,0,0,0
NGJ5 FUT NYMEX 10000,20150320,124305,2.79,1,0,0,0,0,0
NGJ5 FUT NYMEX 10000,20150320,124407,2.784,9,0,0,0,0,0
NGJ5 FUT NYMEX 10000,20150320,124446,2.784,1,0,0,0,0,0
NGJ5 FUT NYMEX 10000,20150320,124605,2.782,1,0,0,0,0,0
NGJ5 FUT NYMEX 10000,20150320,124707,2.783,4,0,0,0,0,0
NGJ5 FUT NYMEX 10000,20150320,124807,2.782,2,0,0,0,0,0
NGJ5 FUT NYMEX 10000,20150320,124903,2.786,20,0,0,0,0,0
NGJ5 FUT NYMEX 10000,20150320,125000,2.784,2,0,0,0,0,0
NGJ5 FUT NYMEX 10000,20150320,125108,2.791,3,0,0,0,0,0
NGJ5 FUT NYMEX 10000,20150320,125208,2.796,2,0,0,0,0,0
NGJ5 FUT NYMEX 10000,20150320,125309,2.792,6,0,0,0,0,0
NGJ5 FUT NYMEX 10000,20150320,125403,2.796,1,0,0,0,0,0
NGJ5 FUT NYMEX 10000,20150320,125507,2.797,1,0,0,0,0,0
NGJ5 FUT NYMEX 10000,20150320,125601,2.796,1,0,0,0,0,0
NGJ5 FUT NYMEX 10000,20150320,125707,2.793,1,0,0,0,0,0
NGJ5 FUT NYMEX 10000,20150320,125755,2.798,1,0,0,0,0,0
NGJ5 FUT NYMEX 10000,20150320,125849,2.797,1,0,0,0,0,0
NGJ5 FUT NYMEX 10000,20150320,130008,2.794,1,0,0,0,0,0
NGJ5 FUT NYMEX 10000,20150320,130103,2.79,5,0,0,0,0,0
NGJ5 FUT NYMEX 10000,20150320,130159,2.792,1,0,0,0,0,0
NGJ5 FUT NYMEX 10000,20150320,130303,2.788,3,0,0,0,0,0
NGJ5 FUT NYMEX 10000,20150320,130404,2.788,3,0,0,0,0,0
NGJ5 FUT NYMEX 10000,20150320,130507,2.787,1,0,0,0,0,0
NGJ5 FUT NYMEX 10000,20150320,130608,2.787,6,0,0,0,0,0
NGJ5 FUT NYMEX 10000,20150320,130709,2.786,38,0,0,0,0,0
NGJ5 FUT NYMEX 10000,20150320,130808,2.784,4,0,0,0,0,0
NGJ5 FUT NYMEX 10000,20150320,130905,2.782,2,0,0,0,0,0
NGJ5 FUT NYMEX 10000,20150320,131006,2.779,2,0,0,0,0,0
NGJ5 FUT NYMEX 10000,20150320,131052,2.781,1,0,0,0,0,0
NGJ5 FUT NYMEX 10000,20150320,131208,2.782,3,0,0,0,0,0
NGJ5 FUT NYMEX 10000,20150320,131308,2.788,1,0,0,0,0,0
NGJ5 FUT NYMEX 10000,20150320,131353,2.788,6,0,0,0,0,0
NGJ5 FUT NYMEX 10000,20150320,131458,2.79,2,0,0,0,0,0
NGJ5 FUT NYMEX 10000,20150320,131555,2.792,2,0,0,0,0,0
NGJ5 FUT NYMEX 10000,20150320,131655,2.794,4,0,0,0,0,0
NGJ5 FUT NYMEX 10000,20150320,131807,2.79,1,0,0,0,0,0
NGJ5 FUT NYMEX 10000,20150320,131910,2.792,1,0,0,0,0,0
NGJ5 FUT NYMEX 10000,20150320,132007,2.796,8,0,0,0,0,0
NGJ5 FUT NYMEX 10000,20150320,132110,2.802,1,0,0,0,0,0
NGJ5 FUT NYMEX 10000,20150320,132205,2.796,8,0,0,0,0,0
NGJ5 FUT NYMEX 10000,20150320,132308,2.796,2,0,0,0,0,0
NGJ5 FUT NYMEX 10000,20150320,132409,2.792,3,0,0,0,0,0
NGJ5 FUT NYMEX 10000,20150320,132507,2.788,12,0,0,0,0,0
NGJ5 FUT NYMEX 10000,20150320,132610,2.789,5,0,0,0,0,0
NGJ5 FUT NYMEX 10000,20150320,132707,2.79,1,0,0,0,0,0
NGJ5 FUT NYMEX 10000,20150320,132807,2.793,8,0,0,0,0,0
NGJ5 FUT NYMEX 10000,20150320,132859,2.795,1,0,0,0,0,0
NGJ5 FUT NYMEX 10000,20150320,133009,2.794,3,0,0,0,0,0
NGJ5 FUT NYMEX 10000,20150320,133058,2.792,1,0,0,0,0,0
NGJ5 FUT NYMEX 10000,20150320,133135,2.791,1,0,0,0,0,0
NGJ5 FUT NYMEX 10000,20150320,133306,2.792,3,0,0,0,0,0
NGJ5 FUT NYMEX 10000,20150320,133353,2.792,4,0,0,0,0,0
NGJ5 FUT NYMEX 10000,20150320,133504,2.793,2,0,0,0,0,0
NGJ5 FUT NYMEX 10000,20150320,133604,2.793,2,0,0,0,0,0
NGJ5 FUT NYMEX 10000,20150320,133710,2.794,2,0,0,0,0,0
NGJ5 FUT NYMEX 10000,20150320,133807,2.798,1,0,0,0,0,0
NGJ5 FUT NYMEX 10000,20150320,133905,2.796,1,0,0,0,0,0
NGJ5 FUT NYMEX 10000,20150320,134010,2.801,5,0,0,0,0,0
NGJ5 FUT NYMEX 10000,20150320,134105,2.801,9,0,0,0,0,0
NGJ5 FUT NYMEX 10000,20150320,134209,2.799,2,0,0,0,0,0
NGJ5 FUT NYMEX 10000,20150320,134239,2.797,1,0,0,0,0,0
NGJ5 FUT NYMEX 10000,20150320,134409,2.797,2,0,0,0,0,0
NGJ5 FUT NYMEX 10000,20150320,134511,2.801,3,0,0,0,0,0
NGJ5 FUT NYMEX 10000,20150320,134610,2.796,6,0,0,0,0,0
NGJ5 FUT NYMEX 10000,20150320,134707,2.797,1,0,0,0,0,0
NGJ5 FUT NYMEX 10000,20150320,134806,2.793,1,0,0,0,0,0
NGJ5 FUT NYMEX 10000,20150320,134902,2.794,2,0,0,0,0,0
NGJ5 FUT NYMEX 10000,20150320,135007,2.793,3,0,0,0,0,0
NGJ5 FUT NYMEX 10000,20150320,135105,2.794,1,0,0,0,0,0
NGJ5 FUT NYMEX 10000,20150320,135208,2.796,1,0,0,0,0,0
NGJ5 FUT NYMEX 10000,20150320,135253,2.794,1,0,0,0,0,0
NGJ5 FUT NYMEX 10000,20150320,135409,2.792,1,0,0,0,0,0
NGJ5 FUT NYMEX 10000,20150320,135506,2.793,2,0,0,0,0,0
NGJ5 FUT NYMEX 10000,20150320,135610,2.801,7,0,0,0,0,0
NGJ5 FUT NYMEX 10000,20150320,135707,2.8,2,0,0,0,0,0
NGJ5 FUT NYMEX 10000,20150320,135811,2.81,6,0,0,0,0,0
NGJ5 FUT NYMEX 10000,20150320,135903,2.81,1,0,0,0,0,0
NGJ5 FUT NYMEX 10000,20150320,140002,2.81,1,0,0,0,0,0
NGJ5 FUT NYMEX 10000,20150320,140111,2.808,7,0,0,0,0,0
NGJ5 FUT NYMEX 10000,20150320,140156,2.805,3,0,0,0,0,0
NGJ5 FUT NYMEX 10000,20150320,140250,2.806,1,0,0,0,0,0
NGJ5 FUT NYMEX 10000,20150320,140411,2.802,1,0,0,0,0,0
NGJ5 FUT NYMEX 10000,20150320,140508,2.803,1,0,0,0,0,0
NGJ5 FUT NYMEX 10000,20150320,140601,2.801,1,0,0,0,0,0
NGJ5 FUT NYMEX 10000,20150320,140708,2.801,1,0,0,0,0,0
NGJ5 FUT NYMEX 10000,20150320,140808,2.8,1,0,0,0,0,0
NGJ5 FUT NYMEX 10000,20150320,140903,2.801,10,0,0,0,0,0
NGJ5 FUT NYMEX 10000,20150320,141011,2.799,5,0,0,0,0,0
NGJ5 FUT NYMEX 10000,20150320,141056,2.793,1,0,0,0,0,0
NGJ5 FUT NYMEX 10000,20150320,141203,2.798,1,0,0,0,0,0
NGJ5 FUT NYMEX 10000,20150320,141252,2.795,4,0,0,0,0,0
NGJ5 FUT NYMEX 10000,20150320,141357,2.797,1,0,0,0,0,0
NGJ5 FUT NYMEX 10000,20150320,141510,2.794,4,0,0,0,0,0
NGJ5 FUT NYMEX 10000,20150320,141609,2.792,5,0,0,0,0,0
NGJ5 FUT NYMEX 10000,20150320,141710,2.793,2,0,0,0,0,0
NGJ5 FUT NYMEX 10000,20150320,141811,2.788,1,0,0,0,0,0
NGJ5 FUT NYMEX 10000,20150320,141906,2.79,3,0,0,0,0,0
NGJ5 FUT NYMEX 10000,20150320,142010,2.786,1,0,0,0,0,0
NGJ5 FUT NYMEX 10000,20150320,142111,2.785,1,0,0,0,0,0
NGJ5 FUT NYMEX 10000,20150320,142205,2.785,1,0,0,0,0,0
NGJ5 FUT NYMEX 10000,20150320,142309,2.785,1,0,0,0,0,0
NGJ5 FUT NYMEX 10000,20150320,142404,2.784,1,0,0,0,0,0
NGJ5 FUT NYMEX 10000,20150320,142511,2.787,1,0,0,0,0,0
NGJ5 FUT NYMEX 10000,20150320,142606,2.784,1,0,0,0,0,0
NGJ5 FUT NYMEX 10000,20150320,142708,2.782,1,0,0,0,0,0
NGJ5 FUT NYMEX 10000,20150320,142811,2.782,7,0,0,0,0,0
NGJ5 FUT NYMEX 10000,20150320,142911,2.789,10,0,0,0,0,0
NGJ5 FUT NYMEX 10000,20150320,143005,2.793,1,0,0,0,0,0
NGJ5 FUT NYMEX 10000,20150320,143111,2.793,4,0,0,0,0,0
NGJ5 FUT NYMEX 10000,20150320,143209,2.793,5,0,0,0,0,0
NGJ5 FUT NYMEX 10000,20150320,143301,2.793,1,0,0,0,0,0
NGJ5 FUT NYMEX 10000,20150320,143406,2.796,1,0,0,0,0,0
NGJ5 FUT NYMEX 10000,20150320,143454,2.793,1,0,0,0,0,0
NGJ5 FUT NYMEX 10000,20150320,143547,2.795,3,0,0,0,0,0
NGJ5 FUT NYMEX 10000,20150320,143706,2.792,2,0,0,0,0,0
NGJ5 FUT NYMEX 10000,20150320,143753,2.792,26,0,0,0,0,0
NGJ5 FUT NYMEX 10000,20150320,143849,2.793,2,0,0,0,0,0
NGJ5 FUT NYMEX 10000,20150320,144011,2.793,1,0,0,0,0,0
NGJ5 FUT NYMEX 10000,20150320,144111,2.794,1,0,0,0,0,0
NGJ5 FUT NYMEX 10000,20150320,144136,2.792,2,0,0,0,0,0
NGJ5 FUT NYMEX 10000,20150320,144258,2.79,1,0,0,0,0,0
NGJ5 FUT NYMEX 10000,20150320,144346,2.791,1,0,0,0,0,0
NGJ5 FUT NYMEX 10000,20150320,144511,2.795,2,0,0,0,0,0
NGJ5 FUT NYMEX 10000,20150320,144605,2.793,1,0,0,0,0,0
NGJ5 FUT NYMEX 10000,20150320,144825,2.794,1,0,0,0,0,0
NGJ5 FUT NYMEX 10000,20150320,145003,2.794,3,0,0,0,0,0
NGJ5 FUT NYMEX 10000,20150320,145014,2.793,1,0,0,0,0,0
NGJ5 FUT NYMEX 10000,20150320,145149,2.794,1,0,0,0,0,0
NGJ5 FUT NYMEX 10000,20150320,145232,2.793,8,0,0,0,0,0
NGJ5 FUT NYMEX 10000,20150320,145349,2.792,9,0,0,0,0,0
NGJ5 FUT NYMEX 10000,20150320,145506,2.791,1,0,0,0,0,0
NGJ5 FUT NYMEX 10000,20150320,145603,2.791,1,0,0,0,0,0
NGJ5 FUT NYMEX 10000,20150320,145711,2.791,10,0,0,0,0,0
NGJ5 FUT NYMEX 10000,20150320,145759,2.789,1,0,0,0,0,0
NGJ5 FUT NYMEX 10000,20150320,145848,2.793,1,0,0,0,0,0
NGJ5 FUT NYMEX 10000,20150320,145952,2.79,1,0,0,0,0,0
NGJ5 FUT NYMEX 10000,20150320,150050,2.79,1,0,0,0,0,0
NGJ5 FUT NYMEX 10000,20150320,150202,2.789,1,0,0,0,0,0
NGJ5 FUT NYMEX 10000,20150320,150311,2.79,2,0,0,0,0,0
NGJ5 FUT NYMEX 10000,20150320,150402,2.788,1,0,0,0,0,0
NGJ5 FUT NYMEX 10000,20150320,150458,2.787,1,0,0,0,0,0
NGJ5 FUT NYMEX 10000,20150320,150605,2.787,2,0,0,0,0,0
NGJ5 FUT NYMEX 10000,20150320,150646,2.787,1,0,0,0,0,0
NGJ5 FUT NYMEX 10000,20150320,150809,2.788,1,0,0,0,0,0
NGJ5 FUT NYMEX 10000,20150320,150931,2.787,1,0,0,0,0,0
NGJ5 FUT NYMEX 10000,20150320,151053,2.789,1,0,0,0,0,0
NGJ5 FUT NYMEX 10000,20150320,151301,2.79,1,0,0,0,0,0
NGJ5 FUT NYMEX 10000,20150320,151408,2.79,1,0,0,0,0,0
NGJ5 FUT NYMEX 10000,20150320,151508,2.79,3,0,0,0,0,0
NGJ5 FUT NYMEX 10000,20150320,151556,2.788,1,0,0,0,0,0
NGJ5 FUT NYMEX 10000,20150320,151644,2.79,3,0,0,0,0,0
NGJ5 FUT NYMEX 10000,20150320,151811,2.789,1,0,0,0,0,0
NGJ5 FUT NYMEX 10000,20150320,151910,2.788,1,0,0,0,0,0
NGJ5 FUT NYMEX 10000,20150320,152004,2.788,1,0,0,0,0,0
NGJ5 FUT NYMEX 10000,20150320,152105,2.789,1,0,0,0,0,0
NGJ5 FUT NYMEX 10000,20150320,152129,2.788,1,0,0,0,0,0
NGJ5 FUT NYMEX 10000,20150320,152411,2.791,1,0,0,0,0,0
NGJ5 FUT NYMEX 10000,20150320,152610,2.792,4,0,0,0,0,0
NGJ5 FUT NYMEX 10000,20150320,152656,2.792,1,0,0,0,0,0
NGJ5 FUT NYMEX 10000,20150320,152745,2.794,3,0,0,0,0,0
NGJ5 FUT NYMEX 10000,20150320,152911,2.792,1,0,0,0,0,0
NGJ5 FUT NYMEX 10000,20150320,153011,2.793,1,0,0,0,0,0
NGJ5 FUT NYMEX 10000,20150320,153104,2.792,1,0,0,0,0,0
NGJ5 FUT NYMEX 10000,20150320,153144,2.793,1,0,0,0,0,0
NGJ5 FUT NYMEX 10000,20150320,153312,2.793,1,0,0,0,0,0
NGJ5 FUT NYMEX 10000,20150320,153349,2.793,1,0,0,0,0,0
NGJ5 FUT NYMEX 10000,20150320,153510,2.792,1,0,0,0,0,0
NGJ5 FUT NYMEX 10000,20150320,153551,2.792,5,0,0,0,0,0
NGJ5 FUT NYMEX 10000,20150320,153708,2.792,10,0,0,0,0,0
NGJ5 FUT NYMEX 10000,20150320,153806,2.791,1,0,0,0,0,0
NGJ5 FUT NYMEX 10000,20150320,153859,2.792,1,0,0,0,0,0
NGJ5 FUT NYMEX 10000,20150320,153946,2.791,1,0,0,0,0,0
NGJ5 FUT NYMEX 10000,20150320,154105,2.791,9,0,0,0,0,0
NGJ5 FUT NYMEX 10000,20150320,154206,2.79,3,0,0,0,0,0
NGJ5 FUT NYMEX 10000,20150320,154305,2.791,2,0,0,0,0,0
NGJ5 FUT NYMEX 10000,20150320,154412,2.788,3,0,0,0,0,0
NGJ5 FUT NYMEX 10000,20150320,154443,2.787,1,0,0,0,0,0
NGJ5 FUT NYMEX 10000,20150320,154649,2.788,1,0,0,0,0,0
NGJ5 FUT NYMEX 10000,20150320,154734,2.787,1,0,0,0,0,0
NGJ5 FUT NYMEX 10000,20150320,154858,2.787,1,0,0,0,0,0
NGJ5 FUT NYMEX 10000,20150320,154958,2.787,2,0,0,0,0,0
NGJ5 FUT NYMEX 10000,20150320,155107,2.785,8,0,0,0,0,0
NGJ5 FUT NYMEX 10000,20150320,155155,2.785,1,0,0,0,0,0
NGJ5 FUT NYMEX 10000,20150320,155259,2.783,3,0,0,0,0,0
NGJ5 FUT NYMEX 10000,20150320,155411,2.782,3,0,0,0,0,0
NGJ5 FUT NYMEX 10000,20150320,155459,2.787,1,0,0,0,0,0
NGJ5 FUT NYMEX 10000,20150320,155611,2.788,3,0,0,0,0,0
NGJ5 FUT NYMEX 10000,20150320,155646,2.789,5,0,0,0,0,0
NGJ5 FUT NYMEX 10000,20150320,155738,2.786,6,0,0,0,0,0
NGJ5 FUT NYMEX 10000,20150320,155912,2.787,2,0,0,0,0,0
NGJ5 FUT NYMEX 10000,20150320,155939,2.783,1,0,0,0,0,0
NGJ5 FUT NYMEX 10000,20150320,160055,2.782,2,0,0,0,0,0
NGJ5 FUT NYMEX 10000,20150320,160135,2.783,3,0,0,0,0,0
NGJ5 FUT NYMEX 10000,20150320,160259,2.784,1,0,0,0,0,0
NGJ5 FUT NYMEX 10000,20150320,160342,2.785,1,0,0,0,0,0
NGJ5 FUT NYMEX 10000,20150320,160506,2.786,2,0,0,0,0,0
NGJ5 FUT NYMEX 10000,20150320,160602,2.786,1,0,0,0,0,0
NGJ5 FUT NYMEX 10000,20150320,160709,2.788,5,0,0,0,0,0
NGJ5 FUT NYMEX 10000,20150320,160905,2.787,1,0,0,0,0,0
NGJ5 FUT NYMEX 10000,20150320,161045,2.787,1,0,0,0,0,0
NGJ5 FUT NYMEX 10000,20150320,161409,2.789,2,0,0,0,0,0
NGJ5 FUT NYMEX 10000,20150320,161439,2.788,1,0,0,0,0,0
NGJ5 FUT NYMEX 10000,20150320,161525,2.789,4,0,0,0,0,0
NGJ5 FUT NYMEX 10000,20150320,161709,2.79,1,0,0,0,0,0
NGJ5 FUT NYMEX 10000,20150320,162008,2.79,4,0,0,0,0,0
NGJ5 FUT NYMEX 10000,20150320,162053,2.792,1,0,0,0,0,0
NGJ5 FUT NYMEX 10000,20150320,162141,2.793,5,0,0,0,0,0
NGJ5 FUT NYMEX 10000,20150320,162229,2.793,1,0,0,0,0,0
NGJ5 FUT NYMEX 10000,20150320,162326,2.79,1,0,0,0,0,0
NGJ5 FUT NYMEX 10000,20150320,162534,2.789,1,0,0,0,0,0
NGJ5 FUT NYMEX 10000,20150320,162639,2.788,1,0,0,0,0,0
NGJ5 FUT NYMEX 10000,20150320,162801,2.788,5,0,0,0,0,0
NGJ5 FUT NYMEX 10000,20150320,162905,2.785,1,0,0,0,0,0
NGJ5 FUT NYMEX 10000,20150320,163003,2.788,1,0,0,0,0,0
NGJ5 FUT NYMEX 10000,20150320,163119,2.789,1,0,0,0,0,0
NGJ5 FUT NYMEX 10000,20150320,163702,2.788,2,0,0,0,0,0
NGJ5 FUT NYMEX 10000,20150320,163728,2.788,1,0,0,0,0,0
NGJ5 FUT NYMEX 10000,20150320,163901,2.79,1,0,0,0,0,0
NGJ5 FUT NYMEX 10000,20150320,164112,2.789,1,0,0,0,0,0
NGJ5 FUT NYMEX 10000,20150320,164456,2.791,6,0,0,0,0,0
NGJ5 FUT NYMEX 10000,20150320,164858,2.791,1,0,0,0,0,0
NGJ5 FUT NYMEX 10000,20150320,164938,2.791,3,0,0,0,0,0
NGJ5 FUT NYMEX 10000,20150320,165047,2.79,6,0,0,0,0,0
NGJ5 FUT NYMEX 10000,20150320,165135,2.79,1,0,0,0,0,0
NGJ5 FUT NYMEX 10000,20150320,165448,2.79,5,0,0,0,0,0
NGJ5 FUT NYMEX 10000,20150320,165608,2.786,2,0,0,0,0,0
NGJ5 FUT NYMEX 10000,20150320,165708,2.79,11,0,0,0,0,0
NGJ5 FUT NYMEX 10000,20150320,165930,2.787,1,0,0,0,0,0
NGJ5 FUT NYMEX 10000,20150320,170158,2.785,1,0,0,0,0,0
NGJ5 FUT NYMEX 10000,20150320,170257,2.786,3,0,0,0,0,0
NGJ5 FUT NYMEX 10000,20150320,170343,2.785,13,0,0,0,0,0
NGJ5 FUT NYMEX 10000,20150320,170642,2.785,1,0,0,0,0,0
NGJ5 FUT NYMEX 10000,20150320,170806,2.785,1,0,0,0,0,0
NGJ5 FUT NYMEX 10000,20150320,170912,2.779,4,0,0,0,0,0
NGJ5 FUT NYMEX 10000,20150320,171001,2.784,3,0,0,0,0,0
NGJ5 FUT NYMEX 10000,20150320,171136,2.782,1,0,0,0,0,0
NGJ5 FUT NYMEX 10000,20150320,171403,2.785,3,0,0,0,0,0
NGJ5 FUT NYMEX 10000,20150320,171417,2.784,1,0,0,0,0,0
NGJ5 FUT NYMEX 10000,20150320,171740,2.784,1,0,0,0,0,0
NGJ5 FUT NYMEX 10000,20150320,172447,2.784,1,0,0,0,0,0
NGJ5 FUT NYMEX 10000,20150320,173403,2.784,1,0,0,0,0,0
NGJ5 FUT NYMEX 10000,20150320,175515,2.784,1,0,0,0,0,0
