538                 
NGK5 FUT NYMEX 10000,20150320,71605,2.873,2,0,0,0,0,0
NGK5 FUT NYMEX 10000,20150320,71902,2.874,3,0,0,0,0,0
NGK5 FUT NYMEX 10000,20150320,72005,2.875,1,0,0,0,0,0
NGK5 FUT NYMEX 10000,20150320,72050,2.877,1,0,0,0,0,0
NGK5 FUT NYMEX 10000,20150320,72202,2.878,1,0,0,0,0,0
NGK5 FUT NYMEX 10000,20150320,72353,2.877,2,0,0,0,0,0
NGK5 FUT NYMEX 10000,20150320,72415,2.88,1,0,0,0,0,0
NGK5 FUT NYMEX 10000,20150320,72557,2.875,1,0,0,0,0,0
NGK5 FUT NYMEX 10000,20150320,72627,2.872,1,0,0,0,0,0
NGK5 FUT NYMEX 10000,20150320,72804,2.871,8,0,0,0,0,0
NGK5 FUT NYMEX 10000,20150320,72901,2.871,2,0,0,0,0,0
NGK5 FUT NYMEX 10000,20150320,72934,2.871,3,0,0,0,0,0
NGK5 FUT NYMEX 10000,20150320,73025,2.873,1,0,0,0,0,0
NGK5 FUT NYMEX 10000,20150320,73134,2.871,2,0,0,0,0,0
NGK5 FUT NYMEX 10000,20150320,73257,2.872,4,0,0,0,0,0
NGK5 FUT NYMEX 10000,20150320,73321,2.871,1,0,0,0,0,0
NGK5 FUT NYMEX 10000,20150320,73430,2.87,1,0,0,0,0,0
NGK5 FUT NYMEX 10000,20150320,73604,2.868,3,0,0,0,0,0
NGK5 FUT NYMEX 10000,20150320,73655,2.871,1,0,0,0,0,0
NGK5 FUT NYMEX 10000,20150320,73805,2.869,2,0,0,0,0,0
NGK5 FUT NYMEX 10000,20150320,73859,2.867,1,0,0,0,0,0
NGK5 FUT NYMEX 10000,20150320,74002,2.865,1,0,0,0,0,0
NGK5 FUT NYMEX 10000,20150320,74033,2.866,1,0,0,0,0,0
NGK5 FUT NYMEX 10000,20150320,74155,2.865,2,0,0,0,0,0
NGK5 FUT NYMEX 10000,20150320,74209,2.867,2,0,0,0,0,0
NGK5 FUT NYMEX 10000,20150320,74432,2.869,5,0,0,0,0,0
NGK5 FUT NYMEX 10000,20150320,74602,2.866,1,0,0,0,0,0
NGK5 FUT NYMEX 10000,20150320,74700,2.866,2,0,0,0,0,0
NGK5 FUT NYMEX 10000,20150320,74751,2.867,1,0,0,0,0,0
NGK5 FUT NYMEX 10000,20150320,74903,2.873,1,0,0,0,0,0
NGK5 FUT NYMEX 10000,20150320,75004,2.873,1,0,0,0,0,0
NGK5 FUT NYMEX 10000,20150320,75053,2.873,1,0,0,0,0,0
NGK5 FUT NYMEX 10000,20150320,75131,2.872,1,0,0,0,0,0
NGK5 FUT NYMEX 10000,20150320,75252,2.872,2,0,0,0,0,0
NGK5 FUT NYMEX 10000,20150320,75355,2.873,1,0,0,0,0,0
NGK5 FUT NYMEX 10000,20150320,75452,2.873,1,0,0,0,0,0
NGK5 FUT NYMEX 10000,20150320,75530,2.873,2,0,0,0,0,0
NGK5 FUT NYMEX 10000,20150320,75702,2.878,1,0,0,0,0,0
NGK5 FUT NYMEX 10000,20150320,75725,2.874,1,0,0,0,0,0
NGK5 FUT NYMEX 10000,20150320,75906,2.873,1,0,0,0,0,0
NGK5 FUT NYMEX 10000,20150320,75956,2.876,1,0,0,0,0,0
NGK5 FUT NYMEX 10000,20150320,80103,2.871,3,0,0,0,0,0
NGK5 FUT NYMEX 10000,20150320,80204,2.876,2,0,0,0,0,0
NGK5 FUT NYMEX 10000,20150320,80216,2.876,1,0,0,0,0,0
NGK5 FUT NYMEX 10000,20150320,80340,2.876,1,0,0,0,0,0
NGK5 FUT NYMEX 10000,20150320,80419,2.875,1,0,0,0,0,0
NGK5 FUT NYMEX 10000,20150320,80528,2.874,2,0,0,0,0,0
NGK5 FUT NYMEX 10000,20150320,80702,2.874,1,0,0,0,0,0
NGK5 FUT NYMEX 10000,20150320,80757,2.879,4,0,0,0,0,0
NGK5 FUT NYMEX 10000,20150320,80852,2.877,1,0,0,0,0,0
NGK5 FUT NYMEX 10000,20150320,80959,2.878,1,0,0,0,0,0
NGK5 FUT NYMEX 10000,20150320,81052,2.874,1,0,0,0,0,0
NGK5 FUT NYMEX 10000,20150320,81143,2.876,1,0,0,0,0,0
NGK5 FUT NYMEX 10000,20150320,81240,2.878,1,0,0,0,0,0
NGK5 FUT NYMEX 10000,20150320,81401,2.878,4,0,0,0,0,0
NGK5 FUT NYMEX 10000,20150320,81506,2.877,1,0,0,0,0,0
NGK5 FUT NYMEX 10000,20150320,81604,2.873,3,0,0,0,0,0
NGK5 FUT NYMEX 10000,20150320,81644,2.873,1,0,0,0,0,0
NGK5 FUT NYMEX 10000,20150320,81801,2.874,1,0,0,0,0,0
NGK5 FUT NYMEX 10000,20150320,81821,2.875,1,0,0,0,0,0
NGK5 FUT NYMEX 10000,20150320,81932,2.877,1,0,0,0,0,0
NGK5 FUT NYMEX 10000,20150320,82101,2.878,1,0,0,0,0,0
NGK5 FUT NYMEX 10000,20150320,82154,2.879,1,0,0,0,0,0
NGK5 FUT NYMEX 10000,20150320,82303,2.883,1,0,0,0,0,0
NGK5 FUT NYMEX 10000,20150320,82403,2.879,1,0,0,0,0,0
NGK5 FUT NYMEX 10000,20150320,82506,2.876,1,0,0,0,0,0
NGK5 FUT NYMEX 10000,20150320,82605,2.874,1,0,0,0,0,0
NGK5 FUT NYMEX 10000,20150320,82655,2.869,1,0,0,0,0,0
NGK5 FUT NYMEX 10000,20150320,82759,2.869,5,0,0,0,0,0
NGK5 FUT NYMEX 10000,20150320,82852,2.866,1,0,0,0,0,0
NGK5 FUT NYMEX 10000,20150320,83002,2.873,2,0,0,0,0,0
NGK5 FUT NYMEX 10000,20150320,83053,2.878,1,0,0,0,0,0
NGK5 FUT NYMEX 10000,20150320,83153,2.878,1,0,0,0,0,0
NGK5 FUT NYMEX 10000,20150320,83258,2.88,1,0,0,0,0,0
NGK5 FUT NYMEX 10000,20150320,83359,2.877,1,0,0,0,0,0
NGK5 FUT NYMEX 10000,20150320,83443,2.877,4,0,0,0,0,0
NGK5 FUT NYMEX 10000,20150320,83601,2.878,1,0,0,0,0,0
NGK5 FUT NYMEX 10000,20150320,83705,2.879,1,0,0,0,0,0
NGK5 FUT NYMEX 10000,20150320,83801,2.88,3,0,0,0,0,0
NGK5 FUT NYMEX 10000,20150320,83833,2.88,1,0,0,0,0,0
NGK5 FUT NYMEX 10000,20150320,83950,2.879,1,0,0,0,0,0
NGK5 FUT NYMEX 10000,20150320,84046,2.88,1,0,0,0,0,0
NGK5 FUT NYMEX 10000,20150320,84206,2.886,1,0,0,0,0,0
NGK5 FUT NYMEX 10000,20150320,84301,2.882,3,0,0,0,0,0
NGK5 FUT NYMEX 10000,20150320,84404,2.883,1,0,0,0,0,0
NGK5 FUT NYMEX 10000,20150320,84459,2.882,2,0,0,0,0,0
NGK5 FUT NYMEX 10000,20150320,84600,2.883,1,0,0,0,0,0
NGK5 FUT NYMEX 10000,20150320,84706,2.882,19,0,0,0,0,0
NGK5 FUT NYMEX 10000,20150320,84756,2.881,14,0,0,0,0,0
NGK5 FUT NYMEX 10000,20150320,84845,2.881,1,0,0,0,0,0
NGK5 FUT NYMEX 10000,20150320,84955,2.881,1,0,0,0,0,0
NGK5 FUT NYMEX 10000,20150320,85102,2.879,5,0,0,0,0,0
NGK5 FUT NYMEX 10000,20150320,85206,2.881,5,0,0,0,0,0
NGK5 FUT NYMEX 10000,20150320,85305,2.881,1,0,0,0,0,0
NGK5 FUT NYMEX 10000,20150320,85402,2.882,1,0,0,0,0,0
NGK5 FUT NYMEX 10000,20150320,85457,2.883,1,0,0,0,0,0
NGK5 FUT NYMEX 10000,20150320,85657,2.883,1,0,0,0,0,0
NGK5 FUT NYMEX 10000,20150320,85803,2.881,1,0,0,0,0,0
NGK5 FUT NYMEX 10000,20150320,85906,2.88,2,0,0,0,0,0
NGK5 FUT NYMEX 10000,20150320,90007,2.876,1,0,0,0,0,0
NGK5 FUT NYMEX 10000,20150320,90106,2.874,2,0,0,0,0,0
NGK5 FUT NYMEX 10000,20150320,90206,2.875,3,0,0,0,0,0
NGK5 FUT NYMEX 10000,20150320,90305,2.881,20,0,0,0,0,0
NGK5 FUT NYMEX 10000,20150320,90406,2.88,1,0,0,0,0,0
NGK5 FUT NYMEX 10000,20150320,90502,2.88,2,0,0,0,0,0
NGK5 FUT NYMEX 10000,20150320,90605,2.88,3,0,0,0,0,0
NGK5 FUT NYMEX 10000,20150320,90705,2.877,2,0,0,0,0,0
NGK5 FUT NYMEX 10000,20150320,90807,2.875,1,0,0,0,0,0
NGK5 FUT NYMEX 10000,20150320,90859,2.876,1,0,0,0,0,0
NGK5 FUT NYMEX 10000,20150320,90956,2.872,1,0,0,0,0,0
NGK5 FUT NYMEX 10000,20150320,91104,2.877,4,0,0,0,0,0
NGK5 FUT NYMEX 10000,20150320,91202,2.88,1,0,0,0,0,0
NGK5 FUT NYMEX 10000,20150320,91256,2.877,1,0,0,0,0,0
NGK5 FUT NYMEX 10000,20150320,91400,2.874,1,0,0,0,0,0
NGK5 FUT NYMEX 10000,20150320,91505,2.877,3,0,0,0,0,0
NGK5 FUT NYMEX 10000,20150320,91559,2.875,1,0,0,0,0,0
NGK5 FUT NYMEX 10000,20150320,91701,2.875,2,0,0,0,0,0
NGK5 FUT NYMEX 10000,20150320,91759,2.875,2,0,0,0,0,0
NGK5 FUT NYMEX 10000,20150320,91904,2.875,1,0,0,0,0,0
NGK5 FUT NYMEX 10000,20150320,92004,2.879,1,0,0,0,0,0
NGK5 FUT NYMEX 10000,20150320,92101,2.878,3,0,0,0,0,0
NGK5 FUT NYMEX 10000,20150320,92203,2.879,1,0,0,0,0,0
NGK5 FUT NYMEX 10000,20150320,92307,2.879,1,0,0,0,0,0
NGK5 FUT NYMEX 10000,20150320,92354,2.879,1,0,0,0,0,0
NGK5 FUT NYMEX 10000,20150320,92450,2.877,1,0,0,0,0,0
NGK5 FUT NYMEX 10000,20150320,92600,2.88,1,0,0,0,0,0
NGK5 FUT NYMEX 10000,20150320,92702,2.882,1,0,0,0,0,0
NGK5 FUT NYMEX 10000,20150320,92802,2.891,2,0,0,0,0,0
NGK5 FUT NYMEX 10000,20150320,92906,2.894,1,0,0,0,0,0
NGK5 FUT NYMEX 10000,20150320,93005,2.898,1,0,0,0,0,0
NGK5 FUT NYMEX 10000,20150320,93100,2.898,1,0,0,0,0,0
NGK5 FUT NYMEX 10000,20150320,93203,2.898,1,0,0,0,0,0
NGK5 FUT NYMEX 10000,20150320,93302,2.899,1,0,0,0,0,0
NGK5 FUT NYMEX 10000,20150320,93402,2.899,2,0,0,0,0,0
NGK5 FUT NYMEX 10000,20150320,93506,2.9,1,0,0,0,0,0
NGK5 FUT NYMEX 10000,20150320,93607,2.907,8,0,0,0,0,0
NGK5 FUT NYMEX 10000,20150320,93706,2.906,3,0,0,0,0,0
NGK5 FUT NYMEX 10000,20150320,93807,2.908,6,0,0,0,0,0
NGK5 FUT NYMEX 10000,20150320,93907,2.904,4,0,0,0,0,0
NGK5 FUT NYMEX 10000,20150320,94005,2.899,1,0,0,0,0,0
NGK5 FUT NYMEX 10000,20150320,94107,2.901,9,0,0,0,0,0
NGK5 FUT NYMEX 10000,20150320,94204,2.902,1,0,0,0,0,0
NGK5 FUT NYMEX 10000,20150320,94307,2.904,1,0,0,0,0,0
NGK5 FUT NYMEX 10000,20150320,94406,2.898,1,0,0,0,0,0
NGK5 FUT NYMEX 10000,20150320,94507,2.902,1,0,0,0,0,0
NGK5 FUT NYMEX 10000,20150320,94602,2.909,1,0,0,0,0,0
NGK5 FUT NYMEX 10000,20150320,94704,2.911,2,0,0,0,0,0
NGK5 FUT NYMEX 10000,20150320,94807,2.918,7,0,0,0,0,0
NGK5 FUT NYMEX 10000,20150320,94907,2.915,3,0,0,0,0,0
NGK5 FUT NYMEX 10000,20150320,95007,2.92,4,0,0,0,0,0
NGK5 FUT NYMEX 10000,20150320,95105,2.93,4,0,0,0,0,0
NGK5 FUT NYMEX 10000,20150320,95203,2.926,1,0,0,0,0,0
NGK5 FUT NYMEX 10000,20150320,95307,2.923,1,0,0,0,0,0
NGK5 FUT NYMEX 10000,20150320,95405,2.916,1,0,0,0,0,0
NGK5 FUT NYMEX 10000,20150320,95507,2.915,1,0,0,0,0,0
NGK5 FUT NYMEX 10000,20150320,95602,2.917,2,0,0,0,0,0
NGK5 FUT NYMEX 10000,20150320,95703,2.916,6,0,0,0,0,0
NGK5 FUT NYMEX 10000,20150320,95755,2.916,1,0,0,0,0,0
NGK5 FUT NYMEX 10000,20150320,95905,2.915,10,0,0,0,0,0
NGK5 FUT NYMEX 10000,20150320,95954,2.91,1,0,0,0,0,0
NGK5 FUT NYMEX 10000,20150320,100108,2.907,9,0,0,0,0,0
NGK5 FUT NYMEX 10000,20150320,100207,2.905,4,0,0,0,0,0
NGK5 FUT NYMEX 10000,20150320,100258,2.904,3,0,0,0,0,0
NGK5 FUT NYMEX 10000,20150320,100356,2.907,1,0,0,0,0,0
NGK5 FUT NYMEX 10000,20150320,100503,2.91,2,0,0,0,0,0
NGK5 FUT NYMEX 10000,20150320,100550,2.911,1,0,0,0,0,0
NGK5 FUT NYMEX 10000,20150320,100634,2.912,1,0,0,0,0,0
NGK5 FUT NYMEX 10000,20150320,100757,2.906,1,0,0,0,0,0
NGK5 FUT NYMEX 10000,20150320,100856,2.907,1,0,0,0,0,0
NGK5 FUT NYMEX 10000,20150320,100946,2.907,1,0,0,0,0,0
NGK5 FUT NYMEX 10000,20150320,101052,2.907,1,0,0,0,0,0
NGK5 FUT NYMEX 10000,20150320,101204,2.905,1,0,0,0,0,0
NGK5 FUT NYMEX 10000,20150320,101300,2.905,1,0,0,0,0,0
NGK5 FUT NYMEX 10000,20150320,101406,2.909,1,0,0,0,0,0
NGK5 FUT NYMEX 10000,20150320,101503,2.907,3,0,0,0,0,0
NGK5 FUT NYMEX 10000,20150320,101607,2.91,4,0,0,0,0,0
NGK5 FUT NYMEX 10000,20150320,101708,2.918,2,0,0,0,0,0
NGK5 FUT NYMEX 10000,20150320,101808,2.917,6,0,0,0,0,0
NGK5 FUT NYMEX 10000,20150320,101859,2.913,1,0,0,0,0,0
NGK5 FUT NYMEX 10000,20150320,102008,2.917,1,0,0,0,0,0
NGK5 FUT NYMEX 10000,20150320,102107,2.916,6,0,0,0,0,0
NGK5 FUT NYMEX 10000,20150320,102148,2.918,2,0,0,0,0,0
NGK5 FUT NYMEX 10000,20150320,102302,2.92,3,0,0,0,0,0
NGK5 FUT NYMEX 10000,20150320,102334,2.917,1,0,0,0,0,0
NGK5 FUT NYMEX 10000,20150320,102451,2.916,1,0,0,0,0,0
NGK5 FUT NYMEX 10000,20150320,102606,2.915,3,0,0,0,0,0
NGK5 FUT NYMEX 10000,20150320,102708,2.907,1,0,0,0,0,0
NGK5 FUT NYMEX 10000,20150320,102806,2.905,2,0,0,0,0,0
NGK5 FUT NYMEX 10000,20150320,102902,2.908,3,0,0,0,0,0
NGK5 FUT NYMEX 10000,20150320,102957,2.909,1,0,0,0,0,0
NGK5 FUT NYMEX 10000,20150320,103105,2.908,2,0,0,0,0,0
NGK5 FUT NYMEX 10000,20150320,103202,2.911,1,0,0,0,0,0
NGK5 FUT NYMEX 10000,20150320,103305,2.907,1,0,0,0,0,0
NGK5 FUT NYMEX 10000,20150320,103404,2.899,1,0,0,0,0,0
NGK5 FUT NYMEX 10000,20150320,103507,2.897,1,0,0,0,0,0
NGK5 FUT NYMEX 10000,20150320,103607,2.897,1,0,0,0,0,0
NGK5 FUT NYMEX 10000,20150320,103707,2.893,1,0,0,0,0,0
NGK5 FUT NYMEX 10000,20150320,103800,2.892,1,0,0,0,0,0
NGK5 FUT NYMEX 10000,20150320,103908,2.89,2,0,0,0,0,0
NGK5 FUT NYMEX 10000,20150320,103957,2.888,1,0,0,0,0,0
NGK5 FUT NYMEX 10000,20150320,104035,2.889,2,0,0,0,0,0
NGK5 FUT NYMEX 10000,20150320,104200,2.883,1,0,0,0,0,0
NGK5 FUT NYMEX 10000,20150320,104305,2.888,1,0,0,0,0,0
NGK5 FUT NYMEX 10000,20150320,104359,2.891,1,0,0,0,0,0
NGK5 FUT NYMEX 10000,20150320,104508,2.889,2,0,0,0,0,0
NGK5 FUT NYMEX 10000,20150320,104552,2.887,3,0,0,0,0,0
NGK5 FUT NYMEX 10000,20150320,104708,2.885,2,0,0,0,0,0
NGK5 FUT NYMEX 10000,20150320,104759,2.887,1,0,0,0,0,0
NGK5 FUT NYMEX 10000,20150320,104908,2.89,1,0,0,0,0,0
NGK5 FUT NYMEX 10000,20150320,105003,2.894,2,0,0,0,0,0
NGK5 FUT NYMEX 10000,20150320,105055,2.895,3,0,0,0,0,0
NGK5 FUT NYMEX 10000,20150320,105200,2.895,5,0,0,0,0,0
NGK5 FUT NYMEX 10000,20150320,105307,2.894,1,0,0,0,0,0
NGK5 FUT NYMEX 10000,20150320,105402,2.892,1,0,0,0,0,0
NGK5 FUT NYMEX 10000,20150320,105458,2.886,2,0,0,0,0,0
NGK5 FUT NYMEX 10000,20150320,105606,2.886,1,0,0,0,0,0
NGK5 FUT NYMEX 10000,20150320,105659,2.888,1,0,0,0,0,0
NGK5 FUT NYMEX 10000,20150320,105808,2.887,4,0,0,0,0,0
NGK5 FUT NYMEX 10000,20150320,105837,2.888,1,0,0,0,0,0
NGK5 FUT NYMEX 10000,20150320,110002,2.879,1,0,0,0,0,0
NGK5 FUT NYMEX 10000,20150320,110108,2.878,1,0,0,0,0,0
NGK5 FUT NYMEX 10000,20150320,110206,2.876,2,0,0,0,0,0
NGK5 FUT NYMEX 10000,20150320,110256,2.877,1,0,0,0,0,0
NGK5 FUT NYMEX 10000,20150320,110408,2.874,5,0,0,0,0,0
NGK5 FUT NYMEX 10000,20150320,110508,2.872,1,0,0,0,0,0
NGK5 FUT NYMEX 10000,20150320,110604,2.874,2,0,0,0,0,0
NGK5 FUT NYMEX 10000,20150320,110708,2.873,4,0,0,0,0,0
NGK5 FUT NYMEX 10000,20150320,110752,2.875,1,0,0,0,0,0
NGK5 FUT NYMEX 10000,20150320,110849,2.872,1,0,0,0,0,0
NGK5 FUT NYMEX 10000,20150320,111005,2.874,1,0,0,0,0,0
NGK5 FUT NYMEX 10000,20150320,111107,2.876,3,0,0,0,0,0
NGK5 FUT NYMEX 10000,20150320,111204,2.874,6,0,0,0,0,0
NGK5 FUT NYMEX 10000,20150320,111308,2.872,1,0,0,0,0,0
NGK5 FUT NYMEX 10000,20150320,111359,2.873,1,0,0,0,0,0
NGK5 FUT NYMEX 10000,20150320,111446,2.872,1,0,0,0,0,0
NGK5 FUT NYMEX 10000,20150320,111603,2.873,1,0,0,0,0,0
NGK5 FUT NYMEX 10000,20150320,111702,2.874,1,0,0,0,0,0
NGK5 FUT NYMEX 10000,20150320,111801,2.873,2,0,0,0,0,0
NGK5 FUT NYMEX 10000,20150320,111837,2.873,1,0,0,0,0,0
NGK5 FUT NYMEX 10000,20150320,111954,2.873,2,0,0,0,0,0
NGK5 FUT NYMEX 10000,20150320,112058,2.874,2,0,0,0,0,0
NGK5 FUT NYMEX 10000,20150320,112201,2.877,1,0,0,0,0,0
NGK5 FUT NYMEX 10000,20150320,112309,2.879,5,0,0,0,0,0
NGK5 FUT NYMEX 10000,20150320,112408,2.88,2,0,0,0,0,0
NGK5 FUT NYMEX 10000,20150320,112509,2.88,1,0,0,0,0,0
NGK5 FUT NYMEX 10000,20150320,112548,2.881,2,0,0,0,0,0
NGK5 FUT NYMEX 10000,20150320,112708,2.877,9,0,0,0,0,0
NGK5 FUT NYMEX 10000,20150320,112756,2.875,1,0,0,0,0,0
NGK5 FUT NYMEX 10000,20150320,112907,2.872,1,0,0,0,0,0
NGK5 FUT NYMEX 10000,20150320,113007,2.861,2,0,0,0,0,0
NGK5 FUT NYMEX 10000,20150320,113108,2.856,21,0,0,0,0,0
NGK5 FUT NYMEX 10000,20150320,113207,2.846,1,0,0,0,0,0
NGK5 FUT NYMEX 10000,20150320,113309,2.85,1,0,0,0,0,0
NGK5 FUT NYMEX 10000,20150320,113408,2.848,7,0,0,0,0,0
NGK5 FUT NYMEX 10000,20150320,113508,2.846,1,0,0,0,0,0
NGK5 FUT NYMEX 10000,20150320,113609,2.847,3,0,0,0,0,0
NGK5 FUT NYMEX 10000,20150320,113705,2.851,2,0,0,0,0,0
NGK5 FUT NYMEX 10000,20150320,113758,2.853,8,0,0,0,0,0
NGK5 FUT NYMEX 10000,20150320,113905,2.855,2,0,0,0,0,0
NGK5 FUT NYMEX 10000,20150320,113953,2.854,1,0,0,0,0,0
NGK5 FUT NYMEX 10000,20150320,114102,2.853,3,0,0,0,0,0
NGK5 FUT NYMEX 10000,20150320,114149,2.852,1,0,0,0,0,0
NGK5 FUT NYMEX 10000,20150320,114252,2.853,1,0,0,0,0,0
NGK5 FUT NYMEX 10000,20150320,114359,2.854,1,0,0,0,0,0
NGK5 FUT NYMEX 10000,20150320,114441,2.852,1,0,0,0,0,0
NGK5 FUT NYMEX 10000,20150320,114606,2.837,1,0,0,0,0,0
NGK5 FUT NYMEX 10000,20150320,114708,2.838,4,0,0,0,0,0
NGK5 FUT NYMEX 10000,20150320,114809,2.828,5,0,0,0,0,0
NGK5 FUT NYMEX 10000,20150320,114908,2.828,1,0,0,0,0,0
NGK5 FUT NYMEX 10000,20150320,115008,2.832,1,0,0,0,0,0
NGK5 FUT NYMEX 10000,20150320,115108,2.833,1,0,0,0,0,0
NGK5 FUT NYMEX 10000,20150320,115209,2.836,5,0,0,0,0,0
NGK5 FUT NYMEX 10000,20150320,115303,2.833,3,0,0,0,0,0
NGK5 FUT NYMEX 10000,20150320,115403,2.834,3,0,0,0,0,0
NGK5 FUT NYMEX 10000,20150320,115508,2.812,1,0,0,0,0,0
NGK5 FUT NYMEX 10000,20150320,115608,2.822,1,0,0,0,0,0
NGK5 FUT NYMEX 10000,20150320,115706,2.819,1,0,0,0,0,0
NGK5 FUT NYMEX 10000,20150320,115809,2.822,3,0,0,0,0,0
NGK5 FUT NYMEX 10000,20150320,115904,2.827,1,0,0,0,0,0
NGK5 FUT NYMEX 10000,20150320,120009,2.828,1,0,0,0,0,0
NGK5 FUT NYMEX 10000,20150320,120100,2.832,1,0,0,0,0,0
NGK5 FUT NYMEX 10000,20150320,120207,2.835,1,0,0,0,0,0
NGK5 FUT NYMEX 10000,20150320,120308,2.836,1,0,0,0,0,0
NGK5 FUT NYMEX 10000,20150320,120405,2.84,1,0,0,0,0,0
NGK5 FUT NYMEX 10000,20150320,120509,2.837,1,0,0,0,0,0
NGK5 FUT NYMEX 10000,20150320,120606,2.828,3,0,0,0,0,0
NGK5 FUT NYMEX 10000,20150320,120707,2.816,1,0,0,0,0,0
NGK5 FUT NYMEX 10000,20150320,120757,2.814,1,0,0,0,0,0
NGK5 FUT NYMEX 10000,20150320,120909,2.807,2,0,0,0,0,0
NGK5 FUT NYMEX 10000,20150320,121003,2.81,7,0,0,0,0,0
NGK5 FUT NYMEX 10000,20150320,121108,2.81,1,0,0,0,0,0
NGK5 FUT NYMEX 10000,20150320,121202,2.812,1,0,0,0,0,0
NGK5 FUT NYMEX 10000,20150320,121257,2.814,1,0,0,0,0,0
NGK5 FUT NYMEX 10000,20150320,121408,2.815,2,0,0,0,0,0
NGK5 FUT NYMEX 10000,20150320,121508,2.817,1,0,0,0,0,0
NGK5 FUT NYMEX 10000,20150320,121557,2.82,1,0,0,0,0,0
NGK5 FUT NYMEX 10000,20150320,121656,2.822,1,0,0,0,0,0
NGK5 FUT NYMEX 10000,20150320,121747,2.819,1,0,0,0,0,0
NGK5 FUT NYMEX 10000,20150320,121859,2.819,1,0,0,0,0,0
NGK5 FUT NYMEX 10000,20150320,122008,2.809,2,0,0,0,0,0
NGK5 FUT NYMEX 10000,20150320,122108,2.807,1,0,0,0,0,0
NGK5 FUT NYMEX 10000,20150320,122205,2.81,5,0,0,0,0,0
NGK5 FUT NYMEX 10000,20150320,122309,2.79,2,0,0,0,0,0
NGK5 FUT NYMEX 10000,20150320,122409,2.799,5,0,0,0,0,0
NGK5 FUT NYMEX 10000,20150320,122509,2.803,1,0,0,0,0,0
NGK5 FUT NYMEX 10000,20150320,122605,2.804,4,0,0,0,0,0
NGK5 FUT NYMEX 10000,20150320,122707,2.796,1,0,0,0,0,0
NGK5 FUT NYMEX 10000,20150320,122809,2.797,1,0,0,0,0,0
NGK5 FUT NYMEX 10000,20150320,122909,2.802,1,0,0,0,0,0
NGK5 FUT NYMEX 10000,20150320,123009,2.803,1,0,0,0,0,0
NGK5 FUT NYMEX 10000,20150320,123058,2.804,1,0,0,0,0,0
NGK5 FUT NYMEX 10000,20150320,123209,2.802,1,0,0,0,0,0
NGK5 FUT NYMEX 10000,20150320,123309,2.805,1,0,0,0,0,0
NGK5 FUT NYMEX 10000,20150320,123358,2.806,1,0,0,0,0,0
NGK5 FUT NYMEX 10000,20150320,123506,2.802,4,0,0,0,0,0
NGK5 FUT NYMEX 10000,20150320,123607,2.803,1,0,0,0,0,0
NGK5 FUT NYMEX 10000,20150320,123701,2.804,1,0,0,0,0,0
NGK5 FUT NYMEX 10000,20150320,123809,2.807,2,0,0,0,0,0
NGK5 FUT NYMEX 10000,20150320,123907,2.808,4,0,0,0,0,0
NGK5 FUT NYMEX 10000,20150320,124007,2.803,1,0,0,0,0,0
NGK5 FUT NYMEX 10000,20150320,124109,2.808,1,0,0,0,0,0
NGK5 FUT NYMEX 10000,20150320,124158,2.807,1,0,0,0,0,0
NGK5 FUT NYMEX 10000,20150320,124310,2.809,2,0,0,0,0,0
NGK5 FUT NYMEX 10000,20150320,124358,2.804,1,0,0,0,0,0
NGK5 FUT NYMEX 10000,20150320,124502,2.804,2,0,0,0,0,0
NGK5 FUT NYMEX 10000,20150320,124607,2.802,1,0,0,0,0,0
NGK5 FUT NYMEX 10000,20150320,124707,2.802,1,0,0,0,0,0
NGK5 FUT NYMEX 10000,20150320,124807,2.8,1,0,0,0,0,0
NGK5 FUT NYMEX 10000,20150320,124903,2.805,2,0,0,0,0,0
NGK5 FUT NYMEX 10000,20150320,125003,2.803,1,0,0,0,0,0
NGK5 FUT NYMEX 10000,20150320,125108,2.81,1,0,0,0,0,0
NGK5 FUT NYMEX 10000,20150320,125208,2.815,2,0,0,0,0,0
NGK5 FUT NYMEX 10000,20150320,125308,2.81,1,0,0,0,0,0
NGK5 FUT NYMEX 10000,20150320,125405,2.815,1,0,0,0,0,0
NGK5 FUT NYMEX 10000,20150320,125507,2.815,1,0,0,0,0,0
NGK5 FUT NYMEX 10000,20150320,125601,2.814,1,0,0,0,0,0
NGK5 FUT NYMEX 10000,20150320,125709,2.811,1,0,0,0,0,0
NGK5 FUT NYMEX 10000,20150320,125803,2.817,3,0,0,0,0,0
NGK5 FUT NYMEX 10000,20150320,125903,2.814,1,0,0,0,0,0
NGK5 FUT NYMEX 10000,20150320,125931,2.813,1,0,0,0,0,0
NGK5 FUT NYMEX 10000,20150320,130105,2.809,3,0,0,0,0,0
NGK5 FUT NYMEX 10000,20150320,130158,2.81,1,0,0,0,0,0
NGK5 FUT NYMEX 10000,20150320,130309,2.806,2,0,0,0,0,0
NGK5 FUT NYMEX 10000,20150320,130353,2.806,1,0,0,0,0,0
NGK5 FUT NYMEX 10000,20150320,130456,2.806,1,0,0,0,0,0
NGK5 FUT NYMEX 10000,20150320,130604,2.806,1,0,0,0,0,0
NGK5 FUT NYMEX 10000,20150320,130708,2.804,1,0,0,0,0,0
NGK5 FUT NYMEX 10000,20150320,130808,2.803,5,0,0,0,0,0
NGK5 FUT NYMEX 10000,20150320,130857,2.8,1,0,0,0,0,0
NGK5 FUT NYMEX 10000,20150320,131004,2.798,1,0,0,0,0,0
NGK5 FUT NYMEX 10000,20150320,131055,2.799,1,0,0,0,0,0
NGK5 FUT NYMEX 10000,20150320,131206,2.801,1,0,0,0,0,0
NGK5 FUT NYMEX 10000,20150320,131307,2.806,1,0,0,0,0,0
NGK5 FUT NYMEX 10000,20150320,131401,2.807,1,0,0,0,0,0
NGK5 FUT NYMEX 10000,20150320,131500,2.808,1,0,0,0,0,0
NGK5 FUT NYMEX 10000,20150320,131542,2.811,1,0,0,0,0,0
NGK5 FUT NYMEX 10000,20150320,131700,2.811,2,0,0,0,0,0
NGK5 FUT NYMEX 10000,20150320,131739,2.81,1,0,0,0,0,0
NGK5 FUT NYMEX 10000,20150320,131909,2.807,1,0,0,0,0,0
NGK5 FUT NYMEX 10000,20150320,132007,2.813,1,0,0,0,0,0
NGK5 FUT NYMEX 10000,20150320,132058,2.818,1,0,0,0,0,0
NGK5 FUT NYMEX 10000,20150320,132146,2.815,1,0,0,0,0,0
NGK5 FUT NYMEX 10000,20150320,132309,2.814,2,0,0,0,0,0
NGK5 FUT NYMEX 10000,20150320,132409,2.81,1,0,0,0,0,0
NGK5 FUT NYMEX 10000,20150320,132510,2.808,1,0,0,0,0,0
NGK5 FUT NYMEX 10000,20150320,132602,2.806,1,0,0,0,0,0
NGK5 FUT NYMEX 10000,20150320,132710,2.809,1,0,0,0,0,0
NGK5 FUT NYMEX 10000,20150320,132803,2.812,1,0,0,0,0,0
NGK5 FUT NYMEX 10000,20150320,132909,2.812,1,0,0,0,0,0
NGK5 FUT NYMEX 10000,20150320,133010,2.813,1,0,0,0,0,0
NGK5 FUT NYMEX 10000,20150320,133102,2.81,1,0,0,0,0,0
NGK5 FUT NYMEX 10000,20150320,133142,2.81,7,0,0,0,0,0
NGK5 FUT NYMEX 10000,20150320,133242,2.809,1,0,0,0,0,0
NGK5 FUT NYMEX 10000,20150320,133351,2.813,1,0,0,0,0,0
NGK5 FUT NYMEX 10000,20150320,133503,2.811,1,0,0,0,0,0
NGK5 FUT NYMEX 10000,20150320,133604,2.812,1,0,0,0,0,0
NGK5 FUT NYMEX 10000,20150320,133711,2.814,12,0,0,0,0,0
NGK5 FUT NYMEX 10000,20150320,133802,2.817,1,0,0,0,0,0
NGK5 FUT NYMEX 10000,20150320,133855,2.816,1,0,0,0,0,0
NGK5 FUT NYMEX 10000,20150320,134009,2.82,1,0,0,0,0,0
NGK5 FUT NYMEX 10000,20150320,134104,2.82,1,0,0,0,0,0
NGK5 FUT NYMEX 10000,20150320,134201,2.819,1,0,0,0,0,0
NGK5 FUT NYMEX 10000,20150320,134232,2.817,1,0,0,0,0,0
NGK5 FUT NYMEX 10000,20150320,134409,2.816,2,0,0,0,0,0
NGK5 FUT NYMEX 10000,20150320,134509,2.82,3,0,0,0,0,0
NGK5 FUT NYMEX 10000,20150320,134610,2.815,1,0,0,0,0,0
NGK5 FUT NYMEX 10000,20150320,134710,2.815,1,0,0,0,0,0
NGK5 FUT NYMEX 10000,20150320,134757,2.812,1,0,0,0,0,0
NGK5 FUT NYMEX 10000,20150320,134905,2.812,1,0,0,0,0,0
NGK5 FUT NYMEX 10000,20150320,135010,2.812,1,0,0,0,0,0
NGK5 FUT NYMEX 10000,20150320,135056,2.814,1,0,0,0,0,0
NGK5 FUT NYMEX 10000,20150320,135200,2.815,2,0,0,0,0,0
NGK5 FUT NYMEX 10000,20150320,135310,2.813,1,0,0,0,0,0
NGK5 FUT NYMEX 10000,20150320,135338,2.812,1,0,0,0,0,0
NGK5 FUT NYMEX 10000,20150320,135505,2.812,11,0,0,0,0,0
NGK5 FUT NYMEX 10000,20150320,135611,2.82,2,0,0,0,0,0
NGK5 FUT NYMEX 10000,20150320,135708,2.82,1,0,0,0,0,0
NGK5 FUT NYMEX 10000,20150320,135809,2.829,2,0,0,0,0,0
NGK5 FUT NYMEX 10000,20150320,135902,2.827,2,0,0,0,0,0
NGK5 FUT NYMEX 10000,20150320,135956,2.828,1,0,0,0,0,0
NGK5 FUT NYMEX 10000,20150320,140109,2.826,1,0,0,0,0,0
NGK5 FUT NYMEX 10000,20150320,140156,2.824,5,0,0,0,0,0
NGK5 FUT NYMEX 10000,20150320,140259,2.825,1,0,0,0,0,0
NGK5 FUT NYMEX 10000,20150320,140411,2.821,2,0,0,0,0,0
NGK5 FUT NYMEX 10000,20150320,140509,2.821,1,0,0,0,0,0
NGK5 FUT NYMEX 10000,20150320,140600,2.818,1,0,0,0,0,0
NGK5 FUT NYMEX 10000,20150320,140704,2.819,2,0,0,0,0,0
NGK5 FUT NYMEX 10000,20150320,140748,2.819,1,0,0,0,0,0
NGK5 FUT NYMEX 10000,20150320,140903,2.819,1,0,0,0,0,0
NGK5 FUT NYMEX 10000,20150320,141004,2.817,2,0,0,0,0,0
NGK5 FUT NYMEX 10000,20150320,141100,2.812,1,0,0,0,0,0
NGK5 FUT NYMEX 10000,20150320,141148,2.816,1,0,0,0,0,0
NGK5 FUT NYMEX 10000,20150320,141253,2.814,1,0,0,0,0,0
NGK5 FUT NYMEX 10000,20150320,141408,2.815,3,0,0,0,0,0
NGK5 FUT NYMEX 10000,20150320,141510,2.813,8,0,0,0,0,0
NGK5 FUT NYMEX 10000,20150320,141609,2.81,1,0,0,0,0,0
NGK5 FUT NYMEX 10000,20150320,141710,2.812,1,0,0,0,0,0
NGK5 FUT NYMEX 10000,20150320,141811,2.807,2,0,0,0,0,0
NGK5 FUT NYMEX 10000,20150320,141906,2.809,12,0,0,0,0,0
NGK5 FUT NYMEX 10000,20150320,142009,2.804,1,0,0,0,0,0
NGK5 FUT NYMEX 10000,20150320,142108,2.802,3,0,0,0,0,0
NGK5 FUT NYMEX 10000,20150320,142203,2.804,1,0,0,0,0,0
NGK5 FUT NYMEX 10000,20150320,142309,2.802,5,0,0,0,0,0
NGK5 FUT NYMEX 10000,20150320,142404,2.802,1,0,0,0,0,0
NGK5 FUT NYMEX 10000,20150320,142511,2.804,3,0,0,0,0,0
NGK5 FUT NYMEX 10000,20150320,142606,2.801,1,0,0,0,0,0
NGK5 FUT NYMEX 10000,20150320,142709,2.798,1,0,0,0,0,0
NGK5 FUT NYMEX 10000,20150320,142811,2.799,6,0,0,0,0,0
NGK5 FUT NYMEX 10000,20150320,142911,2.805,1,0,0,0,0,0
NGK5 FUT NYMEX 10000,20150320,143011,2.81,1,0,0,0,0,0
NGK5 FUT NYMEX 10000,20150320,143105,2.81,1,0,0,0,0,0
NGK5 FUT NYMEX 10000,20150320,143208,2.809,1,0,0,0,0,0
NGK5 FUT NYMEX 10000,20150320,143302,2.809,2,0,0,0,0,0
NGK5 FUT NYMEX 10000,20150320,143406,2.813,4,0,0,0,0,0
NGK5 FUT NYMEX 10000,20150320,143511,2.81,1,0,0,0,0,0
NGK5 FUT NYMEX 10000,20150320,143603,2.811,11,0,0,0,0,0
NGK5 FUT NYMEX 10000,20150320,143703,2.809,1,0,0,0,0,0
NGK5 FUT NYMEX 10000,20150320,143800,2.808,1,0,0,0,0,0
NGK5 FUT NYMEX 10000,20150320,143845,2.81,1,0,0,0,0,0
NGK5 FUT NYMEX 10000,20150320,144011,2.811,1,0,0,0,0,0
NGK5 FUT NYMEX 10000,20150320,144111,2.811,2,0,0,0,0,0
NGK5 FUT NYMEX 10000,20150320,144135,2.808,2,0,0,0,0,0
NGK5 FUT NYMEX 10000,20150320,144253,2.807,1,0,0,0,0,0
NGK5 FUT NYMEX 10000,20150320,144511,2.811,1,0,0,0,0,0
NGK5 FUT NYMEX 10000,20150320,144605,2.81,1,0,0,0,0,0
NGK5 FUT NYMEX 10000,20150320,144900,2.809,5,0,0,0,0,0
NGK5 FUT NYMEX 10000,20150320,144954,2.809,1,0,0,0,0,0
NGK5 FUT NYMEX 10000,20150320,145039,2.809,2,0,0,0,0,0
NGK5 FUT NYMEX 10000,20150320,145130,2.81,1,0,0,0,0,0
NGK5 FUT NYMEX 10000,20150320,145232,2.81,1,0,0,0,0,0
NGK5 FUT NYMEX 10000,20150320,145348,2.809,2,0,0,0,0,0
NGK5 FUT NYMEX 10000,20150320,145445,2.807,1,0,0,0,0,0
NGK5 FUT NYMEX 10000,20150320,145548,2.807,4,0,0,0,0,0
NGK5 FUT NYMEX 10000,20150320,145711,2.807,1,0,0,0,0,0
NGK5 FUT NYMEX 10000,20150320,145748,2.806,5,0,0,0,0,0
NGK5 FUT NYMEX 10000,20150320,145848,2.81,3,0,0,0,0,0
NGK5 FUT NYMEX 10000,20150320,145941,2.807,1,0,0,0,0,0
NGK5 FUT NYMEX 10000,20150320,150111,2.807,1,0,0,0,0,0
NGK5 FUT NYMEX 10000,20150320,150119,2.807,1,0,0,0,0,0
NGK5 FUT NYMEX 10000,20150320,150343,2.807,1,0,0,0,0,0
NGK5 FUT NYMEX 10000,20150320,150433,2.806,1,0,0,0,0,0
NGK5 FUT NYMEX 10000,20150320,150544,2.806,1,0,0,0,0,0
NGK5 FUT NYMEX 10000,20150320,150639,2.805,1,0,0,0,0,0
NGK5 FUT NYMEX 10000,20150320,150811,2.807,1,0,0,0,0,0
NGK5 FUT NYMEX 10000,20150320,150849,2.806,1,0,0,0,0,0
NGK5 FUT NYMEX 10000,20150320,151023,2.808,1,0,0,0,0,0
NGK5 FUT NYMEX 10000,20150320,151301,2.808,1,0,0,0,0,0
NGK5 FUT NYMEX 10000,20150320,151330,2.808,2,0,0,0,0,0
NGK5 FUT NYMEX 10000,20150320,151506,2.808,2,0,0,0,0,0
NGK5 FUT NYMEX 10000,20150320,151642,2.808,2,0,0,0,0,0
NGK5 FUT NYMEX 10000,20150320,151811,2.808,1,0,0,0,0,0
NGK5 FUT NYMEX 10000,20150320,151844,2.809,1,0,0,0,0,0
NGK5 FUT NYMEX 10000,20150320,151935,2.807,1,0,0,0,0,0
NGK5 FUT NYMEX 10000,20150320,152021,2.808,2,0,0,0,0,0
NGK5 FUT NYMEX 10000,20150320,152235,2.807,1,0,0,0,0,0
NGK5 FUT NYMEX 10000,20150320,152335,2.81,1,0,0,0,0,0
NGK5 FUT NYMEX 10000,20150320,152657,2.811,1,0,0,0,0,0
NGK5 FUT NYMEX 10000,20150320,152745,2.812,2,0,0,0,0,0
NGK5 FUT NYMEX 10000,20150320,152857,2.811,1,0,0,0,0,0
NGK5 FUT NYMEX 10000,20150320,152935,2.811,1,0,0,0,0,0
NGK5 FUT NYMEX 10000,20150320,153036,2.811,1,0,0,0,0,0
NGK5 FUT NYMEX 10000,20150320,153209,2.812,1,0,0,0,0,0
NGK5 FUT NYMEX 10000,20150320,153312,2.812,1,0,0,0,0,0
NGK5 FUT NYMEX 10000,20150320,153400,2.812,2,0,0,0,0,0
NGK5 FUT NYMEX 10000,20150320,153445,2.811,1,0,0,0,0,0
NGK5 FUT NYMEX 10000,20150320,153551,2.812,1,0,0,0,0,0
NGK5 FUT NYMEX 10000,20150320,153707,2.811,7,0,0,0,0,0
NGK5 FUT NYMEX 10000,20150320,153809,2.812,2,0,0,0,0,0
NGK5 FUT NYMEX 10000,20150320,153900,2.811,1,0,0,0,0,0
NGK5 FUT NYMEX 10000,20150320,154032,2.811,1,0,0,0,0,0
NGK5 FUT NYMEX 10000,20150320,154203,2.81,1,0,0,0,0,0
NGK5 FUT NYMEX 10000,20150320,154242,2.81,1,0,0,0,0,0
NGK5 FUT NYMEX 10000,20150320,154412,2.807,1,0,0,0,0,0
NGK5 FUT NYMEX 10000,20150320,154438,2.808,1,0,0,0,0,0
NGK5 FUT NYMEX 10000,20150320,154515,2.806,1,0,0,0,0,0
NGK5 FUT NYMEX 10000,20150320,154712,2.807,3,0,0,0,0,0
NGK5 FUT NYMEX 10000,20150320,154716,2.806,1,0,0,0,0,0
NGK5 FUT NYMEX 10000,20150320,154956,2.806,1,0,0,0,0,0
NGK5 FUT NYMEX 10000,20150320,155107,2.805,4,0,0,0,0,0
NGK5 FUT NYMEX 10000,20150320,155133,2.806,1,0,0,0,0,0
NGK5 FUT NYMEX 10000,20150320,155218,2.805,7,0,0,0,0,0
NGK5 FUT NYMEX 10000,20150320,155327,2.803,1,0,0,0,0,0
NGK5 FUT NYMEX 10000,20150320,155453,2.806,2,0,0,0,0,0
NGK5 FUT NYMEX 10000,20150320,155606,2.808,6,0,0,0,0,0
NGK5 FUT NYMEX 10000,20150320,155701,2.808,1,0,0,0,0,0
NGK5 FUT NYMEX 10000,20150320,155737,2.806,1,0,0,0,0,0
NGK5 FUT NYMEX 10000,20150320,155903,2.807,2,0,0,0,0,0
NGK5 FUT NYMEX 10000,20150320,155948,2.803,1,0,0,0,0,0
NGK5 FUT NYMEX 10000,20150320,160055,2.804,2,0,0,0,0,0
NGK5 FUT NYMEX 10000,20150320,160232,2.806,2,0,0,0,0,0
NGK5 FUT NYMEX 10000,20150320,160324,2.806,1,0,0,0,0,0
NGK5 FUT NYMEX 10000,20150320,160559,2.807,1,0,0,0,0,0
NGK5 FUT NYMEX 10000,20150320,160705,2.805,3,0,0,0,0,0
NGK5 FUT NYMEX 10000,20150320,160823,2.806,2,0,0,0,0,0
NGK5 FUT NYMEX 10000,20150320,161321,2.807,1,0,0,0,0,0
NGK5 FUT NYMEX 10000,20150320,161525,2.808,1,0,0,0,0,0
NGK5 FUT NYMEX 10000,20150320,162008,2.81,1,0,0,0,0,0
NGK5 FUT NYMEX 10000,20150320,162229,2.812,1,0,0,0,0,0
NGK5 FUT NYMEX 10000,20150320,162408,2.81,1,0,0,0,0,0
NGK5 FUT NYMEX 10000,20150320,162856,2.804,1,0,0,0,0,0
NGK5 FUT NYMEX 10000,20150320,162936,2.807,2,0,0,0,0,0
NGK5 FUT NYMEX 10000,20150320,163547,2.809,1,0,0,0,0,0
NGK5 FUT NYMEX 10000,20150320,163728,2.807,1,0,0,0,0,0
NGK5 FUT NYMEX 10000,20150320,164456,2.81,1,0,0,0,0,0
NGK5 FUT NYMEX 10000,20150320,165047,2.809,6,0,0,0,0,0
NGK5 FUT NYMEX 10000,20150320,165930,2.806,1,0,0,0,0,0
NGK5 FUT NYMEX 10000,20150320,170642,2.805,2,0,0,0,0,0
NGK5 FUT NYMEX 10000,20150320,170806,2.805,1,0,0,0,0,0
NGK5 FUT NYMEX 10000,20150320,170912,2.799,1,0,0,0,0,0
NGK5 FUT NYMEX 10000,20150320,170950,2.8,1,0,0,0,0,0
NGK5 FUT NYMEX 10000,20150320,171041,2.803,1,0,0,0,0,0
NGK5 FUT NYMEX 10000,20150320,171402,2.802,1,0,0,0,0,0
NGK5 FUT NYMEX 10000,20150320,171417,2.804,1,0,0,0,0,0
NGK5 FUT NYMEX 10000,20150320,172725,2.804,1,0,0,0,0,0
NGK5 FUT NYMEX 10000,20150320,173118,2.804,1,0,0,0,0,0
NGK5 FUT NYMEX 10000,20150320,173403,2.804,1,0,0,0,0,0
NGK5 FUT NYMEX 10000,20150320,174652,2.804,1,0,0,0,0,0
NGK5 FUT NYMEX 10000,20150320,175515,2.804,1,0,0,0,0,0
