377                 
NGM5 FUT NYMEX 10000,20150320,71605,2.917,1,0,0,0,0,0
NGM5 FUT NYMEX 10000,20150320,72050,2.921,1,0,0,0,0,0
NGM5 FUT NYMEX 10000,20150320,73408,2.914,1,0,0,0,0,0
NGM5 FUT NYMEX 10000,20150320,73604,2.912,1,0,0,0,0,0
NGM5 FUT NYMEX 10000,20150320,73859,2.912,1,0,0,0,0,0
NGM5 FUT NYMEX 10000,20150320,74414,2.911,1,0,0,0,0,0
NGM5 FUT NYMEX 10000,20150320,74602,2.91,1,0,0,0,0,0
NGM5 FUT NYMEX 10000,20150320,74911,2.917,1,0,0,0,0,0
NGM5 FUT NYMEX 10000,20150320,75319,2.919,1,0,0,0,0,0
NGM5 FUT NYMEX 10000,20150320,75436,2.918,1,0,0,0,0,0
NGM5 FUT NYMEX 10000,20150320,75653,2.919,7,0,0,0,0,0
NGM5 FUT NYMEX 10000,20150320,75724,2.918,1,0,0,0,0,0
NGM5 FUT NYMEX 10000,20150320,75827,2.916,1,0,0,0,0,0
NGM5 FUT NYMEX 10000,20150320,75939,2.917,5,0,0,0,0,0
NGM5 FUT NYMEX 10000,20150320,80059,2.916,1,0,0,0,0,0
NGM5 FUT NYMEX 10000,20150320,80236,2.92,1,0,0,0,0,0
NGM5 FUT NYMEX 10000,20150320,80534,2.919,1,0,0,0,0,0
NGM5 FUT NYMEX 10000,20150320,80637,2.918,1,0,0,0,0,0
NGM5 FUT NYMEX 10000,20150320,80746,2.921,1,0,0,0,0,0
NGM5 FUT NYMEX 10000,20150320,80958,2.921,3,0,0,0,0,0
NGM5 FUT NYMEX 10000,20150320,81523,2.919,1,0,0,0,0,0
NGM5 FUT NYMEX 10000,20150320,81644,2.916,1,0,0,0,0,0
NGM5 FUT NYMEX 10000,20150320,81938,2.921,3,0,0,0,0,0
NGM5 FUT NYMEX 10000,20150320,82101,2.921,2,0,0,0,0,0
NGM5 FUT NYMEX 10000,20150320,82147,2.924,1,0,0,0,0,0
NGM5 FUT NYMEX 10000,20150320,82234,2.925,1,0,0,0,0,0
NGM5 FUT NYMEX 10000,20150320,82320,2.923,2,0,0,0,0,0
NGM5 FUT NYMEX 10000,20150320,82502,2.919,1,0,0,0,0,0
NGM5 FUT NYMEX 10000,20150320,82556,2.917,2,0,0,0,0,0
NGM5 FUT NYMEX 10000,20150320,82631,2.911,1,0,0,0,0,0
NGM5 FUT NYMEX 10000,20150320,82754,2.91,1,0,0,0,0,0
NGM5 FUT NYMEX 10000,20150320,82852,2.908,1,0,0,0,0,0
NGM5 FUT NYMEX 10000,20150320,82954,2.917,1,0,0,0,0,0
NGM5 FUT NYMEX 10000,20150320,83014,2.916,1,0,0,0,0,0
NGM5 FUT NYMEX 10000,20150320,83153,2.92,1,0,0,0,0,0
NGM5 FUT NYMEX 10000,20150320,83443,2.919,1,0,0,0,0,0
NGM5 FUT NYMEX 10000,20150320,83653,2.921,1,0,0,0,0,0
NGM5 FUT NYMEX 10000,20150320,84021,2.923,2,0,0,0,0,0
NGM5 FUT NYMEX 10000,20150320,84120,2.925,1,0,0,0,0,0
NGM5 FUT NYMEX 10000,20150320,84553,2.926,7,0,0,0,0,0
NGM5 FUT NYMEX 10000,20150320,84954,2.923,4,0,0,0,0,0
NGM5 FUT NYMEX 10000,20150320,85352,2.924,49,0,0,0,0,0
NGM5 FUT NYMEX 10000,20150320,85447,2.927,21,0,0,0,0,0
NGM5 FUT NYMEX 10000,20150320,85657,2.926,1,0,0,0,0,0
NGM5 FUT NYMEX 10000,20150320,85753,2.925,1,0,0,0,0,0
NGM5 FUT NYMEX 10000,20150320,85905,2.923,1,0,0,0,0,0
NGM5 FUT NYMEX 10000,20150320,90006,2.919,3,0,0,0,0,0
NGM5 FUT NYMEX 10000,20150320,90106,2.916,2,0,0,0,0,0
NGM5 FUT NYMEX 10000,20150320,90304,2.924,2,0,0,0,0,0
NGM5 FUT NYMEX 10000,20150320,90405,2.923,1,0,0,0,0,0
NGM5 FUT NYMEX 10000,20150320,90424,2.922,1,0,0,0,0,0
NGM5 FUT NYMEX 10000,20150320,90550,2.923,1,0,0,0,0,0
NGM5 FUT NYMEX 10000,20150320,90610,2.921,1,0,0,0,0,0
NGM5 FUT NYMEX 10000,20150320,90807,2.917,1,0,0,0,0,0
NGM5 FUT NYMEX 10000,20150320,90926,2.916,2,0,0,0,0,0
NGM5 FUT NYMEX 10000,20150320,91039,2.921,1,0,0,0,0,0
NGM5 FUT NYMEX 10000,20150320,91126,2.921,5,0,0,0,0,0
NGM5 FUT NYMEX 10000,20150320,91230,2.921,1,0,0,0,0,0
NGM5 FUT NYMEX 10000,20150320,91357,2.916,1,0,0,0,0,0
NGM5 FUT NYMEX 10000,20150320,91440,2.918,1,0,0,0,0,0
NGM5 FUT NYMEX 10000,20150320,91543,2.917,3,0,0,0,0,0
NGM5 FUT NYMEX 10000,20150320,91757,2.918,1,0,0,0,0,0
NGM5 FUT NYMEX 10000,20150320,91838,2.919,1,0,0,0,0,0
NGM5 FUT NYMEX 10000,20150320,91952,2.92,9,0,0,0,0,0
NGM5 FUT NYMEX 10000,20150320,92056,2.921,5,0,0,0,0,0
NGM5 FUT NYMEX 10000,20150320,92306,2.922,2,0,0,0,0,0
NGM5 FUT NYMEX 10000,20150320,92625,2.924,1,0,0,0,0,0
NGM5 FUT NYMEX 10000,20150320,92752,2.932,2,0,0,0,0,0
NGM5 FUT NYMEX 10000,20150320,92906,2.935,2,0,0,0,0,0
NGM5 FUT NYMEX 10000,20150320,93001,2.94,1,0,0,0,0,0
NGM5 FUT NYMEX 10000,20150320,93055,2.938,1,0,0,0,0,0
NGM5 FUT NYMEX 10000,20150320,93258,2.94,4,0,0,0,0,0
NGM5 FUT NYMEX 10000,20150320,93342,2.94,1,0,0,0,0,0
NGM5 FUT NYMEX 10000,20150320,93430,2.941,1,0,0,0,0,0
NGM5 FUT NYMEX 10000,20150320,93554,2.946,3,0,0,0,0,0
NGM5 FUT NYMEX 10000,20150320,93630,2.947,1,0,0,0,0,0
NGM5 FUT NYMEX 10000,20150320,93726,2.95,3,0,0,0,0,0
NGM5 FUT NYMEX 10000,20150320,93845,2.946,1,0,0,0,0,0
NGM5 FUT NYMEX 10000,20150320,94004,2.945,1,0,0,0,0,0
NGM5 FUT NYMEX 10000,20150320,94058,2.942,1,0,0,0,0,0
NGM5 FUT NYMEX 10000,20150320,94124,2.939,2,0,0,0,0,0
NGM5 FUT NYMEX 10000,20150320,94307,2.945,1,0,0,0,0,0
NGM5 FUT NYMEX 10000,20150320,94354,2.941,1,0,0,0,0,0
NGM5 FUT NYMEX 10000,20150320,94500,2.942,2,0,0,0,0,0
NGM5 FUT NYMEX 10000,20150320,94539,2.946,1,0,0,0,0,0
NGM5 FUT NYMEX 10000,20150320,94643,2.948,1,0,0,0,0,0
NGM5 FUT NYMEX 10000,20150320,94804,2.956,2,0,0,0,0,0
NGM5 FUT NYMEX 10000,20150320,94901,2.953,2,0,0,0,0,0
NGM5 FUT NYMEX 10000,20150320,94950,2.958,1,0,0,0,0,0
NGM5 FUT NYMEX 10000,20150320,95107,2.968,4,0,0,0,0,0
NGM5 FUT NYMEX 10000,20150320,95201,2.965,1,0,0,0,0,0
NGM5 FUT NYMEX 10000,20150320,95307,2.964,1,0,0,0,0,0
NGM5 FUT NYMEX 10000,20150320,95357,2.955,1,0,0,0,0,0
NGM5 FUT NYMEX 10000,20150320,95507,2.955,1,0,0,0,0,0
NGM5 FUT NYMEX 10000,20150320,95557,2.955,1,0,0,0,0,0
NGM5 FUT NYMEX 10000,20150320,95630,2.957,7,0,0,0,0,0
NGM5 FUT NYMEX 10000,20150320,95755,2.956,1,0,0,0,0,0
NGM5 FUT NYMEX 10000,20150320,95817,2.954,7,0,0,0,0,0
NGM5 FUT NYMEX 10000,20150320,95947,2.951,1,0,0,0,0,0
NGM5 FUT NYMEX 10000,20150320,100108,2.949,5,0,0,0,0,0
NGM5 FUT NYMEX 10000,20150320,100207,2.947,1,0,0,0,0,0
NGM5 FUT NYMEX 10000,20150320,100209,2.946,1,0,0,0,0,0
NGM5 FUT NYMEX 10000,20150320,100348,2.95,3,0,0,0,0,0
NGM5 FUT NYMEX 10000,20150320,100448,2.951,1,0,0,0,0,0
NGM5 FUT NYMEX 10000,20150320,100600,2.952,2,0,0,0,0,0
NGM5 FUT NYMEX 10000,20150320,100610,2.954,1,0,0,0,0,0
NGM5 FUT NYMEX 10000,20150320,100744,2.95,1,0,0,0,0,0
NGM5 FUT NYMEX 10000,20150320,101044,2.949,1,0,0,0,0,0
NGM5 FUT NYMEX 10000,20150320,101155,2.947,1,0,0,0,0,0
NGM5 FUT NYMEX 10000,20150320,101333,2.949,1,0,0,0,0,0
NGM5 FUT NYMEX 10000,20150320,101411,2.948,7,0,0,0,0,0
NGM5 FUT NYMEX 10000,20150320,101539,2.95,1,0,0,0,0,0
NGM5 FUT NYMEX 10000,20150320,101637,2.954,1,0,0,0,0,0
NGM5 FUT NYMEX 10000,20150320,101757,2.958,1,0,0,0,0,0
NGM5 FUT NYMEX 10000,20150320,101825,2.954,1,0,0,0,0,0
NGM5 FUT NYMEX 10000,20150320,102212,2.959,1,0,0,0,0,0
NGM5 FUT NYMEX 10000,20150320,102447,2.956,1,0,0,0,0,0
NGM5 FUT NYMEX 10000,20150320,102508,2.957,1,0,0,0,0,0
NGM5 FUT NYMEX 10000,20150320,102659,2.948,1,0,0,0,0,0
NGM5 FUT NYMEX 10000,20150320,102726,2.946,7,0,0,0,0,0
NGM5 FUT NYMEX 10000,20150320,102831,2.946,1,0,0,0,0,0
NGM5 FUT NYMEX 10000,20150320,102956,2.948,1,0,0,0,0,0
NGM5 FUT NYMEX 10000,20150320,103105,2.949,1,0,0,0,0,0
NGM5 FUT NYMEX 10000,20150320,103302,2.947,7,0,0,0,0,0
NGM5 FUT NYMEX 10000,20150320,103343,2.94,1,0,0,0,0,0
NGM5 FUT NYMEX 10000,20150320,103414,2.94,2,0,0,0,0,0
NGM5 FUT NYMEX 10000,20150320,103607,2.938,1,0,0,0,0,0
NGM5 FUT NYMEX 10000,20150320,103650,2.934,1,0,0,0,0,0
NGM5 FUT NYMEX 10000,20150320,103807,2.934,1,0,0,0,0,0
NGM5 FUT NYMEX 10000,20150320,103905,2.932,5,0,0,0,0,0
NGM5 FUT NYMEX 10000,20150320,103957,2.929,2,0,0,0,0,0
NGM5 FUT NYMEX 10000,20150320,104030,2.929,3,0,0,0,0,0
NGM5 FUT NYMEX 10000,20150320,104150,2.925,1,0,0,0,0,0
NGM5 FUT NYMEX 10000,20150320,104303,2.929,1,0,0,0,0,0
NGM5 FUT NYMEX 10000,20150320,104337,2.931,2,0,0,0,0,0
NGM5 FUT NYMEX 10000,20150320,104434,2.929,1,0,0,0,0,0
NGM5 FUT NYMEX 10000,20150320,104552,2.929,4,0,0,0,0,0
NGM5 FUT NYMEX 10000,20150320,104630,2.93,1,0,0,0,0,0
NGM5 FUT NYMEX 10000,20150320,104800,2.928,5,0,0,0,0,0
NGM5 FUT NYMEX 10000,20150320,104853,2.931,1,0,0,0,0,0
NGM5 FUT NYMEX 10000,20150320,105002,2.935,1,0,0,0,0,0
NGM5 FUT NYMEX 10000,20150320,105019,2.937,1,0,0,0,0,0
NGM5 FUT NYMEX 10000,20150320,105200,2.937,2,0,0,0,0,0
NGM5 FUT NYMEX 10000,20150320,105307,2.936,1,0,0,0,0,0
NGM5 FUT NYMEX 10000,20150320,105441,2.93,2,0,0,0,0,0
NGM5 FUT NYMEX 10000,20150320,105544,2.928,1,0,0,0,0,0
NGM5 FUT NYMEX 10000,20150320,105637,2.929,2,0,0,0,0,0
NGM5 FUT NYMEX 10000,20150320,105835,2.931,1,0,0,0,0,0
NGM5 FUT NYMEX 10000,20150320,105943,2.923,1,0,0,0,0,0
NGM5 FUT NYMEX 10000,20150320,110104,2.92,1,0,0,0,0,0
NGM5 FUT NYMEX 10000,20150320,110152,2.919,3,0,0,0,0,0
NGM5 FUT NYMEX 10000,20150320,110251,2.919,2,0,0,0,0,0
NGM5 FUT NYMEX 10000,20150320,110408,2.916,3,0,0,0,0,0
NGM5 FUT NYMEX 10000,20150320,110429,2.913,1,0,0,0,0,0
NGM5 FUT NYMEX 10000,20150320,110528,2.915,1,0,0,0,0,0
NGM5 FUT NYMEX 10000,20150320,110642,2.916,1,0,0,0,0,0
NGM5 FUT NYMEX 10000,20150320,110753,2.917,1,0,0,0,0,0
NGM5 FUT NYMEX 10000,20150320,110844,2.914,7,0,0,0,0,0
NGM5 FUT NYMEX 10000,20150320,111001,2.916,1,0,0,0,0,0
NGM5 FUT NYMEX 10000,20150320,111107,2.918,4,0,0,0,0,0
NGM5 FUT NYMEX 10000,20150320,111204,2.916,6,0,0,0,0,0
NGM5 FUT NYMEX 10000,20150320,111258,2.916,1,0,0,0,0,0
NGM5 FUT NYMEX 10000,20150320,111445,2.914,1,0,0,0,0,0
NGM5 FUT NYMEX 10000,20150320,111709,2.916,1,0,0,0,0,0
NGM5 FUT NYMEX 10000,20150320,111738,2.917,1,0,0,0,0,0
NGM5 FUT NYMEX 10000,20150320,111847,2.915,1,0,0,0,0,0
NGM5 FUT NYMEX 10000,20150320,112041,2.915,1,0,0,0,0,0
NGM5 FUT NYMEX 10000,20150320,112159,2.92,1,0,0,0,0,0
NGM5 FUT NYMEX 10000,20150320,112253,2.921,1,0,0,0,0,0
NGM5 FUT NYMEX 10000,20150320,112407,2.922,1,0,0,0,0,0
NGM5 FUT NYMEX 10000,20150320,112411,2.922,1,0,0,0,0,0
NGM5 FUT NYMEX 10000,20150320,112518,2.923,1,0,0,0,0,0
NGM5 FUT NYMEX 10000,20150320,112636,2.92,1,0,0,0,0,0
NGM5 FUT NYMEX 10000,20150320,112806,2.917,1,0,0,0,0,0
NGM5 FUT NYMEX 10000,20150320,112838,2.914,1,0,0,0,0,0
NGM5 FUT NYMEX 10000,20150320,113002,2.905,1,0,0,0,0,0
NGM5 FUT NYMEX 10000,20150320,113108,2.9,1,0,0,0,0,0
NGM5 FUT NYMEX 10000,20150320,113207,2.89,1,0,0,0,0,0
NGM5 FUT NYMEX 10000,20150320,113307,2.892,1,0,0,0,0,0
NGM5 FUT NYMEX 10000,20150320,113404,2.891,3,0,0,0,0,0
NGM5 FUT NYMEX 10000,20150320,113509,2.889,4,0,0,0,0,0
NGM5 FUT NYMEX 10000,20150320,113606,2.888,1,0,0,0,0,0
NGM5 FUT NYMEX 10000,20150320,113701,2.894,1,0,0,0,0,0
NGM5 FUT NYMEX 10000,20150320,113731,2.895,1,0,0,0,0,0
NGM5 FUT NYMEX 10000,20150320,113857,2.897,12,0,0,0,0,0
NGM5 FUT NYMEX 10000,20150320,113948,2.898,1,0,0,0,0,0
NGM5 FUT NYMEX 10000,20150320,114044,2.895,1,0,0,0,0,0
NGM5 FUT NYMEX 10000,20150320,114112,2.895,2,0,0,0,0,0
NGM5 FUT NYMEX 10000,20150320,114329,2.897,1,0,0,0,0,0
NGM5 FUT NYMEX 10000,20150320,114455,2.894,1,0,0,0,0,0
NGM5 FUT NYMEX 10000,20150320,114601,2.88,1,0,0,0,0,0
NGM5 FUT NYMEX 10000,20150320,114708,2.882,1,0,0,0,0,0
NGM5 FUT NYMEX 10000,20150320,114808,2.872,1,0,0,0,0,0
NGM5 FUT NYMEX 10000,20150320,114908,2.872,1,0,0,0,0,0
NGM5 FUT NYMEX 10000,20150320,115008,2.875,2,0,0,0,0,0
NGM5 FUT NYMEX 10000,20150320,115055,2.876,1,0,0,0,0,0
NGM5 FUT NYMEX 10000,20150320,115146,2.876,1,0,0,0,0,0
NGM5 FUT NYMEX 10000,20150320,115303,2.877,1,0,0,0,0,0
NGM5 FUT NYMEX 10000,20150320,115403,2.876,1,0,0,0,0,0
NGM5 FUT NYMEX 10000,20150320,115504,2.856,1,0,0,0,0,0
NGM5 FUT NYMEX 10000,20150320,115552,2.861,1,0,0,0,0,0
NGM5 FUT NYMEX 10000,20150320,115644,2.861,1,0,0,0,0,0
NGM5 FUT NYMEX 10000,20150320,115808,2.867,1,0,0,0,0,0
NGM5 FUT NYMEX 10000,20150320,115836,2.87,1,0,0,0,0,0
NGM5 FUT NYMEX 10000,20150320,115926,2.87,1,0,0,0,0,0
NGM5 FUT NYMEX 10000,20150320,120048,2.875,1,0,0,0,0,0
NGM5 FUT NYMEX 10000,20150320,120153,2.879,1,0,0,0,0,0
NGM5 FUT NYMEX 10000,20150320,120323,2.88,1,0,0,0,0,0
NGM5 FUT NYMEX 10000,20150320,120441,2.881,1,0,0,0,0,0
NGM5 FUT NYMEX 10000,20150320,120604,2.872,1,0,0,0,0,0
NGM5 FUT NYMEX 10000,20150320,120709,2.86,1,0,0,0,0,0
NGM5 FUT NYMEX 10000,20150320,120801,2.859,1,0,0,0,0,0
NGM5 FUT NYMEX 10000,20150320,120854,2.853,1,0,0,0,0,0
NGM5 FUT NYMEX 10000,20150320,120947,2.853,1,0,0,0,0,0
NGM5 FUT NYMEX 10000,20150320,121106,2.856,1,0,0,0,0,0
NGM5 FUT NYMEX 10000,20150320,121202,2.856,1,0,0,0,0,0
NGM5 FUT NYMEX 10000,20150320,121249,2.858,1,0,0,0,0,0
NGM5 FUT NYMEX 10000,20150320,121408,2.86,1,0,0,0,0,0
NGM5 FUT NYMEX 10000,20150320,121443,2.862,8,0,0,0,0,0
NGM5 FUT NYMEX 10000,20150320,121534,2.863,1,0,0,0,0,0
NGM5 FUT NYMEX 10000,20150320,121647,2.867,1,0,0,0,0,0
NGM5 FUT NYMEX 10000,20150320,121730,2.864,3,0,0,0,0,0
NGM5 FUT NYMEX 10000,20150320,121909,2.864,1,0,0,0,0,0
NGM5 FUT NYMEX 10000,20150320,122008,2.855,1,0,0,0,0,0
NGM5 FUT NYMEX 10000,20150320,122106,2.852,1,0,0,0,0,0
NGM5 FUT NYMEX 10000,20150320,122203,2.856,1,0,0,0,0,0
NGM5 FUT NYMEX 10000,20150320,122309,2.837,1,0,0,0,0,0
NGM5 FUT NYMEX 10000,20150320,122402,2.844,1,0,0,0,0,0
NGM5 FUT NYMEX 10000,20150320,122453,2.851,1,0,0,0,0,0
NGM5 FUT NYMEX 10000,20150320,122550,2.852,1,0,0,0,0,0
NGM5 FUT NYMEX 10000,20150320,122708,2.842,1,0,0,0,0,0
NGM5 FUT NYMEX 10000,20150320,122809,2.841,1,0,0,0,0,0
NGM5 FUT NYMEX 10000,20150320,122947,2.849,3,0,0,0,0,0
NGM5 FUT NYMEX 10000,20150320,123058,2.849,1,0,0,0,0,0
NGM5 FUT NYMEX 10000,20150320,123207,2.847,1,0,0,0,0,0
NGM5 FUT NYMEX 10000,20150320,123301,2.85,2,0,0,0,0,0
NGM5 FUT NYMEX 10000,20150320,123347,2.854,1,0,0,0,0,0
NGM5 FUT NYMEX 10000,20150320,123506,2.847,1,0,0,0,0,0
NGM5 FUT NYMEX 10000,20150320,123559,2.848,2,0,0,0,0,0
NGM5 FUT NYMEX 10000,20150320,123701,2.85,1,0,0,0,0,0
NGM5 FUT NYMEX 10000,20150320,123748,2.853,1,0,0,0,0,0
NGM5 FUT NYMEX 10000,20150320,123907,2.853,1,0,0,0,0,0
NGM5 FUT NYMEX 10000,20150320,124002,2.847,1,0,0,0,0,0
NGM5 FUT NYMEX 10000,20150320,124158,2.852,1,0,0,0,0,0
NGM5 FUT NYMEX 10000,20150320,124310,2.854,1,0,0,0,0,0
NGM5 FUT NYMEX 10000,20150320,124358,2.849,1,0,0,0,0,0
NGM5 FUT NYMEX 10000,20150320,124606,2.848,1,0,0,0,0,0
NGM5 FUT NYMEX 10000,20150320,124649,2.846,1,0,0,0,0,0
NGM5 FUT NYMEX 10000,20150320,124804,2.845,1,0,0,0,0,0
NGM5 FUT NYMEX 10000,20150320,124956,2.849,1,0,0,0,0,0
NGM5 FUT NYMEX 10000,20150320,125101,2.851,5,0,0,0,0,0
NGM5 FUT NYMEX 10000,20150320,125205,2.859,1,0,0,0,0,0
NGM5 FUT NYMEX 10000,20150320,125304,2.856,1,0,0,0,0,0
NGM5 FUT NYMEX 10000,20150320,125350,2.86,1,0,0,0,0,0
NGM5 FUT NYMEX 10000,20150320,125501,2.858,1,0,0,0,0,0
NGM5 FUT NYMEX 10000,20150320,125614,2.861,7,0,0,0,0,0
NGM5 FUT NYMEX 10000,20150320,125752,2.861,4,0,0,0,0,0
NGM5 FUT NYMEX 10000,20150320,125936,2.858,2,0,0,0,0,0
NGM5 FUT NYMEX 10000,20150320,130104,2.854,2,0,0,0,0,0
NGM5 FUT NYMEX 10000,20150320,130158,2.855,3,0,0,0,0,0
NGM5 FUT NYMEX 10000,20150320,130302,2.851,1,0,0,0,0,0
NGM5 FUT NYMEX 10000,20150320,130403,2.851,1,0,0,0,0,0
NGM5 FUT NYMEX 10000,20150320,130537,2.85,1,0,0,0,0,0
NGM5 FUT NYMEX 10000,20150320,130806,2.848,7,0,0,0,0,0
NGM5 FUT NYMEX 10000,20150320,130814,2.845,1,0,0,0,0,0
NGM5 FUT NYMEX 10000,20150320,130934,2.843,1,0,0,0,0,0
NGM5 FUT NYMEX 10000,20150320,131058,2.844,1,0,0,0,0,0
NGM5 FUT NYMEX 10000,20150320,131206,2.846,1,0,0,0,0,0
NGM5 FUT NYMEX 10000,20150320,131219,2.846,1,0,0,0,0,0
NGM5 FUT NYMEX 10000,20150320,131542,2.853,1,0,0,0,0,0
NGM5 FUT NYMEX 10000,20150320,131633,2.855,1,0,0,0,0,0
NGM5 FUT NYMEX 10000,20150320,131908,2.852,1,0,0,0,0,0
NGM5 FUT NYMEX 10000,20150320,131942,2.855,1,0,0,0,0,0
NGM5 FUT NYMEX 10000,20150320,132110,2.863,1,0,0,0,0,0
NGM5 FUT NYMEX 10000,20150320,132205,2.859,1,0,0,0,0,0
NGM5 FUT NYMEX 10000,20150320,132251,2.858,5,0,0,0,0,0
NGM5 FUT NYMEX 10000,20150320,132406,2.854,8,0,0,0,0,0
NGM5 FUT NYMEX 10000,20150320,132507,2.851,1,0,0,0,0,0
NGM5 FUT NYMEX 10000,20150320,132549,2.852,1,0,0,0,0,0
NGM5 FUT NYMEX 10000,20150320,132631,2.852,1,0,0,0,0,0
NGM5 FUT NYMEX 10000,20150320,132757,2.855,1,0,0,0,0,0
NGM5 FUT NYMEX 10000,20150320,132846,2.857,1,0,0,0,0,0
NGM5 FUT NYMEX 10000,20150320,133009,2.857,3,0,0,0,0,0
NGM5 FUT NYMEX 10000,20150320,133018,2.856,2,0,0,0,0,0
NGM5 FUT NYMEX 10000,20150320,133124,2.854,1,0,0,0,0,0
NGM5 FUT NYMEX 10000,20150320,133250,2.854,1,0,0,0,0,0
NGM5 FUT NYMEX 10000,20150320,133340,2.859,3,0,0,0,0,0
NGM5 FUT NYMEX 10000,20150320,133503,2.856,2,0,0,0,0,0
NGM5 FUT NYMEX 10000,20150320,133709,2.858,1,0,0,0,0,0
NGM5 FUT NYMEX 10000,20150320,133807,2.862,1,0,0,0,0,0
NGM5 FUT NYMEX 10000,20150320,134008,2.864,1,0,0,0,0,0
NGM5 FUT NYMEX 10000,20150320,134051,2.863,1,0,0,0,0,0
NGM5 FUT NYMEX 10000,20150320,134159,2.864,1,0,0,0,0,0
NGM5 FUT NYMEX 10000,20150320,134219,2.861,1,0,0,0,0,0
NGM5 FUT NYMEX 10000,20150320,134409,2.861,1,0,0,0,0,0
NGM5 FUT NYMEX 10000,20150320,134509,2.866,1,0,0,0,0,0
NGM5 FUT NYMEX 10000,20150320,134608,2.859,2,0,0,0,0,0
NGM5 FUT NYMEX 10000,20150320,134650,2.859,3,0,0,0,0,0
NGM5 FUT NYMEX 10000,20150320,134757,2.857,1,0,0,0,0,0
NGM5 FUT NYMEX 10000,20150320,134834,2.856,2,0,0,0,0,0
NGM5 FUT NYMEX 10000,20150320,135004,2.857,5,0,0,0,0,0
NGM5 FUT NYMEX 10000,20150320,135053,2.858,2,0,0,0,0,0
NGM5 FUT NYMEX 10000,20150320,135159,2.859,1,0,0,0,0,0
NGM5 FUT NYMEX 10000,20150320,135213,2.859,2,0,0,0,0,0
NGM5 FUT NYMEX 10000,20150320,135355,2.857,10,0,0,0,0,0
NGM5 FUT NYMEX 10000,20150320,135511,2.857,1,0,0,0,0,0
NGM5 FUT NYMEX 10000,20150320,135552,2.862,10,0,0,0,0,0
NGM5 FUT NYMEX 10000,20150320,135645,2.863,1,0,0,0,0,0
NGM5 FUT NYMEX 10000,20150320,135811,2.873,1,0,0,0,0,0
NGM5 FUT NYMEX 10000,20150320,135834,2.873,6,0,0,0,0,0
NGM5 FUT NYMEX 10000,20150320,135926,2.871,1,0,0,0,0,0
NGM5 FUT NYMEX 10000,20150320,140104,2.871,3,0,0,0,0,0
NGM5 FUT NYMEX 10000,20150320,140142,2.867,1,0,0,0,0,0
NGM5 FUT NYMEX 10000,20150320,140250,2.869,1,0,0,0,0,0
NGM5 FUT NYMEX 10000,20150320,140547,2.865,4,0,0,0,0,0
NGM5 FUT NYMEX 10000,20150320,140611,2.864,1,0,0,0,0,0
NGM5 FUT NYMEX 10000,20150320,140830,2.864,2,0,0,0,0,0
NGM5 FUT NYMEX 10000,20150320,140929,2.865,2,0,0,0,0,0
NGM5 FUT NYMEX 10000,20150320,141056,2.857,1,0,0,0,0,0
NGM5 FUT NYMEX 10000,20150320,141129,2.857,2,0,0,0,0,0
NGM5 FUT NYMEX 10000,20150320,141243,2.859,1,0,0,0,0,0
NGM5 FUT NYMEX 10000,20150320,141357,2.86,1,0,0,0,0,0
NGM5 FUT NYMEX 10000,20150320,141454,2.857,2,0,0,0,0,0
NGM5 FUT NYMEX 10000,20150320,141603,2.855,5,0,0,0,0,0
NGM5 FUT NYMEX 10000,20150320,141803,2.852,10,0,0,0,0,0
NGM5 FUT NYMEX 10000,20150320,141832,2.853,1,0,0,0,0,0
NGM5 FUT NYMEX 10000,20150320,142003,2.85,1,0,0,0,0,0
NGM5 FUT NYMEX 10000,20150320,142107,2.848,1,0,0,0,0,0
NGM5 FUT NYMEX 10000,20150320,142201,2.849,2,0,0,0,0,0
NGM5 FUT NYMEX 10000,20150320,142308,2.847,1,0,0,0,0,0
NGM5 FUT NYMEX 10000,20150320,142403,2.846,2,0,0,0,0,0
NGM5 FUT NYMEX 10000,20150320,142511,2.849,2,0,0,0,0,0
NGM5 FUT NYMEX 10000,20150320,142606,2.846,2,0,0,0,0,0
NGM5 FUT NYMEX 10000,20150320,142659,2.843,1,0,0,0,0,0
NGM5 FUT NYMEX 10000,20150320,142811,2.844,8,0,0,0,0,0
NGM5 FUT NYMEX 10000,20150320,142911,2.849,1,0,0,0,0,0
NGM5 FUT NYMEX 10000,20150320,142953,2.854,1,0,0,0,0,0
NGM5 FUT NYMEX 10000,20150320,143111,2.854,2,0,0,0,0,0
NGM5 FUT NYMEX 10000,20150320,143158,2.854,1,0,0,0,0,0
NGM5 FUT NYMEX 10000,20150320,143236,2.854,1,0,0,0,0,0
NGM5 FUT NYMEX 10000,20150320,143342,2.856,1,0,0,0,0,0
NGM5 FUT NYMEX 10000,20150320,143432,2.855,1,0,0,0,0,0
NGM5 FUT NYMEX 10000,20150320,143653,2.856,2,0,0,0,0,0
NGM5 FUT NYMEX 10000,20150320,143752,2.853,1,0,0,0,0,0
NGM5 FUT NYMEX 10000,20150320,143845,2.854,1,0,0,0,0,0
NGM5 FUT NYMEX 10000,20150320,143952,2.853,1,0,0,0,0,0
NGM5 FUT NYMEX 10000,20150320,144044,2.855,1,0,0,0,0,0
NGM5 FUT NYMEX 10000,20150320,144121,2.852,1,0,0,0,0,0
NGM5 FUT NYMEX 10000,20150320,144511,2.855,1,0,0,0,0,0
NGM5 FUT NYMEX 10000,20150320,144512,2.855,2,0,0,0,0,0
NGM5 FUT NYMEX 10000,20150320,145013,2.853,1,0,0,0,0,0
NGM5 FUT NYMEX 10000,20150320,145113,2.852,1,0,0,0,0,0
NGM5 FUT NYMEX 10000,20150320,145616,2.85,1,0,0,0,0,0
NGM5 FUT NYMEX 10000,20150320,145848,2.854,1,0,0,0,0,0
NGM5 FUT NYMEX 10000,20150320,150108,2.851,1,0,0,0,0,0
NGM5 FUT NYMEX 10000,20150320,150449,2.85,1,0,0,0,0,0
NGM5 FUT NYMEX 10000,20150320,151506,2.853,1,0,0,0,0,0
NGM5 FUT NYMEX 10000,20150320,152314,2.855,1,0,0,0,0,0
NGM5 FUT NYMEX 10000,20150320,152534,2.855,2,0,0,0,0,0
NGM5 FUT NYMEX 10000,20150320,153705,2.856,1,0,0,0,0,0
NGM5 FUT NYMEX 10000,20150320,153953,2.855,1,0,0,0,0,0
NGM5 FUT NYMEX 10000,20150320,154242,2.854,1,0,0,0,0,0
NGM5 FUT NYMEX 10000,20150320,154417,2.852,2,0,0,0,0,0
NGM5 FUT NYMEX 10000,20150320,154953,2.851,2,0,0,0,0,0
NGM5 FUT NYMEX 10000,20150320,155737,2.851,1,0,0,0,0,0
NGM5 FUT NYMEX 10000,20150320,155939,2.848,1,0,0,0,0,0
NGM5 FUT NYMEX 10000,20150320,160421,2.851,2,0,0,0,0,0
NGM5 FUT NYMEX 10000,20150320,160559,2.852,2,0,0,0,0,0
NGM5 FUT NYMEX 10000,20150320,160633,2.85,1,0,0,0,0,0
NGM5 FUT NYMEX 10000,20150320,160905,2.851,1,0,0,0,0,0
NGM5 FUT NYMEX 10000,20150320,161950,2.855,1,0,0,0,0,0
NGM5 FUT NYMEX 10000,20150320,162408,2.854,1,0,0,0,0,0
NGM5 FUT NYMEX 10000,20150320,162739,2.851,1,0,0,0,0,0
NGM5 FUT NYMEX 10000,20150320,162854,2.849,1,0,0,0,0,0
NGM5 FUT NYMEX 10000,20150320,162924,2.851,3,0,0,0,0,0
NGM5 FUT NYMEX 10000,20150320,170158,2.851,1,0,0,0,0,0
NGM5 FUT NYMEX 10000,20150320,175515,2.851,1,0,0,0,0,0
