81                  
NQH5 FUT GLOBEX 20,20150320,71605,4444,1,0,0,0,0,0
NQH5 FUT GLOBEX 20,20150320,72804,4445.5,4,0,0,0,0,0
NQH5 FUT GLOBEX 20,20150320,72829,4445.5,1,0,0,0,0,0
NQH5 FUT GLOBEX 20,20150320,72937,4447.75,1,0,0,0,0,0
NQH5 FUT GLOBEX 20,20150320,73045,4447,1,0,0,0,0,0
NQH5 FUT GLOBEX 20,20150320,73640,4449,1,0,0,0,0,0
NQH5 FUT GLOBEX 20,20150320,73803,4448.5,1,0,0,0,0,0
NQH5 FUT GLOBEX 20,20150320,73858,4449.25,3,0,0,0,0,0
NQH5 FUT GLOBEX 20,20150320,74128,4449.25,1,0,0,0,0,0
NQH5 FUT GLOBEX 20,20150320,74550,4451.25,1,0,0,0,0,0
NQH5 FUT GLOBEX 20,20150320,74629,4452.25,1,0,0,0,0,0
NQH5 FUT GLOBEX 20,20150320,74800,4453.25,1,0,0,0,0,0
NQH5 FUT GLOBEX 20,20150320,75004,4452.75,1,0,0,0,0,0
NQH5 FUT GLOBEX 20,20150320,75139,4453.25,3,0,0,0,0,0
NQH5 FUT GLOBEX 20,20150320,75323,4454,1,0,0,0,0,0
NQH5 FUT GLOBEX 20,20150320,75744,4455,1,0,0,0,0,0
NQH5 FUT GLOBEX 20,20150320,80138,4455.5,1,0,0,0,0,0
NQH5 FUT GLOBEX 20,20150320,80337,4458,1,0,0,0,0,0
NQH5 FUT GLOBEX 20,20150320,80524,4459,1,0,0,0,0,0
NQH5 FUT GLOBEX 20,20150320,80647,4457.5,1,0,0,0,0,0
NQH5 FUT GLOBEX 20,20150320,81104,4457.75,1,0,0,0,0,0
NQH5 FUT GLOBEX 20,20150320,81109,4459,1,0,0,0,0,0
NQH5 FUT GLOBEX 20,20150320,81219,4458.5,1,0,0,0,0,0
NQH5 FUT GLOBEX 20,20150320,81505,4459.25,1,0,0,0,0,0
NQH5 FUT GLOBEX 20,20150320,81602,4459.25,1,0,0,0,0,0
NQH5 FUT GLOBEX 20,20150320,81732,4460.5,2,0,0,0,0,0
NQH5 FUT GLOBEX 20,20150320,82018,4460.5,1,0,0,0,0,0
NQH5 FUT GLOBEX 20,20150320,82215,4459.75,2,0,0,0,0,0
NQH5 FUT GLOBEX 20,20150320,82448,4460.5,1,0,0,0,0,0
NQH5 FUT GLOBEX 20,20150320,82920,4462,3,0,0,0,0,0
NQH5 FUT GLOBEX 20,20150320,83057,4462,1,0,0,0,0,0
NQH5 FUT GLOBEX 20,20150320,83157,4462.25,2,0,0,0,0,0
NQH5 FUT GLOBEX 20,20150320,83301,4462.5,2,0,0,0,0,0
NQH5 FUT GLOBEX 20,20150320,83339,4463,1,0,0,0,0,0
NQH5 FUT GLOBEX 20,20150320,83506,4463,1,0,0,0,0,0
NQH5 FUT GLOBEX 20,20150320,83508,4463.25,2,0,0,0,0,0
NQH5 FUT GLOBEX 20,20150320,83659,4463.25,1,0,0,0,0,0
NQH5 FUT GLOBEX 20,20150320,83742,4462.75,1,0,0,0,0,0
NQH5 FUT GLOBEX 20,20150320,83858,4462.5,3,0,0,0,0,0
NQH5 FUT GLOBEX 20,20150320,83917,4462.75,1,0,0,0,0,0
NQH5 FUT GLOBEX 20,20150320,84054,4462.25,1,0,0,0,0,0
NQH5 FUT GLOBEX 20,20150320,84255,4462.25,2,0,0,0,0,0
NQH5 FUT GLOBEX 20,20150320,84606,4465.75,1,0,0,0,0,0
NQH5 FUT GLOBEX 20,20150320,84700,4465.75,18,0,0,0,0,0
NQH5 FUT GLOBEX 20,20150320,84803,4465,1,0,0,0,0,0
NQH5 FUT GLOBEX 20,20150320,84843,4465.75,1,0,0,0,0,0
NQH5 FUT GLOBEX 20,20150320,84944,4465.75,1,0,0,0,0,0
NQH5 FUT GLOBEX 20,20150320,85051,4465.75,4,0,0,0,0,0
NQH5 FUT GLOBEX 20,20150320,85145,4464.75,1,0,0,0,0,0
NQH5 FUT GLOBEX 20,20150320,85405,4464.75,1,0,0,0,0,0
NQH5 FUT GLOBEX 20,20150320,85443,4464.25,2,0,0,0,0,0
NQH5 FUT GLOBEX 20,20150320,85617,4465,1,0,0,0,0,0
NQH5 FUT GLOBEX 20,20150320,85803,4465.25,1,0,0,0,0,0
NQH5 FUT GLOBEX 20,20150320,85845,4465.25,1,0,0,0,0,0
NQH5 FUT GLOBEX 20,20150320,85957,4465,1,0,0,0,0,0
NQH5 FUT GLOBEX 20,20150320,90106,4464.5,1,0,0,0,0,0
NQH5 FUT GLOBEX 20,20150320,90433,4464.25,1,0,0,0,0,0
NQH5 FUT GLOBEX 20,20150320,90607,4465,20,0,0,0,0,0
NQH5 FUT GLOBEX 20,20150320,90705,4464,3,0,0,0,0,0
NQH5 FUT GLOBEX 20,20150320,90732,4463.75,1,0,0,0,0,0
NQH5 FUT GLOBEX 20,20150320,90826,4464.5,2,0,0,0,0,0
NQH5 FUT GLOBEX 20,20150320,90958,4464.75,1,0,0,0,0,0
NQH5 FUT GLOBEX 20,20150320,91102,4464.5,1,0,0,0,0,0
NQH5 FUT GLOBEX 20,20150320,91201,4465,1,0,0,0,0,0
NQH5 FUT GLOBEX 20,20150320,91305,4465.5,1,0,0,0,0,0
NQH5 FUT GLOBEX 20,20150320,91407,4466,4,0,0,0,0,0
NQH5 FUT GLOBEX 20,20150320,91458,4466.5,1,0,0,0,0,0
NQH5 FUT GLOBEX 20,20150320,91536,4467.25,1,0,0,0,0,0
NQH5 FUT GLOBEX 20,20150320,91632,4466.25,1,0,0,0,0,0
NQH5 FUT GLOBEX 20,20150320,91805,4466,2,0,0,0,0,0
NQH5 FUT GLOBEX 20,20150320,91827,4466,12,0,0,0,0,0
NQH5 FUT GLOBEX 20,20150320,91958,4466.75,2,0,0,0,0,0
NQH5 FUT GLOBEX 20,20150320,92100,4466.5,1,0,0,0,0,0
NQH5 FUT GLOBEX 20,20150320,92207,4466,2,0,0,0,0,0
NQH5 FUT GLOBEX 20,20150320,92246,4466.25,2,0,0,0,0,0
NQH5 FUT GLOBEX 20,20150320,92327,4465.75,1,0,0,0,0,0
NQH5 FUT GLOBEX 20,20150320,92556,4465,1,0,0,0,0,0
NQH5 FUT GLOBEX 20,20150320,92639,4463.75,1,0,0,0,0,0
NQH5 FUT GLOBEX 20,20150320,92757,4461,1,0,0,0,0,0
NQH5 FUT GLOBEX 20,20150320,92907,4462,1,0,0,0,0,0
NQH5 FUT GLOBEX 20,20150320,92930,4461.25,3,0,0,0,0,0
