407                 
XOM STK SMART,20150320,91129,84.85,3,0,0,0,0,0
XOM STK SMART,20150320,91253,84.85,4,0,0,0,0,0
XOM STK SMART,20150320,91338,84.98,2,0,0,0,0,0
XOM STK SMART,20150320,91440,84.98,1,0,0,0,0,0
XOM STK SMART,20150320,91647,85.1,1,0,0,0,0,0
XOM STK SMART,20150320,91746,85,1,0,0,0,0,0
XOM STK SMART,20150320,91937,85.04,2,0,0,0,0,0
XOM STK SMART,20150320,92606,84.78,2,0,0,0,0,0
XOM STK SMART,20150320,92650,84.78,2,0,0,0,0,0
XOM STK SMART,20150320,92814,84.5,1,0,0,0,0,0
XOM STK SMART,20150320,93020,84.85,1,0,0,0,0,0
XOM STK SMART,20150320,93128,84.9,1,0,0,0,0,0
XOM STK SMART,20150320,93225,84.68,1,0,0,0,0,0
XOM STK SMART,20150320,93329,84.92,1,0,0,0,0,0
XOM STK SMART,20150320,93429,84.87,1,0,0,0,0,0
XOM STK SMART,20150320,93528,84.7,1,0,0,0,0,0
XOM STK SMART,20150320,93628,84.83,1,0,0,0,0,0
XOM STK SMART,20150320,93723,84.95,2,0,0,0,0,0
XOM STK SMART,20150320,93827,85,1,0,0,0,0,0
XOM STK SMART,20150320,93929,85.02,1,0,0,0,0,0
XOM STK SMART,20150320,94028,84.97,1,0,0,0,0,0
XOM STK SMART,20150320,94129,84.98,1,0,0,0,0,0
XOM STK SMART,20150320,94228,84.96,1,0,0,0,0,0
XOM STK SMART,20150320,94329,84.91,1,0,0,0,0,0
XOM STK SMART,20150320,94429,84.9,1,0,0,0,0,0
XOM STK SMART,20150320,94528,84.93,2,0,0,0,0,0
XOM STK SMART,20150320,94629,85.05,1,0,0,0,0,0
XOM STK SMART,20150320,94726,85.02,1,0,0,0,0,0
XOM STK SMART,20150320,94829,85,2,0,0,0,0,0
XOM STK SMART,20150320,94922,85.09,1,0,0,0,0,0
XOM STK SMART,20150320,95029,85.12,2,0,0,0,0,0
XOM STK SMART,20150320,95129,85.21,1,0,0,0,0,0
XOM STK SMART,20150320,95229,85.1,2,0,0,0,0,0
XOM STK SMART,20150320,95320,85,1,0,0,0,0,0
XOM STK SMART,20150320,95429,85.02,2,0,0,0,0,0
XOM STK SMART,20150320,95529,84.92,1,0,0,0,0,0
XOM STK SMART,20150320,95629,84.98,1,0,0,0,0,0
XOM STK SMART,20150320,95729,85.08,1,0,0,0,0,0
XOM STK SMART,20150320,95829,85.07,1,0,0,0,0,0
XOM STK SMART,20150320,95927,85.09,1,0,0,0,0,0
XOM STK SMART,20150320,100029,85.07,3,0,0,0,0,0
XOM STK SMART,20150320,100129,85.02,1,0,0,0,0,0
XOM STK SMART,20150320,100229,85.01,1,0,0,0,0,0
XOM STK SMART,20150320,100327,85.02,1,0,0,0,0,0
XOM STK SMART,20150320,100427,85.03,1,0,0,0,0,0
XOM STK SMART,20150320,100526,85.08,1,0,0,0,0,0
XOM STK SMART,20150320,100615,85.07,1,0,0,0,0,0
XOM STK SMART,20150320,100728,85.04,1,0,0,0,0,0
XOM STK SMART,20150320,100826,85.02,1,0,0,0,0,0
XOM STK SMART,20150320,100928,85.05,1,0,0,0,0,0
XOM STK SMART,20150320,101024,85.07,1,0,0,0,0,0
XOM STK SMART,20150320,101130,85.08,1,0,0,0,0,0
XOM STK SMART,20150320,101226,85.07,1,0,0,0,0,0
XOM STK SMART,20150320,101329,85.12,1,0,0,0,0,0
XOM STK SMART,20150320,101427,85.09,1,0,0,0,0,0
XOM STK SMART,20150320,101527,84.99,1,0,0,0,0,0
XOM STK SMART,20150320,101629,85.02,1,0,0,0,0,0
XOM STK SMART,20150320,101729,85.04,1,0,0,0,0,0
XOM STK SMART,20150320,101830,85.11,1,0,0,0,0,0
XOM STK SMART,20150320,101928,85.09,1,0,0,0,0,0
XOM STK SMART,20150320,102025,85.1,1,0,0,0,0,0
XOM STK SMART,20150320,102128,85.14,1,0,0,0,0,0
XOM STK SMART,20150320,102218,85.13,1,0,0,0,0,0
XOM STK SMART,20150320,102324,85.12,1,0,0,0,0,0
XOM STK SMART,20150320,102412,85.12,1,0,0,0,0,0
XOM STK SMART,20150320,102529,85.18,1,0,0,0,0,0
XOM STK SMART,20150320,102613,85.16,1,0,0,0,0,0
XOM STK SMART,20150320,102730,85.16,1,0,0,0,0,0
XOM STK SMART,20150320,102827,85.16,2,0,0,0,0,0
XOM STK SMART,20150320,102925,85.18,1,0,0,0,0,0
XOM STK SMART,20150320,103029,85.17,1,0,0,0,0,0
XOM STK SMART,20150320,103128,85.2,1,0,0,0,0,0
XOM STK SMART,20150320,103230,85.32,2,0,0,0,0,0
XOM STK SMART,20150320,103318,85.31,1,0,0,0,0,0
XOM STK SMART,20150320,103424,85.31,1,0,0,0,0,0
XOM STK SMART,20150320,103529,85.28,1,0,0,0,0,0
XOM STK SMART,20150320,103628,85.3,1,0,0,0,0,0
XOM STK SMART,20150320,103730,85.27,1,0,0,0,0,0
XOM STK SMART,20150320,103827,85.24,1,0,0,0,0,0
XOM STK SMART,20150320,103928,85.2,1,0,0,0,0,0
XOM STK SMART,20150320,104027,85.22,1,0,0,0,0,0
XOM STK SMART,20150320,104125,85.2,1,0,0,0,0,0
XOM STK SMART,20150320,104228,85.18,4,0,0,0,0,0
XOM STK SMART,20150320,104310,85.18,1,0,0,0,0,0
XOM STK SMART,20150320,104419,85.17,1,0,0,0,0,0
XOM STK SMART,20150320,104510,85.17,1,0,0,0,0,0
XOM STK SMART,20150320,104630,85.2,1,0,0,0,0,0
XOM STK SMART,20150320,104728,85.18,1,0,0,0,0,0
XOM STK SMART,20150320,104829,85.17,1,0,0,0,0,0
XOM STK SMART,20150320,104927,85.14,1,0,0,0,0,0
XOM STK SMART,20150320,105019,85.19,1,0,0,0,0,0
XOM STK SMART,20150320,105130,85.19,1,0,0,0,0,0
XOM STK SMART,20150320,105216,85.19,1,0,0,0,0,0
XOM STK SMART,20150320,105326,85.16,1,0,0,0,0,0
XOM STK SMART,20150320,105419,85.16,1,0,0,0,0,0
XOM STK SMART,20150320,105525,85.15,1,0,0,0,0,0
XOM STK SMART,20150320,105623,85.14,3,0,0,0,0,0
XOM STK SMART,20150320,105725,85.18,1,0,0,0,0,0
XOM STK SMART,20150320,105829,85.15,2,0,0,0,0,0
XOM STK SMART,20150320,105925,85.15,1,0,0,0,0,0
XOM STK SMART,20150320,110023,85.16,1,0,0,0,0,0
XOM STK SMART,20150320,110113,85.17,1,0,0,0,0,0
XOM STK SMART,20150320,110223,85.17,1,0,0,0,0,0
XOM STK SMART,20150320,110328,85.18,1,0,0,0,0,0
XOM STK SMART,20150320,110423,85.23,1,0,0,0,0,0
XOM STK SMART,20150320,110526,85.22,1,0,0,0,0,0
XOM STK SMART,20150320,110628,85.18,1,0,0,0,0,0
XOM STK SMART,20150320,110727,85.19,1,0,0,0,0,0
XOM STK SMART,20150320,110824,85.16,1,0,0,0,0,0
XOM STK SMART,20150320,110906,85.19,1,0,0,0,0,0
XOM STK SMART,20150320,111029,85.22,1,0,0,0,0,0
XOM STK SMART,20150320,111130,85.24,1,0,0,0,0,0
XOM STK SMART,20150320,111230,85.22,1,0,0,0,0,0
XOM STK SMART,20150320,111317,85.22,1,0,0,0,0,0
XOM STK SMART,20150320,111421,85.22,1,0,0,0,0,0
XOM STK SMART,20150320,111528,85.24,1,0,0,0,0,0
XOM STK SMART,20150320,111628,85.24,1,0,0,0,0,0
XOM STK SMART,20150320,111713,85.26,1,0,0,0,0,0
XOM STK SMART,20150320,111824,85.3,1,0,0,0,0,0
XOM STK SMART,20150320,111925,85.28,1,0,0,0,0,0
XOM STK SMART,20150320,112012,85.29,1,0,0,0,0,0
XOM STK SMART,20150320,112130,85.27,1,0,0,0,0,0
XOM STK SMART,20150320,112231,85.26,1,0,0,0,0,0
XOM STK SMART,20150320,112330,85.3,1,0,0,0,0,0
XOM STK SMART,20150320,112411,85.33,1,0,0,0,0,0
XOM STK SMART,20150320,112528,85.33,1,0,0,0,0,0
XOM STK SMART,20150320,112627,85.32,1,0,0,0,0,0
XOM STK SMART,20150320,112729,85.33,1,0,0,0,0,0
XOM STK SMART,20150320,112807,85.34,1,0,0,0,0,0
XOM STK SMART,20150320,112924,85.3,1,0,0,0,0,0
XOM STK SMART,20150320,113021,85.29,1,0,0,0,0,0
XOM STK SMART,20150320,113130,85.28,1,0,0,0,0,0
XOM STK SMART,20150320,113220,85.33,1,0,0,0,0,0
XOM STK SMART,20150320,113330,85.32,1,0,0,0,0,0
XOM STK SMART,20150320,113424,85.33,1,0,0,0,0,0
XOM STK SMART,20150320,113529,85.3,1,0,0,0,0,0
XOM STK SMART,20150320,113612,85.29,2,0,0,0,0,0
XOM STK SMART,20150320,113727,85.32,1,0,0,0,0,0
XOM STK SMART,20150320,113828,85.3,1,0,0,0,0,0
XOM STK SMART,20150320,113929,85.31,1,0,0,0,0,0
XOM STK SMART,20150320,114016,85.29,1,0,0,0,0,0
XOM STK SMART,20150320,114131,85.21,1,0,0,0,0,0
XOM STK SMART,20150320,114230,85.22,2,0,0,0,0,0
XOM STK SMART,20150320,114329,85.19,1,0,0,0,0,0
XOM STK SMART,20150320,114420,85.22,1,0,0,0,0,0
XOM STK SMART,20150320,114436,85.24,1,0,0,0,0,0
XOM STK SMART,20150320,114628,85.22,1,0,0,0,0,0
XOM STK SMART,20150320,114722,85.21,1,0,0,0,0,0
XOM STK SMART,20150320,114732,85.23,1,0,0,0,0,0
XOM STK SMART,20150320,114930,85.24,1,0,0,0,0,0
XOM STK SMART,20150320,115020,85.24,1,0,0,0,0,0
XOM STK SMART,20150320,115122,85.25,1,0,0,0,0,0
XOM STK SMART,20150320,115228,85.28,1,0,0,0,0,0
XOM STK SMART,20150320,115317,85.27,1,0,0,0,0,0
XOM STK SMART,20150320,115429,85.24,2,0,0,0,0,0
XOM STK SMART,20150320,115529,85.22,1,0,0,0,0,0
XOM STK SMART,20150320,115622,85.2,1,0,0,0,0,0
XOM STK SMART,20150320,115714,85.21,1,0,0,0,0,0
XOM STK SMART,20150320,115816,85.2,1,0,0,0,0,0
XOM STK SMART,20150320,115920,85.2,1,0,0,0,0,0
XOM STK SMART,20150320,120019,85.22,1,0,0,0,0,0
XOM STK SMART,20150320,120127,85.25,1,0,0,0,0,0
XOM STK SMART,20150320,120201,85.23,1,0,0,0,0,0
XOM STK SMART,20150320,120319,85.24,1,0,0,0,0,0
XOM STK SMART,20150320,120429,85.26,2,0,0,0,0,0
XOM STK SMART,20150320,120524,85.25,1,0,0,0,0,0
XOM STK SMART,20150320,120558,85.27,1,0,0,0,0,0
XOM STK SMART,20150320,120717,85.27,1,0,0,0,0,0
XOM STK SMART,20150320,120828,85.27,1,0,0,0,0,0
XOM STK SMART,20150320,120928,85.29,1,0,0,0,0,0
XOM STK SMART,20150320,121024,85.29,1,0,0,0,0,0
XOM STK SMART,20150320,121126,85.29,1,0,0,0,0,0
XOM STK SMART,20150320,121225,85.29,1,0,0,0,0,0
XOM STK SMART,20150320,121253,85.31,1,0,0,0,0,0
XOM STK SMART,20150320,121430,85.29,1,0,0,0,0,0
XOM STK SMART,20150320,121516,85.26,2,0,0,0,0,0
XOM STK SMART,20150320,121618,85.26,1,0,0,0,0,0
XOM STK SMART,20150320,121720,85.23,1,0,0,0,0,0
XOM STK SMART,20150320,121827,85.23,1,0,0,0,0,0
XOM STK SMART,20150320,121921,85.25,1,0,0,0,0,0
XOM STK SMART,20150320,122012,85.29,1,0,0,0,0,0
XOM STK SMART,20150320,122127,85.27,1,0,0,0,0,0
XOM STK SMART,20150320,122224,85.23,1,0,0,0,0,0
XOM STK SMART,20150320,122300,85.23,1,0,0,0,0,0
XOM STK SMART,20150320,122425,85.23,1,0,0,0,0,0
XOM STK SMART,20150320,122506,85.2,1,0,0,0,0,0
XOM STK SMART,20150320,122554,85.18,1,0,0,0,0,0
XOM STK SMART,20150320,122728,85.18,1,0,0,0,0,0
XOM STK SMART,20150320,122813,85.17,1,0,0,0,0,0
XOM STK SMART,20150320,122925,85.21,1,0,0,0,0,0
XOM STK SMART,20150320,123029,85.2,2,0,0,0,0,0
XOM STK SMART,20150320,123128,85.21,1,0,0,0,0,0
XOM STK SMART,20150320,123229,85.22,1,0,0,0,0,0
XOM STK SMART,20150320,123319,85.25,1,0,0,0,0,0
XOM STK SMART,20150320,123430,85.22,1,0,0,0,0,0
XOM STK SMART,20150320,123521,85.29,1,0,0,0,0,0
XOM STK SMART,20150320,123629,85.24,1,0,0,0,0,0
XOM STK SMART,20150320,123708,85.24,1,0,0,0,0,0
XOM STK SMART,20150320,123830,85.23,1,0,0,0,0,0
XOM STK SMART,20150320,123931,85.21,1,0,0,0,0,0
XOM STK SMART,20150320,124024,85.2,1,0,0,0,0,0
XOM STK SMART,20150320,124121,85.19,2,0,0,0,0,0
XOM STK SMART,20150320,124222,85.24,1,0,0,0,0,0
XOM STK SMART,20150320,124316,85.22,1,0,0,0,0,0
XOM STK SMART,20150320,124421,85.25,1,0,0,0,0,0
XOM STK SMART,20150320,124523,85.23,1,0,0,0,0,0
XOM STK SMART,20150320,124622,85.2,1,0,0,0,0,0
XOM STK SMART,20150320,124715,85.21,1,0,0,0,0,0
XOM STK SMART,20150320,124831,85.23,1,0,0,0,0,0
XOM STK SMART,20150320,124907,85.22,1,0,0,0,0,0
XOM STK SMART,20150320,125023,85.22,1,0,0,0,0,0
XOM STK SMART,20150320,125125,85.22,1,0,0,0,0,0
XOM STK SMART,20150320,125230,85.28,1,0,0,0,0,0
XOM STK SMART,20150320,125330,85.29,1,0,0,0,0,0
XOM STK SMART,20150320,125421,85.27,1,0,0,0,0,0
XOM STK SMART,20150320,125526,85.31,1,0,0,0,0,0
XOM STK SMART,20150320,125615,85.28,1,0,0,0,0,0
XOM STK SMART,20150320,125706,85.29,1,0,0,0,0,0
XOM STK SMART,20150320,125832,85.25,1,0,0,0,0,0
XOM STK SMART,20150320,125915,85.27,1,0,0,0,0,0
XOM STK SMART,20150320,130021,85.25,1,0,0,0,0,0
XOM STK SMART,20150320,130120,85.25,1,0,0,0,0,0
XOM STK SMART,20150320,130225,85.26,1,0,0,0,0,0
XOM STK SMART,20150320,130326,85.22,1,0,0,0,0,0
XOM STK SMART,20150320,130424,85.22,1,0,0,0,0,0
XOM STK SMART,20150320,130532,85.25,1,0,0,0,0,0
XOM STK SMART,20150320,130622,85.26,1,0,0,0,0,0
XOM STK SMART,20150320,130728,85.24,1,0,0,0,0,0
XOM STK SMART,20150320,130817,85.24,1,0,0,0,0,0
XOM STK SMART,20150320,130902,85.23,1,0,0,0,0,0
XOM STK SMART,20150320,131012,85.25,1,0,0,0,0,0
XOM STK SMART,20150320,131130,85.23,1,0,0,0,0,0
XOM STK SMART,20150320,131221,85.22,1,0,0,0,0,0
XOM STK SMART,20150320,131324,85.2,1,0,0,0,0,0
XOM STK SMART,20150320,131418,85.18,1,0,0,0,0,0
XOM STK SMART,20150320,131529,85.18,1,0,0,0,0,0
XOM STK SMART,20150320,131622,85.2,1,0,0,0,0,0
XOM STK SMART,20150320,131731,85.24,1,0,0,0,0,0
XOM STK SMART,20150320,131832,85.27,1,0,0,0,0,0
XOM STK SMART,20150320,131921,85.24,1,0,0,0,0,0
XOM STK SMART,20150320,132025,85.3,1,0,0,0,0,0
XOM STK SMART,20150320,132112,85.32,1,0,0,0,0,0
XOM STK SMART,20150320,132231,85.3,1,0,0,0,0,0
XOM STK SMART,20150320,132332,85.29,1,0,0,0,0,0
XOM STK SMART,20150320,132432,85.3,1,0,0,0,0,0
XOM STK SMART,20150320,132521,85.29,1,0,0,0,0,0
XOM STK SMART,20150320,132608,85.3,1,0,0,0,0,0
XOM STK SMART,20150320,132702,85.3,1,0,0,0,0,0
XOM STK SMART,20150320,132827,85.29,1,0,0,0,0,0
XOM STK SMART,20150320,132928,85.28,1,0,0,0,0,0
XOM STK SMART,20150320,133030,85.3,1,0,0,0,0,0
XOM STK SMART,20150320,133113,85.3,1,0,0,0,0,0
XOM STK SMART,20150320,133211,85.27,1,0,0,0,0,0
XOM STK SMART,20150320,133325,85.28,1,0,0,0,0,0
XOM STK SMART,20150320,133432,85.27,2,0,0,0,0,0
XOM STK SMART,20150320,133519,85.25,1,0,0,0,0,0
XOM STK SMART,20150320,133629,85.27,1,0,0,0,0,0
XOM STK SMART,20150320,133724,85.26,1,0,0,0,0,0
XOM STK SMART,20150320,133830,85.27,2,0,0,0,0,0
XOM STK SMART,20150320,133924,85.27,1,0,0,0,0,0
XOM STK SMART,20150320,134025,85.26,1,0,0,0,0,0
XOM STK SMART,20150320,134130,85.26,1,0,0,0,0,0
XOM STK SMART,20150320,134233,85.24,1,0,0,0,0,0
XOM STK SMART,20150320,134320,85.24,1,0,0,0,0,0
XOM STK SMART,20150320,134424,85.27,1,0,0,0,0,0
XOM STK SMART,20150320,134532,85.28,1,0,0,0,0,0
XOM STK SMART,20150320,134626,85.26,1,0,0,0,0,0
XOM STK SMART,20150320,134706,85.28,1,0,0,0,0,0
XOM STK SMART,20150320,134826,85.25,1,0,0,0,0,0
XOM STK SMART,20150320,134929,85.25,1,0,0,0,0,0
XOM STK SMART,20150320,135016,85.24,1,0,0,0,0,0
XOM STK SMART,20150320,135132,85.21,1,0,0,0,0,0
XOM STK SMART,20150320,135231,85.21,2,0,0,0,0,0
XOM STK SMART,20150320,135329,85.22,1,0,0,0,0,0
XOM STK SMART,20150320,135427,85.22,1,0,0,0,0,0
XOM STK SMART,20150320,135518,85.23,1,0,0,0,0,0
XOM STK SMART,20150320,135618,85.27,1,0,0,0,0,0
XOM STK SMART,20150320,135731,85.26,1,0,0,0,0,0
XOM STK SMART,20150320,135828,85.28,1,0,0,0,0,0
XOM STK SMART,20150320,135929,85.26,1,0,0,0,0,0
XOM STK SMART,20150320,140026,85.28,1,0,0,0,0,0
XOM STK SMART,20150320,140132,85.28,2,0,0,0,0,0
XOM STK SMART,20150320,140225,85.28,1,0,0,0,0,0
XOM STK SMART,20150320,140306,85.28,1,0,0,0,0,0
XOM STK SMART,20150320,140432,85.28,1,0,0,0,0,0
XOM STK SMART,20150320,140526,85.27,1,0,0,0,0,0
XOM STK SMART,20150320,140632,85.28,1,0,0,0,0,0
XOM STK SMART,20150320,140726,85.28,1,0,0,0,0,0
XOM STK SMART,20150320,140824,85.26,1,0,0,0,0,0
XOM STK SMART,20150320,140932,85.25,1,0,0,0,0,0
XOM STK SMART,20150320,141025,85.25,1,0,0,0,0,0
XOM STK SMART,20150320,141125,85.22,1,0,0,0,0,0
XOM STK SMART,20150320,141230,85.21,1,0,0,0,0,0
XOM STK SMART,20150320,141328,85.23,1,0,0,0,0,0
XOM STK SMART,20150320,141433,85.24,1,0,0,0,0,0
XOM STK SMART,20150320,141528,85.26,2,0,0,0,0,0
XOM STK SMART,20150320,141632,85.28,1,0,0,0,0,0
XOM STK SMART,20150320,141726,85.27,1,0,0,0,0,0
XOM STK SMART,20150320,141831,85.27,3,0,0,0,0,0
XOM STK SMART,20150320,141921,85.27,1,0,0,0,0,0
XOM STK SMART,20150320,142026,85.25,1,0,0,0,0,0
XOM STK SMART,20150320,142128,85.23,2,0,0,0,0,0
XOM STK SMART,20150320,142213,85.21,1,0,0,0,0,0
XOM STK SMART,20150320,142333,85.24,1,0,0,0,0,0
XOM STK SMART,20150320,142430,85.23,1,0,0,0,0,0
XOM STK SMART,20150320,142533,85.17,1,0,0,0,0,0
XOM STK SMART,20150320,142632,85.16,1,0,0,0,0,0
XOM STK SMART,20150320,142711,85.16,1,0,0,0,0,0
XOM STK SMART,20150320,142820,85.2,1,0,0,0,0,0
XOM STK SMART,20150320,142911,85.18,1,0,0,0,0,0
XOM STK SMART,20150320,143028,85.18,1,0,0,0,0,0
XOM STK SMART,20150320,143123,85.17,1,0,0,0,0,0
XOM STK SMART,20150320,143233,85.23,1,0,0,0,0,0
XOM STK SMART,20150320,143333,85.23,1,0,0,0,0,0
XOM STK SMART,20150320,143432,85.24,1,0,0,0,0,0
XOM STK SMART,20150320,143533,85.24,4,0,0,0,0,0
XOM STK SMART,20150320,143631,85.24,1,0,0,0,0,0
XOM STK SMART,20150320,143708,85.24,1,0,0,0,0,0
XOM STK SMART,20150320,143829,85.21,1,0,0,0,0,0
XOM STK SMART,20150320,143904,85.21,1,0,0,0,0,0
XOM STK SMART,20150320,144024,85.19,1,0,0,0,0,0
XOM STK SMART,20150320,144130,85.18,1,0,0,0,0,0
XOM STK SMART,20150320,144233,85.2,1,0,0,0,0,0
XOM STK SMART,20150320,144323,85.19,1,0,0,0,0,0
XOM STK SMART,20150320,144426,85.18,1,0,0,0,0,0
XOM STK SMART,20150320,144515,85.19,1,0,0,0,0,0
XOM STK SMART,20150320,144611,85.19,1,0,0,0,0,0
XOM STK SMART,20150320,144722,85.19,1,0,0,0,0,0
XOM STK SMART,20150320,144826,85.19,1,0,0,0,0,0
XOM STK SMART,20150320,144921,85.19,1,0,0,0,0,0
XOM STK SMART,20150320,145028,85.19,3,0,0,0,0,0
XOM STK SMART,20150320,145127,85.19,1,0,0,0,0,0
XOM STK SMART,20150320,145215,85.19,1,0,0,0,0,0
XOM STK SMART,20150320,145315,85.19,1,0,0,0,0,0
XOM STK SMART,20150320,145427,85.18,1,0,0,0,0,0
XOM STK SMART,20150320,145531,85.19,1,0,0,0,0,0
XOM STK SMART,20150320,145632,85.19,2,0,0,0,0,0
XOM STK SMART,20150320,145731,85.19,2,0,0,0,0,0
XOM STK SMART,20150320,145833,85.19,4,0,0,0,0,0
XOM STK SMART,20150320,145933,85.19,2,0,0,0,0,0
XOM STK SMART,20150320,150022,85.19,1,0,0,0,0,0
XOM STK SMART,20150320,150126,85.16,1,0,0,0,0,0
XOM STK SMART,20150320,150229,85.18,1,0,0,0,0,0
XOM STK SMART,20150320,150318,85.19,1,0,0,0,0,0
XOM STK SMART,20150320,150432,85.18,1,0,0,0,0,0
XOM STK SMART,20150320,150530,85.17,1,0,0,0,0,0
XOM STK SMART,20150320,150626,85.18,1,0,0,0,0,0
XOM STK SMART,20150320,150732,85.18,1,0,0,0,0,0
XOM STK SMART,20150320,150832,85.18,1,0,0,0,0,0
XOM STK SMART,20150320,150933,85.15,1,0,0,0,0,0
XOM STK SMART,20150320,151023,85.13,1,0,0,0,0,0
XOM STK SMART,20150320,151132,85.12,2,0,0,0,0,0
XOM STK SMART,20150320,151227,85.14,1,0,0,0,0,0
XOM STK SMART,20150320,151317,85.12,1,0,0,0,0,0
XOM STK SMART,20150320,151433,85.11,1,0,0,0,0,0
XOM STK SMART,20150320,151533,85.09,1,0,0,0,0,0
XOM STK SMART,20150320,151628,85.08,1,0,0,0,0,0
XOM STK SMART,20150320,151724,85.03,1,0,0,0,0,0
XOM STK SMART,20150320,151830,85.04,1,0,0,0,0,0
XOM STK SMART,20150320,151932,85.01,1,0,0,0,0,0
XOM STK SMART,20150320,152027,84.98,1,0,0,0,0,0
XOM STK SMART,20150320,152112,84.91,1,0,0,0,0,0
XOM STK SMART,20150320,152212,84.97,1,0,0,0,0,0
XOM STK SMART,20150320,152334,84.97,1,0,0,0,0,0
XOM STK SMART,20150320,152432,85.03,1,0,0,0,0,0
XOM STK SMART,20150320,152532,85.07,1,0,0,0,0,0
XOM STK SMART,20150320,152631,84.99,1,0,0,0,0,0
XOM STK SMART,20150320,152731,85,1,0,0,0,0,0
XOM STK SMART,20150320,152816,84.99,1,0,0,0,0,0
XOM STK SMART,20150320,152915,85,1,0,0,0,0,0
XOM STK SMART,20150320,153029,85.06,1,0,0,0,0,0
XOM STK SMART,20150320,153134,85.02,1,0,0,0,0,0
XOM STK SMART,20150320,153232,85.02,1,0,0,0,0,0
XOM STK SMART,20150320,153334,84.96,2,0,0,0,0,0
XOM STK SMART,20150320,153423,84.93,1,0,0,0,0,0
XOM STK SMART,20150320,153534,84.9,2,0,0,0,0,0
XOM STK SMART,20150320,153625,84.91,2,0,0,0,0,0
XOM STK SMART,20150320,153734,84.97,1,0,0,0,0,0
XOM STK SMART,20150320,153832,85.05,1,0,0,0,0,0
XOM STK SMART,20150320,153934,85,4,0,0,0,0,0
XOM STK SMART,20150320,154033,85,1,0,0,0,0,0
XOM STK SMART,20150320,154132,85.01,1,0,0,0,0,0
XOM STK SMART,20150320,154228,84.97,1,0,0,0,0,0
XOM STK SMART,20150320,154332,84.97,1,0,0,0,0,0
XOM STK SMART,20150320,154434,84.97,1,0,0,0,0,0
XOM STK SMART,20150320,154533,85.08,1,0,0,0,0,0
XOM STK SMART,20150320,154634,84.98,1,0,0,0,0,0
XOM STK SMART,20150320,154732,84.96,1,0,0,0,0,0
XOM STK SMART,20150320,154831,84.87,1,0,0,0,0,0
XOM STK SMART,20150320,154934,84.91,2,0,0,0,0,0
XOM STK SMART,20150320,155034,84.9,1,0,0,0,0,0
XOM STK SMART,20150320,155131,84.84,1,0,0,0,0,0
XOM STK SMART,20150320,155231,84.82,1,0,0,0,0,0
XOM STK SMART,20150320,155334,84.8,2,0,0,0,0,0
XOM STK SMART,20150320,155434,84.54,1,0,0,0,0,0
XOM STK SMART,20150320,155533,84.55,1,0,0,0,0,0
XOM STK SMART,20150320,155634,84.57,1,0,0,0,0,0
XOM STK SMART,20150320,155734,84.47,1,0,0,0,0,0
XOM STK SMART,20150320,155834,84.47,1,0,0,0,0,0
XOM STK SMART,20150320,155931,84.55,1,0,0,0,0,0
XOM STK SMART,20150320,161136,84.44,10,0,0,0,0,0
XOM STK SMART,20150320,161538,84.52,1,0,0,0,0,0
XOM STK SMART,20150320,162036,84.6,10,0,0,0,0,0
XOM STK SMART,20150320,163730,84.65,4,0,0,0,0,0
XOM STK SMART,20150320,164001,84.64,1,0,0,0,0,0
XOM STK SMART,20150320,174012,84.66,5,0,0,0,0,0
XOM STK SMART,20150320,174110,84.66,2,0,0,0,0,0
