1009                
BP STK SMART,20150327,80531,39.76,3,0,0,0,0,0
BP STK SMART,20150327,81826,39.76,1,0,0,0,0,0
BP STK SMART,20150327,81919,39.76,3,0,0,0,0,0
BP STK SMART,20150327,81935,39.76,7,0,0,0,0,0
BP STK SMART,20150327,83827,39.89,6,0,0,0,0,0
BP STK SMART,20150327,83837,39.89,1,0,0,0,0,0
BP STK SMART,20150327,84330,39.99,1,0,0,0,0,0
BP STK SMART,20150327,85520,39.83,1,0,0,0,0,0
BP STK SMART,20150327,85634,39.84,1,0,0,0,0,0
BP STK SMART,20150327,91142,39.71,2,0,0,0,0,0
BP STK SMART,20150327,91245,39.7,1,0,0,0,0,0
BP STK SMART,20150327,91701,39.67,2,0,0,0,0,0
BP STK SMART,20150327,91957,39.66,1,0,0,0,0,0
BP STK SMART,20150327,92457,39.69,1,0,0,0,0,0
BP STK SMART,20150327,92816,39.69,3,0,0,0,0,0
BP STK SMART,20150327,92943,39.65,1,0,0,0,0,0
BP STK SMART,20150327,93004,39.62,2,0,0,0,0,0
BP STK SMART,20150327,93005,39.62,1,0,0,0,0,0
BP STK SMART,20150327,93023,39.63,1,0,0,0,0,0
BP STK SMART,20150327,93032,39.63,1,0,0,0,0,0
BP STK SMART,20150327,93043,39.67,2,0,0,0,0,0
BP STK SMART,20150327,93101,39.63,1,0,0,0,0,0
BP STK SMART,20150327,93124,39.62,1,0,0,0,0,0
BP STK SMART,20150327,93154,39.6,1,0,0,0,0,0
BP STK SMART,20150327,93201,39.58,1,0,0,0,0,0
BP STK SMART,20150327,93223,39.58,1,0,0,0,0,0
BP STK SMART,20150327,93233,39.56,10,0,0,0,0,0
BP STK SMART,20150327,93242,39.56,2,0,0,0,0,0
BP STK SMART,20150327,93247,39.56,1,0,0,0,0,0
BP STK SMART,20150327,93314,39.55,1,0,0,0,0,0
BP STK SMART,20150327,93325,39.55,1,0,0,0,0,0
BP STK SMART,20150327,93328,39.56,1,0,0,0,0,0
BP STK SMART,20150327,93353,39.54,1,0,0,0,0,0
BP STK SMART,20150327,93424,39.55,1,0,0,0,0,0
BP STK SMART,20150327,93434,39.54,20,0,0,0,0,0
BP STK SMART,20150327,93437,39.52,1,0,0,0,0,0
BP STK SMART,20150327,93449,39.51,1,0,0,0,0,0
BP STK SMART,20150327,93501,39.49,1,0,0,0,0,0
BP STK SMART,20150327,93515,39.48,1,0,0,0,0,0
BP STK SMART,20150327,93524,39.48,1,0,0,0,0,0
BP STK SMART,20150327,93532,39.45,1,0,0,0,0,0
BP STK SMART,20150327,93538,39.44,1,0,0,0,0,0
BP STK SMART,20150327,93550,39.43,1,0,0,0,0,0
BP STK SMART,20150327,93604,39.45,1,0,0,0,0,0
BP STK SMART,20150327,93611,39.45,2,0,0,0,0,0
BP STK SMART,20150327,93623,39.45,1,0,0,0,0,0
BP STK SMART,20150327,93625,39.46,2,0,0,0,0,0
BP STK SMART,20150327,93639,39.45,1,0,0,0,0,0
BP STK SMART,20150327,93652,39.43,1,0,0,0,0,0
BP STK SMART,20150327,93704,39.46,1,0,0,0,0,0
BP STK SMART,20150327,93712,39.47,1,0,0,0,0,0
BP STK SMART,20150327,93716,39.47,2,0,0,0,0,0
BP STK SMART,20150327,93742,39.44,1,0,0,0,0,0
BP STK SMART,20150327,93752,39.42,1,0,0,0,0,0
BP STK SMART,20150327,93805,39.45,2,0,0,0,0,0
BP STK SMART,20150327,93814,39.47,1,0,0,0,0,0
BP STK SMART,20150327,93820,39.44,1,0,0,0,0,0
BP STK SMART,20150327,93827,39.43,1,0,0,0,0,0
BP STK SMART,20150327,93844,39.44,2,0,0,0,0,0
BP STK SMART,20150327,93851,39.43,4,0,0,0,0,0
BP STK SMART,20150327,93905,39.44,4,0,0,0,0,0
BP STK SMART,20150327,93907,39.43,1,0,0,0,0,0
BP STK SMART,20150327,93930,39.44,4,0,0,0,0,0
BP STK SMART,20150327,93947,39.44,1,0,0,0,0,0
BP STK SMART,20150327,94005,39.42,1,0,0,0,0,0
BP STK SMART,20150327,94015,39.4,1,0,0,0,0,0
BP STK SMART,20150327,94015,39.41,1,0,0,0,0,0
BP STK SMART,20150327,94045,39.38,2,0,0,0,0,0
BP STK SMART,20150327,94047,39.39,1,0,0,0,0,0
BP STK SMART,20150327,94113,39.41,1,0,0,0,0,0
BP STK SMART,20150327,94118,39.42,1,0,0,0,0,0
BP STK SMART,20150327,94131,39.43,1,0,0,0,0,0
BP STK SMART,20150327,94155,39.4,1,0,0,0,0,0
BP STK SMART,20150327,94200,39.42,1,0,0,0,0,0
BP STK SMART,20150327,94222,39.43,1,0,0,0,0,0
BP STK SMART,20150327,94255,39.42,1,0,0,0,0,0
BP STK SMART,20150327,94331,39.43,2,0,0,0,0,0
BP STK SMART,20150327,94352,39.43,1,0,0,0,0,0
BP STK SMART,20150327,94400,39.41,1,0,0,0,0,0
BP STK SMART,20150327,94410,39.44,1,0,0,0,0,0
BP STK SMART,20150327,94445,39.41,1,0,0,0,0,0
BP STK SMART,20150327,94451,39.44,1,0,0,0,0,0
BP STK SMART,20150327,94516,39.45,1,0,0,0,0,0
BP STK SMART,20150327,94554,39.41,2,0,0,0,0,0
BP STK SMART,20150327,94605,39.41,1,0,0,0,0,0
BP STK SMART,20150327,94612,39.39,1,0,0,0,0,0
BP STK SMART,20150327,94623,39.39,1,0,0,0,0,0
BP STK SMART,20150327,94638,39.39,1,0,0,0,0,0
BP STK SMART,20150327,94655,39.38,1,0,0,0,0,0
BP STK SMART,20150327,94656,39.39,1,0,0,0,0,0
BP STK SMART,20150327,94713,39.41,1,0,0,0,0,0
BP STK SMART,20150327,94723,39.42,1,0,0,0,0,0
BP STK SMART,20150327,94756,39.42,2,0,0,0,0,0
BP STK SMART,20150327,94813,39.41,1,0,0,0,0,0
BP STK SMART,20150327,94821,39.41,3,0,0,0,0,0
BP STK SMART,20150327,94915,39.4,1,0,0,0,0,0
BP STK SMART,20150327,95005,39.37,1,0,0,0,0,0
BP STK SMART,20150327,95015,39.37,1,0,0,0,0,0
BP STK SMART,20150327,95023,39.36,1,0,0,0,0,0
BP STK SMART,20150327,95055,39.37,2,0,0,0,0,0
BP STK SMART,20150327,95059,39.38,1,0,0,0,0,0
BP STK SMART,20150327,95123,39.39,1,0,0,0,0,0
BP STK SMART,20150327,95155,39.41,1,0,0,0,0,0
BP STK SMART,20150327,95216,39.39,1,0,0,0,0,0
BP STK SMART,20150327,95243,39.4,1,0,0,0,0,0
BP STK SMART,20150327,95307,39.41,1,0,0,0,0,0
BP STK SMART,20150327,95317,39.42,2,0,0,0,0,0
BP STK SMART,20150327,95337,39.4,1,0,0,0,0,0
BP STK SMART,20150327,95355,39.4,2,0,0,0,0,0
BP STK SMART,20150327,95401,39.4,1,0,0,0,0,0
BP STK SMART,20150327,95420,39.41,1,0,0,0,0,0
BP STK SMART,20150327,95434,39.39,1,0,0,0,0,0
BP STK SMART,20150327,95440,39.38,1,0,0,0,0,0
BP STK SMART,20150327,95459,39.36,1,0,0,0,0,0
BP STK SMART,20150327,95522,39.37,1,0,0,0,0,0
BP STK SMART,20150327,95527,39.36,1,0,0,0,0,0
BP STK SMART,20150327,95537,39.37,1,0,0,0,0,0
BP STK SMART,20150327,95618,39.37,1,0,0,0,0,0
BP STK SMART,20150327,95633,39.4,1,0,0,0,0,0
BP STK SMART,20150327,95654,39.41,1,0,0,0,0,0
BP STK SMART,20150327,95702,39.39,1,0,0,0,0,0
BP STK SMART,20150327,95715,39.38,1,0,0,0,0,0
BP STK SMART,20150327,95723,39.39,1,0,0,0,0,0
BP STK SMART,20150327,95757,39.41,1,0,0,0,0,0
BP STK SMART,20150327,95832,39.42,1,0,0,0,0,0
BP STK SMART,20150327,95836,39.43,1,0,0,0,0,0
BP STK SMART,20150327,95853,39.41,2,0,0,0,0,0
BP STK SMART,20150327,95859,39.41,1,0,0,0,0,0
BP STK SMART,20150327,95913,39.41,3,0,0,0,0,0
BP STK SMART,20150327,95945,39.41,3,0,0,0,0,0
BP STK SMART,20150327,95954,39.4,3,0,0,0,0,0
BP STK SMART,20150327,95958,39.37,2,0,0,0,0,0
BP STK SMART,20150327,100013,39.38,1,0,0,0,0,0
BP STK SMART,20150327,100026,39.4,1,0,0,0,0,0
BP STK SMART,20150327,100045,39.41,1,0,0,0,0,0
BP STK SMART,20150327,100100,39.4,1,0,0,0,0,0
BP STK SMART,20150327,100126,39.41,1,0,0,0,0,0
BP STK SMART,20150327,100215,39.42,1,0,0,0,0,0
BP STK SMART,20150327,100225,39.44,1,0,0,0,0,0
BP STK SMART,20150327,100231,39.43,1,0,0,0,0,0
BP STK SMART,20150327,100245,39.44,1,0,0,0,0,0
BP STK SMART,20150327,100256,39.44,2,0,0,0,0,0
BP STK SMART,20150327,100300,39.44,7,0,0,0,0,0
BP STK SMART,20150327,100308,39.46,1,0,0,0,0,0
BP STK SMART,20150327,100336,39.46,3,0,0,0,0,0
BP STK SMART,20150327,100341,39.47,1,0,0,0,0,0
BP STK SMART,20150327,100405,39.49,2,0,0,0,0,0
BP STK SMART,20150327,100428,39.49,3,0,0,0,0,0
BP STK SMART,20150327,100441,39.5,1,0,0,0,0,0
BP STK SMART,20150327,100456,39.5,2,0,0,0,0,0
BP STK SMART,20150327,100502,39.49,2,0,0,0,0,0
BP STK SMART,20150327,100519,39.49,1,0,0,0,0,0
BP STK SMART,20150327,100535,39.47,1,0,0,0,0,0
BP STK SMART,20150327,100538,39.46,1,0,0,0,0,0
BP STK SMART,20150327,100551,39.45,1,0,0,0,0,0
BP STK SMART,20150327,100603,39.43,2,0,0,0,0,0
BP STK SMART,20150327,100614,39.43,1,0,0,0,0,0
BP STK SMART,20150327,100635,39.42,1,0,0,0,0,0
BP STK SMART,20150327,100646,39.44,1,0,0,0,0,0
BP STK SMART,20150327,100655,39.44,1,0,0,0,0,0
BP STK SMART,20150327,100659,39.45,1,0,0,0,0,0
BP STK SMART,20150327,100709,39.44,1,0,0,0,0,0
BP STK SMART,20150327,100716,39.45,1,0,0,0,0,0
BP STK SMART,20150327,100729,39.45,1,0,0,0,0,0
BP STK SMART,20150327,100746,39.47,1,0,0,0,0,0
BP STK SMART,20150327,100807,39.45,1,0,0,0,0,0
BP STK SMART,20150327,100846,39.43,1,0,0,0,0,0
BP STK SMART,20150327,100853,39.42,1,0,0,0,0,0
BP STK SMART,20150327,100904,39.44,1,0,0,0,0,0
BP STK SMART,20150327,100929,39.46,1,0,0,0,0,0
BP STK SMART,20150327,100946,39.47,1,0,0,0,0,0
BP STK SMART,20150327,101006,39.47,2,0,0,0,0,0
BP STK SMART,20150327,101007,39.47,4,0,0,0,0,0
BP STK SMART,20150327,101025,39.51,1,0,0,0,0,0
BP STK SMART,20150327,101029,39.53,1,0,0,0,0,0
BP STK SMART,20150327,101040,39.55,1,0,0,0,0,0
BP STK SMART,20150327,101056,39.56,1,0,0,0,0,0
BP STK SMART,20150327,101104,39.54,1,0,0,0,0,0
BP STK SMART,20150327,101113,39.56,1,0,0,0,0,0
BP STK SMART,20150327,101126,39.53,1,0,0,0,0,0
BP STK SMART,20150327,101131,39.55,1,0,0,0,0,0
BP STK SMART,20150327,101155,39.51,1,0,0,0,0,0
BP STK SMART,20150327,101159,39.52,1,0,0,0,0,0
BP STK SMART,20150327,101216,39.51,1,0,0,0,0,0
BP STK SMART,20150327,101223,39.51,1,0,0,0,0,0
BP STK SMART,20150327,101244,39.47,1,0,0,0,0,0
BP STK SMART,20150327,101253,39.46,1,0,0,0,0,0
BP STK SMART,20150327,101301,39.48,1,0,0,0,0,0
BP STK SMART,20150327,101313,39.46,1,0,0,0,0,0
BP STK SMART,20150327,101317,39.47,3,0,0,0,0,0
BP STK SMART,20150327,101344,39.51,1,0,0,0,0,0
BP STK SMART,20150327,101356,39.53,1,0,0,0,0,0
BP STK SMART,20150327,101404,39.52,1,0,0,0,0,0
BP STK SMART,20150327,101410,39.52,1,0,0,0,0,0
BP STK SMART,20150327,101425,39.52,1,0,0,0,0,0
BP STK SMART,20150327,101431,39.53,1,0,0,0,0,0
BP STK SMART,20150327,101446,39.54,1,0,0,0,0,0
BP STK SMART,20150327,101452,39.53,1,0,0,0,0,0
BP STK SMART,20150327,101500,39.54,1,0,0,0,0,0
BP STK SMART,20150327,101516,39.54,1,0,0,0,0,0
BP STK SMART,20150327,101520,39.54,1,0,0,0,0,0
BP STK SMART,20150327,101535,39.53,1,0,0,0,0,0
BP STK SMART,20150327,101540,39.52,1,0,0,0,0,0
BP STK SMART,20150327,101612,39.51,1,0,0,0,0,0
BP STK SMART,20150327,101701,39.5,1,0,0,0,0,0
BP STK SMART,20150327,101723,39.51,1,0,0,0,0,0
BP STK SMART,20150327,101734,39.51,1,0,0,0,0,0
BP STK SMART,20150327,101745,39.53,1,0,0,0,0,0
BP STK SMART,20150327,101822,39.54,1,0,0,0,0,0
BP STK SMART,20150327,101834,39.53,1,0,0,0,0,0
BP STK SMART,20150327,101845,39.54,1,0,0,0,0,0
BP STK SMART,20150327,101856,39.57,1,0,0,0,0,0
BP STK SMART,20150327,101914,39.56,1,0,0,0,0,0
BP STK SMART,20150327,101942,39.56,2,0,0,0,0,0
BP STK SMART,20150327,101956,39.57,1,0,0,0,0,0
BP STK SMART,20150327,102017,39.6,1,0,0,0,0,0
BP STK SMART,20150327,102025,39.61,1,0,0,0,0,0
BP STK SMART,20150327,102044,39.6,1,0,0,0,0,0
BP STK SMART,20150327,102056,39.62,6,0,0,0,0,0
BP STK SMART,20150327,102058,39.61,5,0,0,0,0,0
BP STK SMART,20150327,102111,39.6,5,0,0,0,0,0
BP STK SMART,20150327,102128,39.58,1,0,0,0,0,0
BP STK SMART,20150327,102144,39.59,2,0,0,0,0,0
BP STK SMART,20150327,102156,39.59,1,0,0,0,0,0
BP STK SMART,20150327,102206,39.61,1,0,0,0,0,0
BP STK SMART,20150327,102221,39.58,3,0,0,0,0,0
BP STK SMART,20150327,102233,39.57,1,0,0,0,0,0
BP STK SMART,20150327,102245,39.58,1,0,0,0,0,0
BP STK SMART,20150327,102300,39.56,1,0,0,0,0,0
BP STK SMART,20150327,102310,39.57,1,0,0,0,0,0
BP STK SMART,20150327,102334,39.58,1,0,0,0,0,0
BP STK SMART,20150327,102338,39.57,1,0,0,0,0,0
BP STK SMART,20150327,102357,39.56,1,0,0,0,0,0
BP STK SMART,20150327,102407,39.57,1,0,0,0,0,0
BP STK SMART,20150327,102417,39.57,4,0,0,0,0,0
BP STK SMART,20150327,102417,39.57,1,0,0,0,0,0
BP STK SMART,20150327,102441,39.55,1,0,0,0,0,0
BP STK SMART,20150327,102516,39.54,1,0,0,0,0,0
BP STK SMART,20150327,102553,39.52,1,0,0,0,0,0
BP STK SMART,20150327,102615,39.54,1,0,0,0,0,0
BP STK SMART,20150327,102623,39.55,1,0,0,0,0,0
BP STK SMART,20150327,102644,39.56,1,0,0,0,0,0
BP STK SMART,20150327,102656,39.55,1,0,0,0,0,0
BP STK SMART,20150327,102703,39.56,1,0,0,0,0,0
BP STK SMART,20150327,102811,39.57,1,0,0,0,0,0
BP STK SMART,20150327,102926,39.58,1,0,0,0,0,0
BP STK SMART,20150327,102929,39.56,1,0,0,0,0,0
BP STK SMART,20150327,102957,39.59,1,0,0,0,0,0
BP STK SMART,20150327,103001,39.58,1,0,0,0,0,0
BP STK SMART,20150327,103016,39.59,1,0,0,0,0,0
BP STK SMART,20150327,103027,39.58,2,0,0,0,0,0
BP STK SMART,20150327,103031,39.58,1,0,0,0,0,0
BP STK SMART,20150327,103042,39.59,1,0,0,0,0,0
BP STK SMART,20150327,103056,39.59,1,0,0,0,0,0
BP STK SMART,20150327,103122,39.58,1,0,0,0,0,0
BP STK SMART,20150327,103141,39.57,2,0,0,0,0,0
BP STK SMART,20150327,103200,39.55,3,0,0,0,0,0
BP STK SMART,20150327,103212,39.52,2,0,0,0,0,0
BP STK SMART,20150327,103232,39.52,1,0,0,0,0,0
BP STK SMART,20150327,103238,39.51,1,0,0,0,0,0
BP STK SMART,20150327,103304,39.5,2,0,0,0,0,0
BP STK SMART,20150327,103315,39.5,1,0,0,0,0,0
BP STK SMART,20150327,103333,39.5,1,0,0,0,0,0
BP STK SMART,20150327,103340,39.52,1,0,0,0,0,0
BP STK SMART,20150327,103356,39.51,1,0,0,0,0,0
BP STK SMART,20150327,103417,39.5,1,0,0,0,0,0
BP STK SMART,20150327,103436,39.48,3,0,0,0,0,0
BP STK SMART,20150327,103506,39.49,1,0,0,0,0,0
BP STK SMART,20150327,103517,39.51,1,0,0,0,0,0
BP STK SMART,20150327,103523,39.5,1,0,0,0,0,0
BP STK SMART,20150327,103535,39.51,1,0,0,0,0,0
BP STK SMART,20150327,103542,39.51,1,0,0,0,0,0
BP STK SMART,20150327,103617,39.5,1,0,0,0,0,0
BP STK SMART,20150327,103629,39.51,1,0,0,0,0,0
BP STK SMART,20150327,103639,39.51,2,0,0,0,0,0
BP STK SMART,20150327,103656,39.53,1,0,0,0,0,0
BP STK SMART,20150327,103706,39.51,1,0,0,0,0,0
BP STK SMART,20150327,103719,39.5,1,0,0,0,0,0
BP STK SMART,20150327,103738,39.49,2,0,0,0,0,0
BP STK SMART,20150327,103738,39.49,1,0,0,0,0,0
BP STK SMART,20150327,103856,39.53,1,0,0,0,0,0
BP STK SMART,20150327,103902,39.52,1,0,0,0,0,0
BP STK SMART,20150327,103926,39.51,1,0,0,0,0,0
BP STK SMART,20150327,103955,39.51,1,0,0,0,0,0
BP STK SMART,20150327,104042,39.52,1,0,0,0,0,0
BP STK SMART,20150327,104055,39.51,1,0,0,0,0,0
BP STK SMART,20150327,104117,39.51,1,0,0,0,0,0
BP STK SMART,20150327,104128,39.51,1,0,0,0,0,0
BP STK SMART,20150327,104148,39.5,3,0,0,0,0,0
BP STK SMART,20150327,104149,39.5,1,0,0,0,0,0
BP STK SMART,20150327,104207,39.49,1,0,0,0,0,0
BP STK SMART,20150327,104221,39.5,1,0,0,0,0,0
BP STK SMART,20150327,104241,39.5,1,0,0,0,0,0
BP STK SMART,20150327,104255,39.51,1,0,0,0,0,0
BP STK SMART,20150327,104347,39.5,1,0,0,0,0,0
BP STK SMART,20150327,104354,39.51,3,0,0,0,0,0
BP STK SMART,20150327,104406,39.51,3,0,0,0,0,0
BP STK SMART,20150327,104414,39.52,1,0,0,0,0,0
BP STK SMART,20150327,104441,39.51,1,0,0,0,0,0
BP STK SMART,20150327,104505,39.52,1,0,0,0,0,0
BP STK SMART,20150327,104537,39.53,1,0,0,0,0,0
BP STK SMART,20150327,104552,39.54,1,0,0,0,0,0
BP STK SMART,20150327,104607,39.55,1,0,0,0,0,0
BP STK SMART,20150327,104615,39.57,1,0,0,0,0,0
BP STK SMART,20150327,104641,39.57,1,0,0,0,0,0
BP STK SMART,20150327,104653,39.55,1,0,0,0,0,0
BP STK SMART,20150327,104708,39.56,1,0,0,0,0,0
BP STK SMART,20150327,104737,39.55,1,0,0,0,0,0
BP STK SMART,20150327,104748,39.56,1,0,0,0,0,0
BP STK SMART,20150327,104809,39.57,1,0,0,0,0,0
BP STK SMART,20150327,104844,39.57,1,0,0,0,0,0
BP STK SMART,20150327,104917,39.58,1,0,0,0,0,0
BP STK SMART,20150327,104923,39.59,1,0,0,0,0,0
BP STK SMART,20150327,104931,39.59,2,0,0,0,0,0
BP STK SMART,20150327,104947,39.59,1,0,0,0,0,0
BP STK SMART,20150327,104956,39.6,2,0,0,0,0,0
BP STK SMART,20150327,105014,39.59,1,0,0,0,0,0
BP STK SMART,20150327,105058,39.6,1,0,0,0,0,0
BP STK SMART,20150327,105108,39.61,1,0,0,0,0,0
BP STK SMART,20150327,105111,39.61,1,0,0,0,0,0
BP STK SMART,20150327,105132,39.63,1,0,0,0,0,0
BP STK SMART,20150327,105148,39.65,1,0,0,0,0,0
BP STK SMART,20150327,105151,39.64,1,0,0,0,0,0
BP STK SMART,20150327,105238,39.66,1,0,0,0,0,0
BP STK SMART,20150327,105255,39.65,1,0,0,0,0,0
BP STK SMART,20150327,105307,39.64,1,0,0,0,0,0
BP STK SMART,20150327,105326,39.65,1,0,0,0,0,0
BP STK SMART,20150327,105335,39.64,1,0,0,0,0,0
BP STK SMART,20150327,105345,39.63,1,0,0,0,0,0
BP STK SMART,20150327,105352,39.62,1,0,0,0,0,0
BP STK SMART,20150327,105407,39.64,1,0,0,0,0,0
BP STK SMART,20150327,105414,39.65,1,0,0,0,0,0
BP STK SMART,20150327,105456,39.63,4,0,0,0,0,0
BP STK SMART,20150327,105506,39.63,1,0,0,0,0,0
BP STK SMART,20150327,105535,39.64,1,0,0,0,0,0
BP STK SMART,20150327,105623,39.65,1,0,0,0,0,0
BP STK SMART,20150327,105655,39.66,10,0,0,0,0,0
BP STK SMART,20150327,105704,39.66,1,0,0,0,0,0
BP STK SMART,20150327,105715,39.66,2,0,0,0,0,0
BP STK SMART,20150327,105748,39.66,5,0,0,0,0,0
BP STK SMART,20150327,105758,39.67,1,0,0,0,0,0
BP STK SMART,20150327,105807,39.68,2,0,0,0,0,0
BP STK SMART,20150327,105818,39.7,1,0,0,0,0,0
BP STK SMART,20150327,105834,39.7,1,0,0,0,0,0
BP STK SMART,20150327,105858,39.7,1,0,0,0,0,0
BP STK SMART,20150327,105908,39.71,6,0,0,0,0,0
BP STK SMART,20150327,105909,39.71,1,0,0,0,0,0
BP STK SMART,20150327,105923,39.72,1,0,0,0,0,0
BP STK SMART,20150327,105937,39.71,1,0,0,0,0,0
BP STK SMART,20150327,105952,39.69,1,0,0,0,0,0
BP STK SMART,20150327,110009,39.68,1,0,0,0,0,0
BP STK SMART,20150327,110015,39.69,1,0,0,0,0,0
BP STK SMART,20150327,110040,39.7,1,0,0,0,0,0
BP STK SMART,20150327,110056,39.69,1,0,0,0,0,0
BP STK SMART,20150327,110121,39.71,1,0,0,0,0,0
BP STK SMART,20150327,110144,39.7,1,0,0,0,0,0
BP STK SMART,20150327,110203,39.69,1,0,0,0,0,0
BP STK SMART,20150327,110217,39.68,1,0,0,0,0,0
BP STK SMART,20150327,110227,39.68,1,0,0,0,0,0
BP STK SMART,20150327,110311,39.69,1,0,0,0,0,0
BP STK SMART,20150327,110338,39.7,1,0,0,0,0,0
BP STK SMART,20150327,110353,39.69,1,0,0,0,0,0
BP STK SMART,20150327,110453,39.7,1,0,0,0,0,0
BP STK SMART,20150327,110525,39.69,1,0,0,0,0,0
BP STK SMART,20150327,110614,39.71,1,0,0,0,0,0
BP STK SMART,20150327,110628,39.71,6,0,0,0,0,0
BP STK SMART,20150327,110657,39.72,1,0,0,0,0,0
BP STK SMART,20150327,110702,39.72,2,0,0,0,0,0
BP STK SMART,20150327,110718,39.71,1,0,0,0,0,0
BP STK SMART,20150327,110723,39.71,1,0,0,0,0,0
BP STK SMART,20150327,110743,39.7,1,0,0,0,0,0
BP STK SMART,20150327,110813,39.69,1,0,0,0,0,0
BP STK SMART,20150327,110834,39.69,1,0,0,0,0,0
BP STK SMART,20150327,110909,39.69,1,0,0,0,0,0
BP STK SMART,20150327,110924,39.7,1,0,0,0,0,0
BP STK SMART,20150327,110935,39.71,1,0,0,0,0,0
BP STK SMART,20150327,110948,39.7,3,0,0,0,0,0
BP STK SMART,20150327,111001,39.69,1,0,0,0,0,0
BP STK SMART,20150327,111027,39.67,1,0,0,0,0,0
BP STK SMART,20150327,111048,39.67,1,0,0,0,0,0
BP STK SMART,20150327,111054,39.67,5,0,0,0,0,0
BP STK SMART,20150327,111119,39.68,1,0,0,0,0,0
BP STK SMART,20150327,111121,39.66,1,0,0,0,0,0
BP STK SMART,20150327,111142,39.65,1,0,0,0,0,0
BP STK SMART,20150327,111211,39.67,1,0,0,0,0,0
BP STK SMART,20150327,111239,39.66,1,0,0,0,0,0
BP STK SMART,20150327,111247,39.66,1,0,0,0,0,0
BP STK SMART,20150327,111325,39.67,1,0,0,0,0,0
BP STK SMART,20150327,111403,39.66,1,0,0,0,0,0
BP STK SMART,20150327,111443,39.67,1,0,0,0,0,0
BP STK SMART,20150327,111540,39.66,1,0,0,0,0,0
BP STK SMART,20150327,111557,39.67,2,0,0,0,0,0
BP STK SMART,20150327,111615,39.68,1,0,0,0,0,0
BP STK SMART,20150327,111625,39.66,1,0,0,0,0,0
BP STK SMART,20150327,111639,39.64,1,0,0,0,0,0
BP STK SMART,20150327,111649,39.64,1,0,0,0,0,0
BP STK SMART,20150327,111709,39.65,1,0,0,0,0,0
BP STK SMART,20150327,111738,39.67,1,0,0,0,0,0
BP STK SMART,20150327,111745,39.66,1,0,0,0,0,0
BP STK SMART,20150327,111753,39.67,1,0,0,0,0,0
BP STK SMART,20150327,111826,39.68,1,0,0,0,0,0
BP STK SMART,20150327,111843,39.69,1,0,0,0,0,0
BP STK SMART,20150327,111851,39.7,1,0,0,0,0,0
BP STK SMART,20150327,111926,39.69,1,0,0,0,0,0
BP STK SMART,20150327,111933,39.68,1,0,0,0,0,0
BP STK SMART,20150327,112039,39.69,1,0,0,0,0,0
BP STK SMART,20150327,112047,39.7,1,0,0,0,0,0
BP STK SMART,20150327,112055,39.69,2,0,0,0,0,0
BP STK SMART,20150327,112109,39.71,1,0,0,0,0,0
BP STK SMART,20150327,112128,39.71,1,0,0,0,0,0
BP STK SMART,20150327,112144,39.72,1,0,0,0,0,0
BP STK SMART,20150327,112227,39.73,1,0,0,0,0,0
BP STK SMART,20150327,112240,39.71,4,0,0,0,0,0
BP STK SMART,20150327,112241,39.71,1,0,0,0,0,0
BP STK SMART,20150327,112336,39.7,1,0,0,0,0,0
BP STK SMART,20150327,112350,39.69,1,0,0,0,0,0
BP STK SMART,20150327,112501,39.68,1,0,0,0,0,0
BP STK SMART,20150327,112528,39.69,2,0,0,0,0,0
BP STK SMART,20150327,112531,39.69,1,0,0,0,0,0
BP STK SMART,20150327,112602,39.7,1,0,0,0,0,0
BP STK SMART,20150327,112613,39.69,1,0,0,0,0,0
BP STK SMART,20150327,112640,39.7,2,0,0,0,0,0
BP STK SMART,20150327,112647,39.7,1,0,0,0,0,0
BP STK SMART,20150327,112653,39.69,1,0,0,0,0,0
BP STK SMART,20150327,112714,39.68,1,0,0,0,0,0
BP STK SMART,20150327,112746,39.69,1,0,0,0,0,0
BP STK SMART,20150327,112818,39.68,1,0,0,0,0,0
BP STK SMART,20150327,112827,39.68,1,0,0,0,0,0
BP STK SMART,20150327,112832,39.69,1,0,0,0,0,0
BP STK SMART,20150327,112844,39.7,1,0,0,0,0,0
BP STK SMART,20150327,112909,39.69,1,0,0,0,0,0
BP STK SMART,20150327,112931,39.69,6,0,0,0,0,0
BP STK SMART,20150327,112946,39.7,1,0,0,0,0,0
BP STK SMART,20150327,112957,39.7,1,0,0,0,0,0
BP STK SMART,20150327,113026,39.7,1,0,0,0,0,0
BP STK SMART,20150327,113143,39.71,1,0,0,0,0,0
BP STK SMART,20150327,113157,39.7,1,0,0,0,0,0
BP STK SMART,20150327,113250,39.72,1,0,0,0,0,0
BP STK SMART,20150327,113339,39.71,1,0,0,0,0,0
BP STK SMART,20150327,113417,39.72,1,0,0,0,0,0
BP STK SMART,20150327,113444,39.74,1,0,0,0,0,0
BP STK SMART,20150327,113457,39.73,1,0,0,0,0,0
BP STK SMART,20150327,113502,39.74,1,0,0,0,0,0
BP STK SMART,20150327,113529,39.73,1,0,0,0,0,0
BP STK SMART,20150327,113536,39.75,1,0,0,0,0,0
BP STK SMART,20150327,113549,39.73,1,0,0,0,0,0
BP STK SMART,20150327,113615,39.72,1,0,0,0,0,0
BP STK SMART,20150327,113642,39.71,1,0,0,0,0,0
BP STK SMART,20150327,113757,39.7,1,0,0,0,0,0
BP STK SMART,20150327,113811,39.71,1,0,0,0,0,0
BP STK SMART,20150327,113811,39.71,3,0,0,0,0,0
BP STK SMART,20150327,113839,39.72,1,0,0,0,0,0
BP STK SMART,20150327,113850,39.73,1,0,0,0,0,0
BP STK SMART,20150327,113859,39.72,1,0,0,0,0,0
BP STK SMART,20150327,113928,39.71,2,0,0,0,0,0
BP STK SMART,20150327,113936,39.71,1,0,0,0,0,0
BP STK SMART,20150327,114036,39.7,2,0,0,0,0,0
BP STK SMART,20150327,114050,39.69,2,0,0,0,0,0
BP STK SMART,20150327,114108,39.67,1,0,0,0,0,0
BP STK SMART,20150327,114152,39.66,1,0,0,0,0,0
BP STK SMART,20150327,114215,39.66,1,0,0,0,0,0
BP STK SMART,20150327,114234,39.65,1,0,0,0,0,0
BP STK SMART,20150327,114301,39.65,2,0,0,0,0,0
BP STK SMART,20150327,114310,39.64,1,0,0,0,0,0
BP STK SMART,20150327,114315,39.64,1,0,0,0,0,0
BP STK SMART,20150327,114339,39.64,1,0,0,0,0,0
BP STK SMART,20150327,114417,39.67,1,0,0,0,0,0
BP STK SMART,20150327,114450,39.68,1,0,0,0,0,0
BP STK SMART,20150327,114601,39.69,1,0,0,0,0,0
BP STK SMART,20150327,114640,39.7,1,0,0,0,0,0
BP STK SMART,20150327,114709,39.69,1,0,0,0,0,0
BP STK SMART,20150327,114714,39.68,1,0,0,0,0,0
BP STK SMART,20150327,114749,39.67,1,0,0,0,0,0
BP STK SMART,20150327,114924,39.69,1,0,0,0,0,0
BP STK SMART,20150327,115008,39.7,1,0,0,0,0,0
BP STK SMART,20150327,115015,39.71,1,0,0,0,0,0
BP STK SMART,20150327,115022,39.72,1,0,0,0,0,0
BP STK SMART,20150327,115049,39.72,1,0,0,0,0,0
BP STK SMART,20150327,115151,39.71,1,0,0,0,0,0
BP STK SMART,20150327,115209,39.7,1,0,0,0,0,0
BP STK SMART,20150327,115215,39.7,1,0,0,0,0,0
BP STK SMART,20150327,115228,39.71,1,0,0,0,0,0
BP STK SMART,20150327,115306,39.7,2,0,0,0,0,0
BP STK SMART,20150327,115329,39.69,1,0,0,0,0,0
BP STK SMART,20150327,115341,39.69,1,0,0,0,0,0
BP STK SMART,20150327,115406,39.67,1,0,0,0,0,0
BP STK SMART,20150327,115425,39.66,1,0,0,0,0,0
BP STK SMART,20150327,115459,39.64,1,0,0,0,0,0
BP STK SMART,20150327,115522,39.63,1,0,0,0,0,0
BP STK SMART,20150327,115531,39.62,1,0,0,0,0,0
BP STK SMART,20150327,115542,39.61,1,0,0,0,0,0
BP STK SMART,20150327,115550,39.6,1,0,0,0,0,0
BP STK SMART,20150327,115601,39.62,1,0,0,0,0,0
BP STK SMART,20150327,115619,39.63,1,0,0,0,0,0
BP STK SMART,20150327,115629,39.63,4,0,0,0,0,0
BP STK SMART,20150327,115652,39.64,2,0,0,0,0,0
BP STK SMART,20150327,115655,39.62,1,0,0,0,0,0
BP STK SMART,20150327,115710,39.63,1,0,0,0,0,0
BP STK SMART,20150327,115718,39.64,1,0,0,0,0,0
BP STK SMART,20150327,115727,39.65,1,0,0,0,0,0
BP STK SMART,20150327,115734,39.66,2,0,0,0,0,0
BP STK SMART,20150327,115744,39.66,1,0,0,0,0,0
BP STK SMART,20150327,115754,39.68,1,0,0,0,0,0
BP STK SMART,20150327,115809,39.68,1,0,0,0,0,0
BP STK SMART,20150327,115821,39.68,1,0,0,0,0,0
BP STK SMART,20150327,115828,39.66,1,0,0,0,0,0
BP STK SMART,20150327,115838,39.67,1,0,0,0,0,0
BP STK SMART,20150327,115909,39.67,1,0,0,0,0,0
BP STK SMART,20150327,115920,39.66,1,0,0,0,0,0
BP STK SMART,20150327,120044,39.65,1,0,0,0,0,0
BP STK SMART,20150327,120056,39.64,1,0,0,0,0,0
BP STK SMART,20150327,120121,39.63,1,0,0,0,0,0
BP STK SMART,20150327,120124,39.64,1,0,0,0,0,0
BP STK SMART,20150327,120141,39.63,1,0,0,0,0,0
BP STK SMART,20150327,120145,39.62,1,0,0,0,0,0
BP STK SMART,20150327,120202,39.61,1,0,0,0,0,0
BP STK SMART,20150327,120234,39.6,1,0,0,0,0,0
BP STK SMART,20150327,120253,39.61,1,0,0,0,0,0
BP STK SMART,20150327,120310,39.59,18,0,0,0,0,0
BP STK SMART,20150327,120322,39.58,1,0,0,0,0,0
BP STK SMART,20150327,120327,39.59,2,0,0,0,0,0
BP STK SMART,20150327,120403,39.6,1,0,0,0,0,0
BP STK SMART,20150327,120503,39.61,1,0,0,0,0,0
BP STK SMART,20150327,120517,39.6,1,0,0,0,0,0
BP STK SMART,20150327,120529,39.59,1,0,0,0,0,0
BP STK SMART,20150327,120603,39.6,1,0,0,0,0,0
BP STK SMART,20150327,120617,39.58,1,0,0,0,0,0
BP STK SMART,20150327,120742,39.59,1,0,0,0,0,0
BP STK SMART,20150327,120805,39.6,1,0,0,0,0,0
BP STK SMART,20150327,120832,39.61,2,0,0,0,0,0
BP STK SMART,20150327,120835,39.6,1,0,0,0,0,0
BP STK SMART,20150327,120846,39.61,1,0,0,0,0,0
BP STK SMART,20150327,120919,39.59,1,0,0,0,0,0
BP STK SMART,20150327,120958,39.62,1,0,0,0,0,0
BP STK SMART,20150327,121012,39.63,1,0,0,0,0,0
BP STK SMART,20150327,121042,39.64,1,0,0,0,0,0
BP STK SMART,20150327,121048,39.66,1,0,0,0,0,0
BP STK SMART,20150327,121125,39.65,2,0,0,0,0,0
BP STK SMART,20150327,121134,39.64,1,0,0,0,0,0
BP STK SMART,20150327,121213,39.65,1,0,0,0,0,0
BP STK SMART,20150327,121227,39.64,1,0,0,0,0,0
BP STK SMART,20150327,121237,39.63,23,0,0,0,0,0
BP STK SMART,20150327,121245,39.61,1,0,0,0,0,0
BP STK SMART,20150327,121328,39.6,1,0,0,0,0,0
BP STK SMART,20150327,121458,39.61,1,0,0,0,0,0
BP STK SMART,20150327,121507,39.6,1,0,0,0,0,0
BP STK SMART,20150327,121515,39.61,1,0,0,0,0,0
BP STK SMART,20150327,121530,39.62,1,0,0,0,0,0
BP STK SMART,20150327,121550,39.63,1,0,0,0,0,0
BP STK SMART,20150327,121614,39.64,1,0,0,0,0,0
BP STK SMART,20150327,121625,39.65,1,0,0,0,0,0
BP STK SMART,20150327,121651,39.65,2,0,0,0,0,0
BP STK SMART,20150327,121703,39.65,1,0,0,0,0,0
BP STK SMART,20150327,121734,39.63,1,0,0,0,0,0
BP STK SMART,20150327,121747,39.64,1,0,0,0,0,0
BP STK SMART,20150327,121819,39.65,1,0,0,0,0,0
BP STK SMART,20150327,121831,39.64,1,0,0,0,0,0
BP STK SMART,20150327,121836,39.64,1,0,0,0,0,0
BP STK SMART,20150327,121857,39.63,1,0,0,0,0,0
BP STK SMART,20150327,121911,39.62,1,0,0,0,0,0
BP STK SMART,20150327,121926,39.61,3,0,0,0,0,0
BP STK SMART,20150327,121934,39.61,1,0,0,0,0,0
BP STK SMART,20150327,121947,39.62,1,0,0,0,0,0
BP STK SMART,20150327,122002,39.61,1,0,0,0,0,0
BP STK SMART,20150327,122020,39.6,2,0,0,0,0,0
BP STK SMART,20150327,122029,39.6,1,0,0,0,0,0
BP STK SMART,20150327,122046,39.6,1,0,0,0,0,0
BP STK SMART,20150327,122146,39.61,2,0,0,0,0,0
BP STK SMART,20150327,122232,39.64,1,0,0,0,0,0
BP STK SMART,20150327,122240,39.63,1,0,0,0,0,0
BP STK SMART,20150327,122249,39.62,1,0,0,0,0,0
BP STK SMART,20150327,122301,39.61,1,0,0,0,0,0
BP STK SMART,20150327,122308,39.62,1,0,0,0,0,0
BP STK SMART,20150327,122411,39.63,1,0,0,0,0,0
BP STK SMART,20150327,122415,39.63,1,0,0,0,0,0
BP STK SMART,20150327,122425,39.64,1,0,0,0,0,0
BP STK SMART,20150327,122608,39.66,1,0,0,0,0,0
BP STK SMART,20150327,122623,39.67,1,0,0,0,0,0
BP STK SMART,20150327,122624,39.67,1,0,0,0,0,0
BP STK SMART,20150327,122652,39.67,2,0,0,0,0,0
BP STK SMART,20150327,122712,39.66,1,0,0,0,0,0
BP STK SMART,20150327,122802,39.66,1,0,0,0,0,0
BP STK SMART,20150327,122813,39.64,1,0,0,0,0,0
BP STK SMART,20150327,122839,39.63,1,0,0,0,0,0
BP STK SMART,20150327,122920,39.63,1,0,0,0,0,0
BP STK SMART,20150327,122942,39.64,3,0,0,0,0,0
BP STK SMART,20150327,122951,39.65,1,0,0,0,0,0
BP STK SMART,20150327,123001,39.64,1,0,0,0,0,0
BP STK SMART,20150327,123042,39.65,1,0,0,0,0,0
BP STK SMART,20150327,123107,39.67,1,0,0,0,0,0
BP STK SMART,20150327,123122,39.68,1,0,0,0,0,0
BP STK SMART,20150327,123131,39.69,1,0,0,0,0,0
BP STK SMART,20150327,123142,39.68,3,0,0,0,0,0
BP STK SMART,20150327,123200,39.68,1,0,0,0,0,0
BP STK SMART,20150327,123205,39.69,13,0,0,0,0,0
BP STK SMART,20150327,123234,39.69,1,0,0,0,0,0
BP STK SMART,20150327,123259,39.68,5,0,0,0,0,0
BP STK SMART,20150327,123331,39.68,1,0,0,0,0,0
BP STK SMART,20150327,123344,39.69,2,0,0,0,0,0
BP STK SMART,20150327,123421,39.69,1,0,0,0,0,0
BP STK SMART,20150327,123446,39.7,1,0,0,0,0,0
BP STK SMART,20150327,123504,39.7,1,0,0,0,0,0
BP STK SMART,20150327,123511,39.69,2,0,0,0,0,0
BP STK SMART,20150327,123618,39.69,3,0,0,0,0,0
BP STK SMART,20150327,123703,39.68,1,0,0,0,0,0
BP STK SMART,20150327,123810,39.69,1,0,0,0,0,0
BP STK SMART,20150327,123840,39.69,2,0,0,0,0,0
BP STK SMART,20150327,123845,39.69,1,0,0,0,0,0
BP STK SMART,20150327,123943,39.7,1,0,0,0,0,0
BP STK SMART,20150327,123953,39.71,1,0,0,0,0,0
BP STK SMART,20150327,124012,39.72,1,0,0,0,0,0
BP STK SMART,20150327,124021,39.72,1,0,0,0,0,0
BP STK SMART,20150327,124207,39.72,1,0,0,0,0,0
BP STK SMART,20150327,124359,39.73,4,0,0,0,0,0
BP STK SMART,20150327,124416,39.71,1,0,0,0,0,0
BP STK SMART,20150327,124430,39.7,2,0,0,0,0,0
BP STK SMART,20150327,124503,39.7,1,0,0,0,0,0
BP STK SMART,20150327,124748,39.69,1,0,0,0,0,0
BP STK SMART,20150327,125007,39.68,1,0,0,0,0,0
BP STK SMART,20150327,125032,39.67,1,0,0,0,0,0
BP STK SMART,20150327,125050,39.66,1,0,0,0,0,0
BP STK SMART,20150327,125102,39.66,1,0,0,0,0,0
BP STK SMART,20150327,125233,39.67,1,0,0,0,0,0
BP STK SMART,20150327,125302,39.66,1,0,0,0,0,0
BP STK SMART,20150327,125317,39.65,2,0,0,0,0,0
BP STK SMART,20150327,125327,39.65,1,0,0,0,0,0
BP STK SMART,20150327,125356,39.65,1,0,0,0,0,0
BP STK SMART,20150327,125409,39.66,1,0,0,0,0,0
BP STK SMART,20150327,125512,39.65,1,0,0,0,0,0
BP STK SMART,20150327,125539,39.68,1,0,0,0,0,0
BP STK SMART,20150327,125734,39.67,1,0,0,0,0,0
BP STK SMART,20150327,125735,39.66,1,0,0,0,0,0
BP STK SMART,20150327,125806,39.67,1,0,0,0,0,0
BP STK SMART,20150327,125918,39.68,1,0,0,0,0,0
BP STK SMART,20150327,125958,39.69,1,0,0,0,0,0
BP STK SMART,20150327,130014,39.68,1,0,0,0,0,0
BP STK SMART,20150327,130121,39.68,1,0,0,0,0,0
BP STK SMART,20150327,130134,39.66,1,0,0,0,0,0
BP STK SMART,20150327,130228,39.67,1,0,0,0,0,0
BP STK SMART,20150327,130244,39.68,1,0,0,0,0,0
BP STK SMART,20150327,130308,39.67,1,0,0,0,0,0
BP STK SMART,20150327,130318,39.66,1,0,0,0,0,0
BP STK SMART,20150327,130341,39.68,1,0,0,0,0,0
BP STK SMART,20150327,130359,39.68,1,0,0,0,0,0
BP STK SMART,20150327,130412,39.67,1,0,0,0,0,0
BP STK SMART,20150327,130427,39.66,1,0,0,0,0,0
BP STK SMART,20150327,130439,39.68,1,0,0,0,0,0
BP STK SMART,20150327,130458,39.69,1,0,0,0,0,0
BP STK SMART,20150327,130522,39.69,2,0,0,0,0,0
BP STK SMART,20150327,130544,39.68,1,0,0,0,0,0
BP STK SMART,20150327,130734,39.67,1,0,0,0,0,0
BP STK SMART,20150327,130935,39.67,1,0,0,0,0,0
BP STK SMART,20150327,130945,39.67,2,0,0,0,0,0
BP STK SMART,20150327,130950,39.66,1,0,0,0,0,0
BP STK SMART,20150327,131008,39.67,1,0,0,0,0,0
BP STK SMART,20150327,131026,39.68,1,0,0,0,0,0
BP STK SMART,20150327,131043,39.67,1,0,0,0,0,0
BP STK SMART,20150327,131103,39.69,1,0,0,0,0,0
BP STK SMART,20150327,131115,39.68,1,0,0,0,0,0
BP STK SMART,20150327,131116,39.68,1,0,0,0,0,0
BP STK SMART,20150327,131135,39.67,1,0,0,0,0,0
BP STK SMART,20150327,131204,39.68,2,0,0,0,0,0
BP STK SMART,20150327,131237,39.69,1,0,0,0,0,0
BP STK SMART,20150327,131314,39.67,1,0,0,0,0,0
BP STK SMART,20150327,131441,39.67,1,0,0,0,0,0
BP STK SMART,20150327,131455,39.67,1,0,0,0,0,0
BP STK SMART,20150327,131546,39.67,5,0,0,0,0,0
BP STK SMART,20150327,131546,39.67,1,0,0,0,0,0
BP STK SMART,20150327,131707,39.66,1,0,0,0,0,0
BP STK SMART,20150327,131734,39.65,1,0,0,0,0,0
BP STK SMART,20150327,131749,39.67,1,0,0,0,0,0
BP STK SMART,20150327,131825,39.67,7,0,0,0,0,0
BP STK SMART,20150327,132016,39.67,1,0,0,0,0,0
BP STK SMART,20150327,132056,39.66,1,0,0,0,0,0
BP STK SMART,20150327,132231,39.67,1,0,0,0,0,0
BP STK SMART,20150327,132507,39.68,1,0,0,0,0,0
BP STK SMART,20150327,132556,39.67,1,0,0,0,0,0
BP STK SMART,20150327,132557,39.66,1,0,0,0,0,0
BP STK SMART,20150327,132703,39.65,1,0,0,0,0,0
BP STK SMART,20150327,132859,39.64,1,0,0,0,0,0
BP STK SMART,20150327,132930,39.65,1,0,0,0,0,0
BP STK SMART,20150327,132953,39.64,1,0,0,0,0,0
BP STK SMART,20150327,133016,39.65,1,0,0,0,0,0
BP STK SMART,20150327,133033,39.67,1,0,0,0,0,0
BP STK SMART,20150327,133101,39.66,1,0,0,0,0,0
BP STK SMART,20150327,133126,39.67,1,0,0,0,0,0
BP STK SMART,20150327,133138,39.67,1,0,0,0,0,0
BP STK SMART,20150327,133147,39.68,1,0,0,0,0,0
BP STK SMART,20150327,133157,39.67,1,0,0,0,0,0
BP STK SMART,20150327,133311,39.66,1,0,0,0,0,0
BP STK SMART,20150327,133400,39.65,1,0,0,0,0,0
BP STK SMART,20150327,133433,39.67,1,0,0,0,0,0
BP STK SMART,20150327,133504,39.65,2,0,0,0,0,0
BP STK SMART,20150327,133508,39.64,1,0,0,0,0,0
BP STK SMART,20150327,133523,39.65,4,0,0,0,0,0
BP STK SMART,20150327,133549,39.65,1,0,0,0,0,0
BP STK SMART,20150327,133613,39.64,1,0,0,0,0,0
BP STK SMART,20150327,133706,39.65,1,0,0,0,0,0
BP STK SMART,20150327,133950,39.67,1,0,0,0,0,0
BP STK SMART,20150327,134104,39.68,1,0,0,0,0,0
BP STK SMART,20150327,134125,39.69,1,0,0,0,0,0
BP STK SMART,20150327,134153,39.67,1,0,0,0,0,0
BP STK SMART,20150327,134201,39.68,1,0,0,0,0,0
BP STK SMART,20150327,134417,39.67,1,0,0,0,0,0
BP STK SMART,20150327,134545,39.65,1,0,0,0,0,0
BP STK SMART,20150327,134549,39.64,1,0,0,0,0,0
BP STK SMART,20150327,134601,39.63,1,0,0,0,0,0
BP STK SMART,20150327,134640,39.62,1,0,0,0,0,0
BP STK SMART,20150327,134656,39.61,1,0,0,0,0,0
BP STK SMART,20150327,134658,39.6,13,0,0,0,0,0
BP STK SMART,20150327,134749,39.6,1,0,0,0,0,0
BP STK SMART,20150327,134810,39.59,1,0,0,0,0,0
BP STK SMART,20150327,134838,39.58,1,0,0,0,0,0
BP STK SMART,20150327,134902,39.59,1,0,0,0,0,0
BP STK SMART,20150327,134956,39.61,1,0,0,0,0,0
BP STK SMART,20150327,135102,39.61,1,0,0,0,0,0
BP STK SMART,20150327,135118,39.6,1,0,0,0,0,0
BP STK SMART,20150327,135142,39.59,1,0,0,0,0,0
BP STK SMART,20150327,135217,39.59,3,0,0,0,0,0
BP STK SMART,20150327,135241,39.61,1,0,0,0,0,0
BP STK SMART,20150327,135303,39.62,1,0,0,0,0,0
BP STK SMART,20150327,135412,39.6,1,0,0,0,0,0
BP STK SMART,20150327,135422,39.61,1,0,0,0,0,0
BP STK SMART,20150327,135504,39.61,2,0,0,0,0,0
BP STK SMART,20150327,135526,39.62,1,0,0,0,0,0
BP STK SMART,20150327,135530,39.61,1,0,0,0,0,0
BP STK SMART,20150327,135543,39.62,2,0,0,0,0,0
BP STK SMART,20150327,135555,39.64,1,0,0,0,0,0
BP STK SMART,20150327,135643,39.62,1,0,0,0,0,0
BP STK SMART,20150327,135705,39.61,2,0,0,0,0,0
BP STK SMART,20150327,135709,39.61,1,0,0,0,0,0
BP STK SMART,20150327,135737,39.62,1,0,0,0,0,0
BP STK SMART,20150327,135819,39.64,1,0,0,0,0,0
BP STK SMART,20150327,135926,39.63,1,0,0,0,0,0
BP STK SMART,20150327,135957,39.64,1,0,0,0,0,0
BP STK SMART,20150327,140023,39.63,1,0,0,0,0,0
BP STK SMART,20150327,140106,39.64,1,0,0,0,0,0
BP STK SMART,20150327,140129,39.65,1,0,0,0,0,0
BP STK SMART,20150327,140140,39.64,1,0,0,0,0,0
BP STK SMART,20150327,140245,39.65,1,0,0,0,0,0
BP STK SMART,20150327,140304,39.64,1,0,0,0,0,0
BP STK SMART,20150327,140327,39.65,1,0,0,0,0,0
BP STK SMART,20150327,140411,39.65,1,0,0,0,0,0
BP STK SMART,20150327,140537,39.65,2,0,0,0,0,0
BP STK SMART,20150327,140558,39.66,1,0,0,0,0,0
BP STK SMART,20150327,140622,39.66,1,0,0,0,0,0
BP STK SMART,20150327,140633,39.65,1,0,0,0,0,0
BP STK SMART,20150327,140642,39.66,1,0,0,0,0,0
BP STK SMART,20150327,140649,39.67,1,0,0,0,0,0
BP STK SMART,20150327,140723,39.68,1,0,0,0,0,0
BP STK SMART,20150327,140802,39.67,1,0,0,0,0,0
BP STK SMART,20150327,140846,39.66,1,0,0,0,0,0
BP STK SMART,20150327,140930,39.65,1,0,0,0,0,0
BP STK SMART,20150327,141000,39.66,1,0,0,0,0,0
BP STK SMART,20150327,141013,39.65,1,0,0,0,0,0
BP STK SMART,20150327,141024,39.66,1,0,0,0,0,0
BP STK SMART,20150327,141046,39.64,1,0,0,0,0,0
BP STK SMART,20150327,141052,39.63,1,0,0,0,0,0
BP STK SMART,20150327,141126,39.63,1,0,0,0,0,0
BP STK SMART,20150327,141247,39.63,2,0,0,0,0,0
BP STK SMART,20150327,141306,39.63,1,0,0,0,0,0
BP STK SMART,20150327,141342,39.64,10,0,0,0,0,0
BP STK SMART,20150327,141400,39.65,1,0,0,0,0,0
BP STK SMART,20150327,141439,39.64,1,0,0,0,0,0
BP STK SMART,20150327,141450,39.63,1,0,0,0,0,0
BP STK SMART,20150327,141513,39.61,1,0,0,0,0,0
BP STK SMART,20150327,141629,39.62,1,0,0,0,0,0
BP STK SMART,20150327,141735,39.61,1,0,0,0,0,0
BP STK SMART,20150327,141758,39.59,1,0,0,0,0,0
BP STK SMART,20150327,141806,39.58,1,0,0,0,0,0
BP STK SMART,20150327,141816,39.55,1,0,0,0,0,0
BP STK SMART,20150327,141829,39.55,1,0,0,0,0,0
BP STK SMART,20150327,141856,39.56,1,0,0,0,0,0
BP STK SMART,20150327,141933,39.54,1,0,0,0,0,0
BP STK SMART,20150327,142042,39.53,1,0,0,0,0,0
BP STK SMART,20150327,142057,39.54,1,0,0,0,0,0
BP STK SMART,20150327,142140,39.56,2,0,0,0,0,0
BP STK SMART,20150327,142159,39.56,1,0,0,0,0,0
BP STK SMART,20150327,142256,39.57,1,0,0,0,0,0
BP STK SMART,20150327,142342,39.59,1,0,0,0,0,0
BP STK SMART,20150327,142353,39.59,1,0,0,0,0,0
BP STK SMART,20150327,142408,39.6,1,0,0,0,0,0
BP STK SMART,20150327,142458,39.59,2,0,0,0,0,0
BP STK SMART,20150327,142537,39.6,1,0,0,0,0,0
BP STK SMART,20150327,142645,39.58,1,0,0,0,0,0
BP STK SMART,20150327,142726,39.57,1,0,0,0,0,0
BP STK SMART,20150327,142735,39.56,1,0,0,0,0,0
BP STK SMART,20150327,142748,39.57,1,0,0,0,0,0
BP STK SMART,20150327,142805,39.56,1,0,0,0,0,0
BP STK SMART,20150327,142815,39.54,1,0,0,0,0,0
BP STK SMART,20150327,142821,39.53,3,0,0,0,0,0
BP STK SMART,20150327,142834,39.53,1,0,0,0,0,0
BP STK SMART,20150327,142931,39.52,1,0,0,0,0,0
BP STK SMART,20150327,142948,39.54,1,0,0,0,0,0
BP STK SMART,20150327,143007,39.56,1,0,0,0,0,0
BP STK SMART,20150327,143012,39.57,1,0,0,0,0,0
BP STK SMART,20150327,143027,39.56,1,0,0,0,0,0
BP STK SMART,20150327,143037,39.56,1,0,0,0,0,0
BP STK SMART,20150327,143044,39.54,1,0,0,0,0,0
BP STK SMART,20150327,143052,39.53,1,0,0,0,0,0
BP STK SMART,20150327,143107,39.55,1,0,0,0,0,0
BP STK SMART,20150327,143131,39.56,1,0,0,0,0,0
BP STK SMART,20150327,143309,39.55,1,0,0,0,0,0
BP STK SMART,20150327,143321,39.54,1,0,0,0,0,0
BP STK SMART,20150327,143340,39.55,2,0,0,0,0,0
BP STK SMART,20150327,143403,39.54,1,0,0,0,0,0
BP STK SMART,20150327,143418,39.55,1,0,0,0,0,0
BP STK SMART,20150327,143524,39.56,1,0,0,0,0,0
BP STK SMART,20150327,143600,39.55,1,0,0,0,0,0
BP STK SMART,20150327,143706,39.55,1,0,0,0,0,0
BP STK SMART,20150327,143726,39.55,1,0,0,0,0,0
BP STK SMART,20150327,143755,39.52,1,0,0,0,0,0
BP STK SMART,20150327,143810,39.52,1,0,0,0,0,0
BP STK SMART,20150327,143846,39.53,1,0,0,0,0,0
BP STK SMART,20150327,144028,39.54,1,0,0,0,0,0
BP STK SMART,20150327,144046,39.53,2,0,0,0,0,0
BP STK SMART,20150327,144139,39.54,1,0,0,0,0,0
BP STK SMART,20150327,144147,39.53,1,0,0,0,0,0
BP STK SMART,20150327,144209,39.55,1,0,0,0,0,0
BP STK SMART,20150327,144235,39.54,1,0,0,0,0,0
BP STK SMART,20150327,144334,39.53,1,0,0,0,0,0
BP STK SMART,20150327,144406,39.54,1,0,0,0,0,0
BP STK SMART,20150327,144528,39.53,1,0,0,0,0,0
BP STK SMART,20150327,144638,39.54,1,0,0,0,0,0
BP STK SMART,20150327,144726,39.53,1,0,0,0,0,0
BP STK SMART,20150327,144755,39.54,1,0,0,0,0,0
BP STK SMART,20150327,144809,39.53,1,0,0,0,0,0
BP STK SMART,20150327,144814,39.52,1,0,0,0,0,0
BP STK SMART,20150327,144825,39.52,1,0,0,0,0,0
BP STK SMART,20150327,144905,39.53,1,0,0,0,0,0
BP STK SMART,20150327,144938,39.53,1,0,0,0,0,0
BP STK SMART,20150327,145027,39.54,1,0,0,0,0,0
BP STK SMART,20150327,145108,39.52,1,0,0,0,0,0
BP STK SMART,20150327,145139,39.53,1,0,0,0,0,0
BP STK SMART,20150327,145146,39.54,1,0,0,0,0,0
BP STK SMART,20150327,145200,39.54,1,0,0,0,0,0
BP STK SMART,20150327,145213,39.53,1,0,0,0,0,0
BP STK SMART,20150327,145307,39.52,1,0,0,0,0,0
BP STK SMART,20150327,145318,39.53,1,0,0,0,0,0
BP STK SMART,20150327,145350,39.54,1,0,0,0,0,0
BP STK SMART,20150327,145441,39.56,1,0,0,0,0,0
BP STK SMART,20150327,145446,39.56,2,0,0,0,0,0
BP STK SMART,20150327,145454,39.55,2,0,0,0,0,0
BP STK SMART,20150327,145535,39.55,1,0,0,0,0,0
BP STK SMART,20150327,145623,39.56,1,0,0,0,0,0
BP STK SMART,20150327,145633,39.55,1,0,0,0,0,0
BP STK SMART,20150327,145656,39.54,1,0,0,0,0,0
BP STK SMART,20150327,145711,39.53,2,0,0,0,0,0
BP STK SMART,20150327,145711,39.53,4,0,0,0,0,0
BP STK SMART,20150327,145754,39.53,1,0,0,0,0,0
BP STK SMART,20150327,145805,39.53,3,0,0,0,0,0
BP STK SMART,20150327,145816,39.54,2,0,0,0,0,0
BP STK SMART,20150327,145919,39.55,1,0,0,0,0,0
BP STK SMART,20150327,145944,39.56,3,0,0,0,0,0
BP STK SMART,20150327,145959,39.58,1,0,0,0,0,0
BP STK SMART,20150327,150009,39.57,1,0,0,0,0,0
BP STK SMART,20150327,150032,39.58,1,0,0,0,0,0
BP STK SMART,20150327,150045,39.57,10,0,0,0,0,0
BP STK SMART,20150327,150107,39.57,1,0,0,0,0,0
BP STK SMART,20150327,150120,39.57,1,0,0,0,0,0
BP STK SMART,20150327,150125,39.56,1,0,0,0,0,0
BP STK SMART,20150327,150136,39.57,1,0,0,0,0,0
BP STK SMART,20150327,150146,39.58,1,0,0,0,0,0
BP STK SMART,20150327,150257,39.59,1,0,0,0,0,0
BP STK SMART,20150327,150317,39.58,1,0,0,0,0,0
BP STK SMART,20150327,150331,39.59,2,0,0,0,0,0
BP STK SMART,20150327,150331,39.6,1,0,0,0,0,0
BP STK SMART,20150327,150346,39.59,1,0,0,0,0,0
BP STK SMART,20150327,150406,39.59,2,0,0,0,0,0
BP STK SMART,20150327,150443,39.58,1,0,0,0,0,0
BP STK SMART,20150327,150457,39.58,1,0,0,0,0,0
BP STK SMART,20150327,150725,39.57,1,0,0,0,0,0
BP STK SMART,20150327,150738,39.57,2,0,0,0,0,0
BP STK SMART,20150327,150756,39.57,2,0,0,0,0,0
BP STK SMART,20150327,150807,39.57,1,0,0,0,0,0
BP STK SMART,20150327,150928,39.56,1,0,0,0,0,0
BP STK SMART,20150327,150940,39.57,3,0,0,0,0,0
BP STK SMART,20150327,150948,39.58,1,0,0,0,0,0
BP STK SMART,20150327,151008,39.58,1,0,0,0,0,0
BP STK SMART,20150327,151117,39.58,1,0,0,0,0,0
BP STK SMART,20150327,151130,39.58,1,0,0,0,0,0
BP STK SMART,20150327,151203,39.58,2,0,0,0,0,0
BP STK SMART,20150327,151212,39.58,1,0,0,0,0,0
BP STK SMART,20150327,151328,39.58,1,0,0,0,0,0
BP STK SMART,20150327,151346,39.58,1,0,0,0,0,0
BP STK SMART,20150327,151420,39.57,1,0,0,0,0,0
BP STK SMART,20150327,151430,39.57,7,0,0,0,0,0
BP STK SMART,20150327,151441,39.56,1,0,0,0,0,0
BP STK SMART,20150327,151443,39.55,1,0,0,0,0,0
BP STK SMART,20150327,151551,39.55,1,0,0,0,0,0
BP STK SMART,20150327,151604,39.54,1,0,0,0,0,0
BP STK SMART,20150327,151620,39.56,1,0,0,0,0,0
BP STK SMART,20150327,151638,39.56,3,0,0,0,0,0
BP STK SMART,20150327,151703,39.56,2,0,0,0,0,0
BP STK SMART,20150327,151718,39.56,1,0,0,0,0,0
BP STK SMART,20150327,151838,39.56,3,0,0,0,0,0
BP STK SMART,20150327,151914,39.56,1,0,0,0,0,0
BP STK SMART,20150327,152114,39.57,1,0,0,0,0,0
BP STK SMART,20150327,152131,39.58,1,0,0,0,0,0
BP STK SMART,20150327,152139,39.58,2,0,0,0,0,0
BP STK SMART,20150327,152202,39.58,1,0,0,0,0,0
BP STK SMART,20150327,152225,39.57,1,0,0,0,0,0
BP STK SMART,20150327,152321,39.55,1,0,0,0,0,0
BP STK SMART,20150327,152330,39.55,1,0,0,0,0,0
BP STK SMART,20150327,152341,39.54,1,0,0,0,0,0
BP STK SMART,20150327,152359,39.55,1,0,0,0,0,0
BP STK SMART,20150327,152407,39.54,1,0,0,0,0,0
BP STK SMART,20150327,152706,39.55,1,0,0,0,0,0
BP STK SMART,20150327,152716,39.56,2,0,0,0,0,0
BP STK SMART,20150327,152750,39.56,1,0,0,0,0,0
BP STK SMART,20150327,152813,39.55,1,0,0,0,0,0
BP STK SMART,20150327,152837,39.56,1,0,0,0,0,0
BP STK SMART,20150327,153004,39.55,1,0,0,0,0,0
BP STK SMART,20150327,153042,39.56,1,0,0,0,0,0
BP STK SMART,20150327,153043,39.56,1,0,0,0,0,0
BP STK SMART,20150327,153100,39.56,1,0,0,0,0,0
BP STK SMART,20150327,153141,39.55,1,0,0,0,0,0
BP STK SMART,20150327,153150,39.54,2,0,0,0,0,0
BP STK SMART,20150327,153226,39.54,1,0,0,0,0,0
BP STK SMART,20150327,153236,39.55,1,0,0,0,0,0
BP STK SMART,20150327,153249,39.54,2,0,0,0,0,0
BP STK SMART,20150327,153301,39.55,1,0,0,0,0,0
BP STK SMART,20150327,153305,39.56,1,0,0,0,0,0
BP STK SMART,20150327,153424,39.56,3,0,0,0,0,0
BP STK SMART,20150327,153445,39.55,1,0,0,0,0,0
BP STK SMART,20150327,153529,39.55,1,0,0,0,0,0
BP STK SMART,20150327,153536,39.55,2,0,0,0,0,0
BP STK SMART,20150327,153551,39.55,1,0,0,0,0,0
BP STK SMART,20150327,153602,39.54,2,0,0,0,0,0
BP STK SMART,20150327,153604,39.54,1,0,0,0,0,0
BP STK SMART,20150327,153630,39.54,1,0,0,0,0,0
BP STK SMART,20150327,153717,39.55,5,0,0,0,0,0
BP STK SMART,20150327,153723,39.55,1,0,0,0,0,0
BP STK SMART,20150327,153740,39.56,1,0,0,0,0,0
BP STK SMART,20150327,153813,39.58,2,0,0,0,0,0
BP STK SMART,20150327,153817,39.58,1,0,0,0,0,0
BP STK SMART,20150327,153846,39.57,1,0,0,0,0,0
BP STK SMART,20150327,153913,39.57,1,0,0,0,0,0
BP STK SMART,20150327,153913,39.57,1,0,0,0,0,0
BP STK SMART,20150327,153938,39.56,1,0,0,0,0,0
BP STK SMART,20150327,153950,39.57,1,0,0,0,0,0
BP STK SMART,20150327,153959,39.56,1,0,0,0,0,0
BP STK SMART,20150327,154011,39.56,1,0,0,0,0,0
BP STK SMART,20150327,154100,39.56,1,0,0,0,0,0
BP STK SMART,20150327,154114,39.57,1,0,0,0,0,0
BP STK SMART,20150327,154141,39.56,1,0,0,0,0,0
BP STK SMART,20150327,154213,39.57,1,0,0,0,0,0
BP STK SMART,20150327,154217,39.58,1,0,0,0,0,0
BP STK SMART,20150327,154235,39.58,1,0,0,0,0,0
BP STK SMART,20150327,154253,39.58,1,0,0,0,0,0
BP STK SMART,20150327,154318,39.57,1,0,0,0,0,0
BP STK SMART,20150327,154354,39.56,1,0,0,0,0,0
BP STK SMART,20150327,154453,39.55,2,0,0,0,0,0
BP STK SMART,20150327,154503,39.54,2,0,0,0,0,0
BP STK SMART,20150327,154513,39.58,1,0,0,0,0,0
BP STK SMART,20150327,154523,39.58,1,0,0,0,0,0
BP STK SMART,20150327,154528,39.57,1,0,0,0,0,0
BP STK SMART,20150327,154542,39.56,1,0,0,0,0,0
BP STK SMART,20150327,154603,39.56,1,0,0,0,0,0
BP STK SMART,20150327,154631,39.58,1,0,0,0,0,0
BP STK SMART,20150327,154640,39.59,1,0,0,0,0,0
BP STK SMART,20150327,154701,39.58,1,0,0,0,0,0
BP STK SMART,20150327,154851,39.57,1,0,0,0,0,0
BP STK SMART,20150327,154858,39.58,2,0,0,0,0,0
BP STK SMART,20150327,154912,39.58,1,0,0,0,0,0
BP STK SMART,20150327,154921,39.58,1,0,0,0,0,0
BP STK SMART,20150327,154929,39.58,1,0,0,0,0,0
BP STK SMART,20150327,154949,39.58,1,0,0,0,0,0
BP STK SMART,20150327,155003,39.58,2,0,0,0,0,0
BP STK SMART,20150327,155007,39.57,1,0,0,0,0,0
BP STK SMART,20150327,155028,39.58,1,0,0,0,0,0
BP STK SMART,20150327,155047,39.58,1,0,0,0,0,0
BP STK SMART,20150327,155101,39.58,1,0,0,0,0,0
BP STK SMART,20150327,155111,39.57,1,0,0,0,0,0
BP STK SMART,20150327,155120,39.57,1,0,0,0,0,0
BP STK SMART,20150327,155210,39.57,1,0,0,0,0,0
BP STK SMART,20150327,155233,39.58,1,0,0,0,0,0
BP STK SMART,20150327,155242,39.59,1,0,0,0,0,0
BP STK SMART,20150327,155302,39.58,1,0,0,0,0,0
BP STK SMART,20150327,155313,39.58,2,0,0,0,0,0
BP STK SMART,20150327,155322,39.58,1,0,0,0,0,0
BP STK SMART,20150327,155331,39.59,2,0,0,0,0,0
BP STK SMART,20150327,155347,39.58,1,0,0,0,0,0
BP STK SMART,20150327,155423,39.59,1,0,0,0,0,0
BP STK SMART,20150327,155453,39.59,3,0,0,0,0,0
BP STK SMART,20150327,155458,39.59,1,0,0,0,0,0
BP STK SMART,20150327,155505,39.58,1,0,0,0,0,0
BP STK SMART,20150327,155520,39.58,1,0,0,0,0,0
BP STK SMART,20150327,155534,39.6,1,0,0,0,0,0
BP STK SMART,20150327,155539,39.61,1,0,0,0,0,0
BP STK SMART,20150327,155554,39.62,3,0,0,0,0,0
BP STK SMART,20150327,155600,39.61,1,0,0,0,0,0
BP STK SMART,20150327,155608,39.62,1,0,0,0,0,0
BP STK SMART,20150327,155624,39.61,1,0,0,0,0,0
BP STK SMART,20150327,155648,39.62,1,0,0,0,0,0
BP STK SMART,20150327,155703,39.62,1,0,0,0,0,0
BP STK SMART,20150327,155711,39.62,1,0,0,0,0,0
BP STK SMART,20150327,155717,39.61,1,0,0,0,0,0
BP STK SMART,20150327,155732,39.62,1,0,0,0,0,0
BP STK SMART,20150327,155737,39.61,1,0,0,0,0,0
BP STK SMART,20150327,155748,39.6,1,0,0,0,0,0
BP STK SMART,20150327,155824,39.6,1,0,0,0,0,0
BP STK SMART,20150327,155848,39.6,1,0,0,0,0,0
BP STK SMART,20150327,155927,39.6,1,0,0,0,0,0
BP STK SMART,20150327,155944,39.61,3,0,0,0,0,0
BP STK SMART,20150327,155953,39.61,2,0,0,0,0,0
BP STK SMART,20150327,155957,39.61,1,0,0,0,0,0
BP STK SMART,20150327,162931,39.6,2,0,0,0,0,0
BP STK SMART,20150327,170333,39.63,1,0,0,0,0,0
