91                  
ESU5 FUT GLOBEX 50,20150327,72124,2037.75,2,0,0,0,0,0
ESU5 FUT GLOBEX 50,20150327,72800,2039.75,1,0,0,0,0,0
ESU5 FUT GLOBEX 50,20150327,75258,2041,1,0,0,0,0,0
ESU5 FUT GLOBEX 50,20150327,81536,2039.5,1,0,0,0,0,0
ESU5 FUT GLOBEX 50,20150327,81902,2040.75,1,0,0,0,0,0
ESU5 FUT GLOBEX 50,20150327,83117,2039.25,1,0,0,0,0,0
ESU5 FUT GLOBEX 50,20150327,83136,2039.5,1,0,0,0,0,0
ESU5 FUT GLOBEX 50,20150327,83346,2039.75,1,0,0,0,0,0
ESU5 FUT GLOBEX 50,20150327,83503,2039.25,1,0,0,0,0,0
ESU5 FUT GLOBEX 50,20150327,83826,2038.25,1,0,0,0,0,0
ESU5 FUT GLOBEX 50,20150327,84111,2037.5,1,0,0,0,0,0
ESU5 FUT GLOBEX 50,20150327,84555,2037.75,1,0,0,0,0,0
ESU5 FUT GLOBEX 50,20150327,84903,2039,1,0,0,0,0,0
ESU5 FUT GLOBEX 50,20150327,84910,2039.25,1,0,0,0,0,0
ESU5 FUT GLOBEX 50,20150327,90227,2037.5,1,0,0,0,0,0
ESU5 FUT GLOBEX 50,20150327,90503,2038.25,29,0,0,0,0,0
ESU5 FUT GLOBEX 50,20150327,90511,2038,1,0,0,0,0,0
ESU5 FUT GLOBEX 50,20150327,90648,2037.5,1,0,0,0,0,0
ESU5 FUT GLOBEX 50,20150327,90925,2038.5,2,0,0,0,0,0
ESU5 FUT GLOBEX 50,20150327,91057,2037,2,0,0,0,0,0
ESU5 FUT GLOBEX 50,20150327,93240,2041.5,2,0,0,0,0,0
ESU5 FUT GLOBEX 50,20150327,93241,2041.5,31,0,0,0,0,0
ESU5 FUT GLOBEX 50,20150327,93422,2043.75,1,0,0,0,0,0
ESU5 FUT GLOBEX 50,20150327,93443,2043.25,5,0,0,0,0,0
ESU5 FUT GLOBEX 50,20150327,93752,2043,1,0,0,0,0,0
ESU5 FUT GLOBEX 50,20150327,94140,2041.25,1,0,0,0,0,0
ESU5 FUT GLOBEX 50,20150327,94952,2044,1,0,0,0,0,0
ESU5 FUT GLOBEX 50,20150327,95512,2042.75,1,0,0,0,0,0
ESU5 FUT GLOBEX 50,20150327,95733,2042.5,1,0,0,0,0,0
ESU5 FUT GLOBEX 50,20150327,95809,2043.5,1,0,0,0,0,0
ESU5 FUT GLOBEX 50,20150327,100242,2044,1,0,0,0,0,0
ESU5 FUT GLOBEX 50,20150327,100414,2045.5,1,0,0,0,0,0
ESU5 FUT GLOBEX 50,20150327,100453,2046,1,0,0,0,0,0
ESU5 FUT GLOBEX 50,20150327,100621,2044.75,1,0,0,0,0,0
ESU5 FUT GLOBEX 50,20150327,101204,2041.5,1,0,0,0,0,0
ESU5 FUT GLOBEX 50,20150327,101611,2038.75,1,0,0,0,0,0
ESU5 FUT GLOBEX 50,20150327,101613,2038.5,1,0,0,0,0,0
ESU5 FUT GLOBEX 50,20150327,101643,2038.5,6,0,0,0,0,0
ESU5 FUT GLOBEX 50,20150327,101702,2038.75,6,0,0,0,0,0
ESU5 FUT GLOBEX 50,20150327,101723,2037.25,1,0,0,0,0,0
ESU5 FUT GLOBEX 50,20150327,101802,2037.75,1,0,0,0,0,0
ESU5 FUT GLOBEX 50,20150327,101858,2038.25,1,0,0,0,0,0
ESU5 FUT GLOBEX 50,20150327,102245,2040.75,1,0,0,0,0,0
ESU5 FUT GLOBEX 50,20150327,102330,2041.5,2,0,0,0,0,0
ESU5 FUT GLOBEX 50,20150327,103314,2039.75,1,0,0,0,0,0
ESU5 FUT GLOBEX 50,20150327,104003,2043.5,1,0,0,0,0,0
ESU5 FUT GLOBEX 50,20150327,104007,2043.75,2,0,0,0,0,0
ESU5 FUT GLOBEX 50,20150327,104606,2043.25,1,0,0,0,0,0
ESU5 FUT GLOBEX 50,20150327,105044,2044.25,1,0,0,0,0,0
ESU5 FUT GLOBEX 50,20150327,105905,2046.25,1,0,0,0,0,0
ESU5 FUT GLOBEX 50,20150327,112737,2044,1,0,0,0,0,0
ESU5 FUT GLOBEX 50,20150327,115822,2041.75,1,0,0,0,0,0
ESU5 FUT GLOBEX 50,20150327,122117,2041.5,1,0,0,0,0,0
ESU5 FUT GLOBEX 50,20150327,122619,2042.75,1,0,0,0,0,0
ESU5 FUT GLOBEX 50,20150327,122838,2040.75,1,0,0,0,0,0
ESU5 FUT GLOBEX 50,20150327,130344,2043.75,1,0,0,0,0,0
ESU5 FUT GLOBEX 50,20150327,130654,2042.25,1,0,0,0,0,0
ESU5 FUT GLOBEX 50,20150327,131603,2042.75,1,0,0,0,0,0
ESU5 FUT GLOBEX 50,20150327,132657,2043,1,0,0,0,0,0
ESU5 FUT GLOBEX 50,20150327,133151,2043,2,0,0,0,0,0
ESU5 FUT GLOBEX 50,20150327,133612,2043,1,0,0,0,0,0
ESU5 FUT GLOBEX 50,20150327,134722,2041,1,0,0,0,0,0
ESU5 FUT GLOBEX 50,20150327,135520,2043.25,1,0,0,0,0,0
ESU5 FUT GLOBEX 50,20150327,135638,2043.5,1,0,0,0,0,0
ESU5 FUT GLOBEX 50,20150327,140011,2043.25,1,0,0,0,0,0
ESU5 FUT GLOBEX 50,20150327,140359,2044.25,1,0,0,0,0,0
ESU5 FUT GLOBEX 50,20150327,141807,2042,1,0,0,0,0,0
ESU5 FUT GLOBEX 50,20150327,144947,2042.5,1,0,0,0,0,0
ESU5 FUT GLOBEX 50,20150327,145445,2042.75,1,0,0,0,0,0
ESU5 FUT GLOBEX 50,20150327,150419,2043.75,1,0,0,0,0,0
ESU5 FUT GLOBEX 50,20150327,150511,2044.25,1,0,0,0,0,0
ESU5 FUT GLOBEX 50,20150327,150644,2044.5,1,0,0,0,0,0
ESU5 FUT GLOBEX 50,20150327,151200,2042.75,1,0,0,0,0,0
ESU5 FUT GLOBEX 50,20150327,151615,2041.75,1,0,0,0,0,0
ESU5 FUT GLOBEX 50,20150327,152304,2043,1,0,0,0,0,0
ESU5 FUT GLOBEX 50,20150327,153355,2044.25,2,0,0,0,0,0
ESU5 FUT GLOBEX 50,20150327,153743,2044.25,1,0,0,0,0,0
ESU5 FUT GLOBEX 50,20150327,154129,2047.25,1,0,0,0,0,0
ESU5 FUT GLOBEX 50,20150327,154956,2044.5,1,0,0,0,0,0
ESU5 FUT GLOBEX 50,20150327,155610,2046.5,1,0,0,0,0,0
ESU5 FUT GLOBEX 50,20150327,155759,2045.5,1,0,0,0,0,0
ESU5 FUT GLOBEX 50,20150327,155812,2045.5,2,0,0,0,0,0
ESU5 FUT GLOBEX 50,20150327,155949,2044.75,1,0,0,0,0,0
ESU5 FUT GLOBEX 50,20150327,160906,2044.5,1,0,0,0,0,0
ESU5 FUT GLOBEX 50,20150327,161032,2044.25,1,0,0,0,0,0
ESU5 FUT GLOBEX 50,20150327,161357,2044.75,5,0,0,0,0,0
ESU5 FUT GLOBEX 50,20150327,162957,2045.25,1,0,0,0,0,0
ESU5 FUT GLOBEX 50,20150327,164603,2044,5,0,0,0,0,0
ESU5 FUT GLOBEX 50,20150327,170035,2044.5,1,0,0,0,0,0
ESU5 FUT GLOBEX 50,20150327,171300,2044.25,1,0,0,0,0,0
ESU5 FUT GLOBEX 50,20150327,171455,2044.5,2,0,0,0,0,0
