1236                
GLD STK SMART,20150327,80433,115.45,1,0,0,0,0,0
GLD STK SMART,20150327,80452,115.44,1,0,0,0,0,0
GLD STK SMART,20150327,80928,115.29,1,0,0,0,0,0
GLD STK SMART,20150327,81224,115.2,1,0,0,0,0,0
GLD STK SMART,20150327,82839,115.35,1,0,0,0,0,0
GLD STK SMART,20150327,83338,115.3,1,0,0,0,0,0
GLD STK SMART,20150327,84615,115.39,1,0,0,0,0,0
GLD STK SMART,20150327,84801,115.24,1,0,0,0,0,0
GLD STK SMART,20150327,90822,115.27,5,0,0,0,0,0
GLD STK SMART,20150327,90930,115.25,3,0,0,0,0,0
GLD STK SMART,20150327,92422,115.16,1,0,0,0,0,0
GLD STK SMART,20150327,92633,115.08,3,0,0,0,0,0
GLD STK SMART,20150327,92821,115.15,2,0,0,0,0,0
GLD STK SMART,20150327,93007,115.12,1,0,0,0,0,0
GLD STK SMART,20150327,93012,115.13,1,0,0,0,0,0
GLD STK SMART,20150327,93031,115.13,1,0,0,0,0,0
GLD STK SMART,20150327,93040,115.11,1,0,0,0,0,0
GLD STK SMART,20150327,93057,115.13,1,0,0,0,0,0
GLD STK SMART,20150327,93059,115.13,1,0,0,0,0,0
GLD STK SMART,20150327,93117,115.12,1,0,0,0,0,0
GLD STK SMART,20150327,93125,115.16,1,0,0,0,0,0
GLD STK SMART,20150327,93133,115.16,1,0,0,0,0,0
GLD STK SMART,20150327,93147,115.16,1,0,0,0,0,0
GLD STK SMART,20150327,93202,115.15,1,0,0,0,0,0
GLD STK SMART,20150327,93220,115.14,1,0,0,0,0,0
GLD STK SMART,20150327,93237,115.11,9,0,0,0,0,0
GLD STK SMART,20150327,93241,115.12,3,0,0,0,0,0
GLD STK SMART,20150327,93257,115.1,10,0,0,0,0,0
GLD STK SMART,20150327,93305,115.09,1,0,0,0,0,0
GLD STK SMART,20150327,93322,115.06,1,0,0,0,0,0
GLD STK SMART,20150327,93330,115.07,1,0,0,0,0,0
GLD STK SMART,20150327,93346,115.03,1,0,0,0,0,0
GLD STK SMART,20150327,93350,115.03,1,0,0,0,0,0
GLD STK SMART,20150327,93417,115.02,1,0,0,0,0,0
GLD STK SMART,20150327,93427,115.02,6,0,0,0,0,0
GLD STK SMART,20150327,93432,115,1,0,0,0,0,0
GLD STK SMART,20150327,93448,115.02,4,0,0,0,0,0
GLD STK SMART,20150327,93458,115,1,0,0,0,0,0
GLD STK SMART,20150327,93506,114.95,1,0,0,0,0,0
GLD STK SMART,20150327,93513,114.95,2,0,0,0,0,0
GLD STK SMART,20150327,93525,114.92,2,0,0,0,0,0
GLD STK SMART,20150327,93537,114.92,1,0,0,0,0,0
GLD STK SMART,20150327,93548,114.93,1,0,0,0,0,0
GLD STK SMART,20150327,93557,114.95,1,0,0,0,0,0
GLD STK SMART,20150327,93606,114.96,1,0,0,0,0,0
GLD STK SMART,20150327,93616,114.93,1,0,0,0,0,0
GLD STK SMART,20150327,93627,114.91,1,0,0,0,0,0
GLD STK SMART,20150327,93635,114.93,1,0,0,0,0,0
GLD STK SMART,20150327,93654,114.91,2,0,0,0,0,0
GLD STK SMART,20150327,93705,114.93,1,0,0,0,0,0
GLD STK SMART,20150327,93716,114.95,1,0,0,0,0,0
GLD STK SMART,20150327,93726,114.95,1,0,0,0,0,0
GLD STK SMART,20150327,93738,114.98,4,0,0,0,0,0
GLD STK SMART,20150327,93741,114.97,1,0,0,0,0,0
GLD STK SMART,20150327,93754,114.96,1,0,0,0,0,0
GLD STK SMART,20150327,93802,114.96,4,0,0,0,0,0
GLD STK SMART,20150327,93816,114.98,1,0,0,0,0,0
GLD STK SMART,20150327,93821,114.99,2,0,0,0,0,0
GLD STK SMART,20150327,93838,115.01,1,0,0,0,0,0
GLD STK SMART,20150327,93847,115.03,2,0,0,0,0,0
GLD STK SMART,20150327,93853,115.02,1,0,0,0,0,0
GLD STK SMART,20150327,93901,115.01,1,0,0,0,0,0
GLD STK SMART,20150327,93913,115.01,4,0,0,0,0,0
GLD STK SMART,20150327,93924,115.02,1,0,0,0,0,0
GLD STK SMART,20150327,93935,115.07,1,0,0,0,0,0
GLD STK SMART,20150327,93947,115.1,1,0,0,0,0,0
GLD STK SMART,20150327,93956,115.09,2,0,0,0,0,0
GLD STK SMART,20150327,94008,115,2,0,0,0,0,0
GLD STK SMART,20150327,94016,114.99,1,0,0,0,0,0
GLD STK SMART,20150327,94027,114.91,4,0,0,0,0,0
GLD STK SMART,20150327,94038,114.89,4,0,0,0,0,0
GLD STK SMART,20150327,94047,114.87,1,0,0,0,0,0
GLD STK SMART,20150327,94049,114.87,2,0,0,0,0,0
GLD STK SMART,20150327,94106,114.81,2,0,0,0,0,0
GLD STK SMART,20150327,94118,114.81,4,0,0,0,0,0
GLD STK SMART,20150327,94118,114.81,1,0,0,0,0,0
GLD STK SMART,20150327,94135,114.87,1,0,0,0,0,0
GLD STK SMART,20150327,94148,114.88,1,0,0,0,0,0
GLD STK SMART,20150327,94154,114.86,1,0,0,0,0,0
GLD STK SMART,20150327,94159,114.84,1,0,0,0,0,0
GLD STK SMART,20150327,94216,114.85,1,0,0,0,0,0
GLD STK SMART,20150327,94225,114.86,2,0,0,0,0,0
GLD STK SMART,20150327,94237,114.82,2,0,0,0,0,0
GLD STK SMART,20150327,94241,114.84,1,0,0,0,0,0
GLD STK SMART,20150327,94258,114.88,1,0,0,0,0,0
GLD STK SMART,20150327,94303,114.89,1,0,0,0,0,0
GLD STK SMART,20150327,94311,114.88,1,0,0,0,0,0
GLD STK SMART,20150327,94326,114.82,2,0,0,0,0,0
GLD STK SMART,20150327,94337,114.86,1,0,0,0,0,0
GLD STK SMART,20150327,94346,114.82,2,0,0,0,0,0
GLD STK SMART,20150327,94351,114.82,1,0,0,0,0,0
GLD STK SMART,20150327,94408,114.78,2,0,0,0,0,0
GLD STK SMART,20150327,94417,114.79,1,0,0,0,0,0
GLD STK SMART,20150327,94425,114.83,1,0,0,0,0,0
GLD STK SMART,20150327,94436,114.78,1,0,0,0,0,0
GLD STK SMART,20150327,94458,114.76,1,0,0,0,0,0
GLD STK SMART,20150327,94506,114.78,1,0,0,0,0,0
GLD STK SMART,20150327,94516,114.79,1,0,0,0,0,0
GLD STK SMART,20150327,94523,114.78,1,0,0,0,0,0
GLD STK SMART,20150327,94530,114.77,3,0,0,0,0,0
GLD STK SMART,20150327,94548,114.6,1,0,0,0,0,0
GLD STK SMART,20150327,94558,114.57,1,0,0,0,0,0
GLD STK SMART,20150327,94608,114.54,1,0,0,0,0,0
GLD STK SMART,20150327,94618,114.58,1,0,0,0,0,0
GLD STK SMART,20150327,94628,114.61,1,0,0,0,0,0
GLD STK SMART,20150327,94638,114.64,1,0,0,0,0,0
GLD STK SMART,20150327,94646,114.58,1,0,0,0,0,0
GLD STK SMART,20150327,94658,114.61,1,0,0,0,0,0
GLD STK SMART,20150327,94703,114.59,2,0,0,0,0,0
GLD STK SMART,20150327,94715,114.61,2,0,0,0,0,0
GLD STK SMART,20150327,94728,114.64,4,0,0,0,0,0
GLD STK SMART,20150327,94736,114.64,2,0,0,0,0,0
GLD STK SMART,20150327,94742,114.63,2,0,0,0,0,0
GLD STK SMART,20150327,94756,114.64,3,0,0,0,0,0
GLD STK SMART,20150327,94806,114.61,1,0,0,0,0,0
GLD STK SMART,20150327,94810,114.63,1,0,0,0,0,0
GLD STK SMART,20150327,94821,114.61,2,0,0,0,0,0
GLD STK SMART,20150327,94837,114.55,1,0,0,0,0,0
GLD STK SMART,20150327,94848,114.55,1,0,0,0,0,0
GLD STK SMART,20150327,94858,114.57,4,0,0,0,0,0
GLD STK SMART,20150327,94908,114.62,4,0,0,0,0,0
GLD STK SMART,20150327,94909,114.61,3,0,0,0,0,0
GLD STK SMART,20150327,94919,114.57,4,0,0,0,0,0
GLD STK SMART,20150327,94936,114.55,1,0,0,0,0,0
GLD STK SMART,20150327,94947,114.54,1,0,0,0,0,0
GLD STK SMART,20150327,94958,114.54,1,0,0,0,0,0
GLD STK SMART,20150327,95008,114.47,1,0,0,0,0,0
GLD STK SMART,20150327,95016,114.47,1,0,0,0,0,0
GLD STK SMART,20150327,95028,114.51,1,0,0,0,0,0
GLD STK SMART,20150327,95036,114.5,1,0,0,0,0,0
GLD STK SMART,20150327,95048,114.58,3,0,0,0,0,0
GLD STK SMART,20150327,95057,114.59,1,0,0,0,0,0
GLD STK SMART,20150327,95108,114.59,1,0,0,0,0,0
GLD STK SMART,20150327,95118,114.63,3,0,0,0,0,0
GLD STK SMART,20150327,95128,114.66,1,0,0,0,0,0
GLD STK SMART,20150327,95134,114.67,1,0,0,0,0,0
GLD STK SMART,20150327,95147,114.69,2,0,0,0,0,0
GLD STK SMART,20150327,95157,114.75,1,0,0,0,0,0
GLD STK SMART,20150327,95206,114.72,1,0,0,0,0,0
GLD STK SMART,20150327,95218,114.78,1,0,0,0,0,0
GLD STK SMART,20150327,95225,114.76,1,0,0,0,0,0
GLD STK SMART,20150327,95236,114.76,2,0,0,0,0,0
GLD STK SMART,20150327,95248,114.75,4,0,0,0,0,0
GLD STK SMART,20150327,95249,114.75,4,0,0,0,0,0
GLD STK SMART,20150327,95302,114.76,1,0,0,0,0,0
GLD STK SMART,20150327,95318,114.77,1,0,0,0,0,0
GLD STK SMART,20150327,95324,114.79,1,0,0,0,0,0
GLD STK SMART,20150327,95331,114.79,3,0,0,0,0,0
GLD STK SMART,20150327,95348,114.76,1,0,0,0,0,0
GLD STK SMART,20150327,95349,114.76,1,0,0,0,0,0
GLD STK SMART,20150327,95405,114.73,1,0,0,0,0,0
GLD STK SMART,20150327,95416,114.72,2,0,0,0,0,0
GLD STK SMART,20150327,95447,114.74,2,0,0,0,0,0
GLD STK SMART,20150327,95451,114.75,2,0,0,0,0,0
GLD STK SMART,20150327,95508,114.76,1,0,0,0,0,0
GLD STK SMART,20150327,95517,114.79,1,0,0,0,0,0
GLD STK SMART,20150327,95527,114.82,1,0,0,0,0,0
GLD STK SMART,20150327,95545,114.81,1,0,0,0,0,0
GLD STK SMART,20150327,95601,114.8,1,0,0,0,0,0
GLD STK SMART,20150327,95625,114.8,6,0,0,0,0,0
GLD STK SMART,20150327,95637,114.78,2,0,0,0,0,0
GLD STK SMART,20150327,95645,114.77,10,0,0,0,0,0
GLD STK SMART,20150327,95655,114.75,1,0,0,0,0,0
GLD STK SMART,20150327,95718,114.76,1,0,0,0,0,0
GLD STK SMART,20150327,95738,114.75,1,0,0,0,0,0
GLD STK SMART,20150327,95747,114.77,1,0,0,0,0,0
GLD STK SMART,20150327,95759,114.77,2,0,0,0,0,0
GLD STK SMART,20150327,95817,114.77,1,0,0,0,0,0
GLD STK SMART,20150327,95839,114.76,2,0,0,0,0,0
GLD STK SMART,20150327,95847,114.76,1,0,0,0,0,0
GLD STK SMART,20150327,95912,114.75,1,0,0,0,0,0
GLD STK SMART,20150327,95943,114.76,1,0,0,0,0,0
GLD STK SMART,20150327,100008,114.75,1,0,0,0,0,0
GLD STK SMART,20150327,100029,114.7,1,0,0,0,0,0
GLD STK SMART,20150327,100038,114.72,2,0,0,0,0,0
GLD STK SMART,20150327,100049,114.75,2,0,0,0,0,0
GLD STK SMART,20150327,100051,114.75,1,0,0,0,0,0
GLD STK SMART,20150327,100100,114.73,1,0,0,0,0,0
GLD STK SMART,20150327,100119,114.71,10,0,0,0,0,0
GLD STK SMART,20150327,100120,114.7,2,0,0,0,0,0
GLD STK SMART,20150327,100143,114.67,1,0,0,0,0,0
GLD STK SMART,20150327,100157,114.69,1,0,0,0,0,0
GLD STK SMART,20150327,100215,114.68,2,0,0,0,0,0
GLD STK SMART,20150327,100223,114.68,1,0,0,0,0,0
GLD STK SMART,20150327,100234,114.67,1,0,0,0,0,0
GLD STK SMART,20150327,100246,114.69,1,0,0,0,0,0
GLD STK SMART,20150327,100257,114.69,4,0,0,0,0,0
GLD STK SMART,20150327,100304,114.68,1,0,0,0,0,0
GLD STK SMART,20150327,100346,114.73,10,0,0,0,0,0
GLD STK SMART,20150327,100359,114.76,1,0,0,0,0,0
GLD STK SMART,20150327,100402,114.77,1,0,0,0,0,0
GLD STK SMART,20150327,100412,114.72,4,0,0,0,0,0
GLD STK SMART,20150327,100435,114.74,2,0,0,0,0,0
GLD STK SMART,20150327,100449,114.75,1,0,0,0,0,0
GLD STK SMART,20150327,100456,114.73,1,0,0,0,0,0
GLD STK SMART,20150327,100507,114.71,1,0,0,0,0,0
GLD STK SMART,20150327,100514,114.73,2,0,0,0,0,0
GLD STK SMART,20150327,100547,114.74,1,0,0,0,0,0
GLD STK SMART,20150327,100557,114.75,1,0,0,0,0,0
GLD STK SMART,20150327,100605,114.73,1,0,0,0,0,0
GLD STK SMART,20150327,100626,114.75,1,0,0,0,0,0
GLD STK SMART,20150327,100646,114.73,1,0,0,0,0,0
GLD STK SMART,20150327,100656,114.75,1,0,0,0,0,0
GLD STK SMART,20150327,100702,114.76,1,0,0,0,0,0
GLD STK SMART,20150327,100717,114.78,4,0,0,0,0,0
GLD STK SMART,20150327,100737,114.83,2,0,0,0,0,0
GLD STK SMART,20150327,100749,114.8,1,0,0,0,0,0
GLD STK SMART,20150327,100753,114.79,1,0,0,0,0,0
GLD STK SMART,20150327,100808,114.78,1,0,0,0,0,0
GLD STK SMART,20150327,100815,114.8,2,0,0,0,0,0
GLD STK SMART,20150327,100828,114.81,1,0,0,0,0,0
GLD STK SMART,20150327,100836,114.82,1,0,0,0,0,0
GLD STK SMART,20150327,100854,114.81,3,0,0,0,0,0
GLD STK SMART,20150327,100900,114.82,1,0,0,0,0,0
GLD STK SMART,20150327,100919,114.97,1,0,0,0,0,0
GLD STK SMART,20150327,100928,115.01,2,0,0,0,0,0
GLD STK SMART,20150327,100937,114.98,1,0,0,0,0,0
GLD STK SMART,20150327,100946,114.95,1,0,0,0,0,0
GLD STK SMART,20150327,100957,114.96,2,0,0,0,0,0
GLD STK SMART,20150327,101001,114.97,2,0,0,0,0,0
GLD STK SMART,20150327,101017,115,1,0,0,0,0,0
GLD STK SMART,20150327,101029,115,1,0,0,0,0,0
GLD STK SMART,20150327,101037,115.09,1,0,0,0,0,0
GLD STK SMART,20150327,101048,115.09,1,0,0,0,0,0
GLD STK SMART,20150327,101058,115.1,1,0,0,0,0,0
GLD STK SMART,20150327,101107,115.1,1,0,0,0,0,0
GLD STK SMART,20150327,101116,115.15,2,0,0,0,0,0
GLD STK SMART,20150327,101129,115.15,1,0,0,0,0,0
GLD STK SMART,20150327,101147,115.16,1,0,0,0,0,0
GLD STK SMART,20150327,101157,115.13,1,0,0,0,0,0
GLD STK SMART,20150327,101209,115.13,1,0,0,0,0,0
GLD STK SMART,20150327,101225,115.13,1,0,0,0,0,0
GLD STK SMART,20150327,101233,115.11,1,0,0,0,0,0
GLD STK SMART,20150327,101249,115.09,1,0,0,0,0,0
GLD STK SMART,20150327,101255,115.13,2,0,0,0,0,0
GLD STK SMART,20150327,101307,115.1,1,0,0,0,0,0
GLD STK SMART,20150327,101319,115.11,2,0,0,0,0,0
GLD STK SMART,20150327,101326,115.16,1,0,0,0,0,0
GLD STK SMART,20150327,101339,115.14,1,0,0,0,0,0
GLD STK SMART,20150327,101350,115.14,1,0,0,0,0,0
GLD STK SMART,20150327,101357,115.13,4,0,0,0,0,0
GLD STK SMART,20150327,101405,115.14,2,0,0,0,0,0
GLD STK SMART,20150327,101412,115.15,3,0,0,0,0,0
GLD STK SMART,20150327,101428,115.1,4,0,0,0,0,0
GLD STK SMART,20150327,101436,115.09,2,0,0,0,0,0
GLD STK SMART,20150327,101443,115.08,1,0,0,0,0,0
GLD STK SMART,20150327,101516,115.09,1,0,0,0,0,0
GLD STK SMART,20150327,101544,115.09,2,0,0,0,0,0
GLD STK SMART,20150327,101605,115.11,2,0,0,0,0,0
GLD STK SMART,20150327,101619,115.14,2,0,0,0,0,0
GLD STK SMART,20150327,101629,115.15,2,0,0,0,0,0
GLD STK SMART,20150327,101659,115.23,2,0,0,0,0,0
GLD STK SMART,20150327,101709,115.23,2,0,0,0,0,0
GLD STK SMART,20150327,101717,115.25,1,0,0,0,0,0
GLD STK SMART,20150327,101729,115.24,4,0,0,0,0,0
GLD STK SMART,20150327,101735,115.25,1,0,0,0,0,0
GLD STK SMART,20150327,101748,115.27,1,0,0,0,0,0
GLD STK SMART,20150327,101758,115.25,1,0,0,0,0,0
GLD STK SMART,20150327,101806,115.28,1,0,0,0,0,0
GLD STK SMART,20150327,101817,115.27,1,0,0,0,0,0
GLD STK SMART,20150327,101827,115.3,1,0,0,0,0,0
GLD STK SMART,20150327,101838,115.28,2,0,0,0,0,0
GLD STK SMART,20150327,101843,115.27,1,0,0,0,0,0
GLD STK SMART,20150327,101859,115.26,2,0,0,0,0,0
GLD STK SMART,20150327,101900,115.25,1,0,0,0,0,0
GLD STK SMART,20150327,101915,115.27,1,0,0,0,0,0
GLD STK SMART,20150327,101926,115.24,1,0,0,0,0,0
GLD STK SMART,20150327,101949,115.21,1,0,0,0,0,0
GLD STK SMART,20150327,101959,115.21,1,0,0,0,0,0
GLD STK SMART,20150327,102009,115.2,2,0,0,0,0,0
GLD STK SMART,20150327,102029,115.2,1,0,0,0,0,0
GLD STK SMART,20150327,102045,115.19,1,0,0,0,0,0
GLD STK SMART,20150327,102118,115.2,2,0,0,0,0,0
GLD STK SMART,20150327,102123,115.19,1,0,0,0,0,0
GLD STK SMART,20150327,102132,115.2,1,0,0,0,0,0
GLD STK SMART,20150327,102205,115.22,1,0,0,0,0,0
GLD STK SMART,20150327,102229,115.26,3,0,0,0,0,0
GLD STK SMART,20150327,102248,115.21,1,0,0,0,0,0
GLD STK SMART,20150327,102259,115.21,1,0,0,0,0,0
GLD STK SMART,20150327,102301,115.22,1,0,0,0,0,0
GLD STK SMART,20150327,102325,115.2,1,0,0,0,0,0
GLD STK SMART,20150327,102335,115.18,3,0,0,0,0,0
GLD STK SMART,20150327,102346,115.17,1,0,0,0,0,0
GLD STK SMART,20150327,102354,115.18,4,0,0,0,0,0
GLD STK SMART,20150327,102408,115.18,1,0,0,0,0,0
GLD STK SMART,20150327,102412,115.17,1,0,0,0,0,0
GLD STK SMART,20150327,102429,115.2,2,0,0,0,0,0
GLD STK SMART,20150327,102439,115.19,1,0,0,0,0,0
GLD STK SMART,20150327,102444,115.21,1,0,0,0,0,0
GLD STK SMART,20150327,102511,115.24,1,0,0,0,0,0
GLD STK SMART,20150327,102538,115.22,1,0,0,0,0,0
GLD STK SMART,20150327,102557,115.24,3,0,0,0,0,0
GLD STK SMART,20150327,102601,115.25,1,0,0,0,0,0
GLD STK SMART,20150327,102635,115.27,1,0,0,0,0,0
GLD STK SMART,20150327,102647,115.26,1,0,0,0,0,0
GLD STK SMART,20150327,102657,115.28,1,0,0,0,0,0
GLD STK SMART,20150327,102709,115.26,2,0,0,0,0,0
GLD STK SMART,20150327,102715,115.24,1,0,0,0,0,0
GLD STK SMART,20150327,102726,115.24,1,0,0,0,0,0
GLD STK SMART,20150327,102753,115.26,1,0,0,0,0,0
GLD STK SMART,20150327,102810,115.22,1,0,0,0,0,0
GLD STK SMART,20150327,102820,115.26,1,0,0,0,0,0
GLD STK SMART,20150327,102848,115.25,1,0,0,0,0,0
GLD STK SMART,20150327,102855,115.22,2,0,0,0,0,0
GLD STK SMART,20150327,102901,115.23,1,0,0,0,0,0
GLD STK SMART,20150327,102928,115.21,1,0,0,0,0,0
GLD STK SMART,20150327,102935,115.21,2,0,0,0,0,0
GLD STK SMART,20150327,102949,115.22,2,0,0,0,0,0
GLD STK SMART,20150327,102955,115.19,2,0,0,0,0,0
GLD STK SMART,20150327,103010,115.19,1,0,0,0,0,0
GLD STK SMART,20150327,103014,115.19,2,0,0,0,0,0
GLD STK SMART,20150327,103027,115.23,1,0,0,0,0,0
GLD STK SMART,20150327,103048,115.25,1,0,0,0,0,0
GLD STK SMART,20150327,103054,115.26,3,0,0,0,0,0
GLD STK SMART,20150327,103103,115.23,1,0,0,0,0,0
GLD STK SMART,20150327,103131,115.27,1,0,0,0,0,0
GLD STK SMART,20150327,103147,115.3,1,0,0,0,0,0
GLD STK SMART,20150327,103200,115.35,4,0,0,0,0,0
GLD STK SMART,20150327,103210,115.34,1,0,0,0,0,0
GLD STK SMART,20150327,103215,115.33,3,0,0,0,0,0
GLD STK SMART,20150327,103229,115.31,1,0,0,0,0,0
GLD STK SMART,20150327,103239,115.32,1,0,0,0,0,0
GLD STK SMART,20150327,103300,115.28,2,0,0,0,0,0
GLD STK SMART,20150327,103304,115.31,1,0,0,0,0,0
GLD STK SMART,20150327,103313,115.31,2,0,0,0,0,0
GLD STK SMART,20150327,103325,115.28,1,0,0,0,0,0
GLD STK SMART,20150327,103341,115.29,2,0,0,0,0,0
GLD STK SMART,20150327,103350,115.27,2,0,0,0,0,0
GLD STK SMART,20150327,103408,115.28,1,0,0,0,0,0
GLD STK SMART,20150327,103412,115.29,1,0,0,0,0,0
GLD STK SMART,20150327,103440,115.26,2,0,0,0,0,0
GLD STK SMART,20150327,103448,115.25,1,0,0,0,0,0
GLD STK SMART,20150327,103458,115.23,1,0,0,0,0,0
GLD STK SMART,20150327,103515,115.23,1,0,0,0,0,0
GLD STK SMART,20150327,103546,115.21,1,0,0,0,0,0
GLD STK SMART,20150327,103639,115.19,1,0,0,0,0,0
GLD STK SMART,20150327,103649,115.2,1,0,0,0,0,0
GLD STK SMART,20150327,103656,115.24,3,0,0,0,0,0
GLD STK SMART,20150327,103705,115.21,1,0,0,0,0,0
GLD STK SMART,20150327,103714,115.2,1,0,0,0,0,0
GLD STK SMART,20150327,103756,115.17,1,0,0,0,0,0
GLD STK SMART,20150327,103804,115.16,1,0,0,0,0,0
GLD STK SMART,20150327,103819,115.16,1,0,0,0,0,0
GLD STK SMART,20150327,103841,115.17,1,0,0,0,0,0
GLD STK SMART,20150327,103859,115.19,1,0,0,0,0,0
GLD STK SMART,20150327,103903,115.18,1,0,0,0,0,0
GLD STK SMART,20150327,103920,115.17,1,0,0,0,0,0
GLD STK SMART,20150327,103930,115.11,1,0,0,0,0,0
GLD STK SMART,20150327,103939,115.1,3,0,0,0,0,0
GLD STK SMART,20150327,103949,115.09,1,0,0,0,0,0
GLD STK SMART,20150327,104008,115.05,2,0,0,0,0,0
GLD STK SMART,20150327,104027,115.07,1,0,0,0,0,0
GLD STK SMART,20150327,104039,115.08,1,0,0,0,0,0
GLD STK SMART,20150327,104049,115.08,2,0,0,0,0,0
GLD STK SMART,20150327,104101,115.09,1,0,0,0,0,0
GLD STK SMART,20150327,104109,115.11,1,0,0,0,0,0
GLD STK SMART,20150327,104132,115.12,3,0,0,0,0,0
GLD STK SMART,20150327,104149,115.12,1,0,0,0,0,0
GLD STK SMART,20150327,104201,115.13,2,0,0,0,0,0
GLD STK SMART,20150327,104217,115.13,1,0,0,0,0,0
GLD STK SMART,20150327,104225,115.14,1,0,0,0,0,0
GLD STK SMART,20150327,104247,115.14,7,0,0,0,0,0
GLD STK SMART,20150327,104256,115.14,1,0,0,0,0,0
GLD STK SMART,20150327,104318,115.15,2,0,0,0,0,0
GLD STK SMART,20150327,104330,115.13,1,0,0,0,0,0
GLD STK SMART,20150327,104333,115.14,1,0,0,0,0,0
GLD STK SMART,20150327,104350,115.13,2,0,0,0,0,0
GLD STK SMART,20150327,104401,115.13,1,0,0,0,0,0
GLD STK SMART,20150327,104426,115.13,2,0,0,0,0,0
GLD STK SMART,20150327,104437,115.1,1,0,0,0,0,0
GLD STK SMART,20150327,104504,115.14,1,0,0,0,0,0
GLD STK SMART,20150327,104511,115.13,3,0,0,0,0,0
GLD STK SMART,20150327,104524,115.16,1,0,0,0,0,0
GLD STK SMART,20150327,104543,115.15,2,0,0,0,0,0
GLD STK SMART,20150327,104603,115.13,1,0,0,0,0,0
GLD STK SMART,20150327,104618,115.14,2,0,0,0,0,0
GLD STK SMART,20150327,104731,115.2,2,0,0,0,0,0
GLD STK SMART,20150327,104733,115.19,1,0,0,0,0,0
GLD STK SMART,20150327,104800,115.2,1,0,0,0,0,0
GLD STK SMART,20150327,104805,115.21,2,0,0,0,0,0
GLD STK SMART,20150327,104821,115.21,1,0,0,0,0,0
GLD STK SMART,20150327,104840,115.24,2,0,0,0,0,0
GLD STK SMART,20150327,104909,115.26,1,0,0,0,0,0
GLD STK SMART,20150327,104930,115.24,1,0,0,0,0,0
GLD STK SMART,20150327,104935,115.22,2,0,0,0,0,0
GLD STK SMART,20150327,105009,115.19,1,0,0,0,0,0
GLD STK SMART,20150327,105019,115.23,1,0,0,0,0,0
GLD STK SMART,20150327,105026,115.22,2,0,0,0,0,0
GLD STK SMART,20150327,105049,115.21,4,0,0,0,0,0
GLD STK SMART,20150327,105052,115.22,1,0,0,0,0,0
GLD STK SMART,20150327,105111,115.18,2,0,0,0,0,0
GLD STK SMART,20150327,105120,115.15,1,0,0,0,0,0
GLD STK SMART,20150327,105126,115.14,2,0,0,0,0,0
GLD STK SMART,20150327,105141,115.14,1,0,0,0,0,0
GLD STK SMART,20150327,105147,115.13,2,0,0,0,0,0
GLD STK SMART,20150327,105220,115.12,3,0,0,0,0,0
GLD STK SMART,20150327,105226,115.13,1,0,0,0,0,0
GLD STK SMART,20150327,105234,115.12,1,0,0,0,0,0
GLD STK SMART,20150327,105245,115.12,1,0,0,0,0,0
GLD STK SMART,20150327,105300,115.11,3,0,0,0,0,0
GLD STK SMART,20150327,105327,115.08,2,0,0,0,0,0
GLD STK SMART,20150327,105349,115.09,1,0,0,0,0,0
GLD STK SMART,20150327,105401,115.11,2,0,0,0,0,0
GLD STK SMART,20150327,105402,115.11,1,0,0,0,0,0
GLD STK SMART,20150327,105447,115.1,1,0,0,0,0,0
GLD STK SMART,20150327,105511,115.07,1,0,0,0,0,0
GLD STK SMART,20150327,105620,115.08,1,0,0,0,0,0
GLD STK SMART,20150327,105628,115.05,1,0,0,0,0,0
GLD STK SMART,20150327,105639,115.06,1,0,0,0,0,0
GLD STK SMART,20150327,105645,115.04,1,0,0,0,0,0
GLD STK SMART,20150327,105655,115.05,2,0,0,0,0,0
GLD STK SMART,20150327,105712,115.06,10,0,0,0,0,0
GLD STK SMART,20150327,105712,115.06,1,0,0,0,0,0
GLD STK SMART,20150327,105726,115.05,1,0,0,0,0,0
GLD STK SMART,20150327,105733,115.05,1,0,0,0,0,0
GLD STK SMART,20150327,105748,115.06,1,0,0,0,0,0
GLD STK SMART,20150327,105826,115.05,5,0,0,0,0,0
GLD STK SMART,20150327,105849,115.06,1,0,0,0,0,0
GLD STK SMART,20150327,105900,115.07,2,0,0,0,0,0
GLD STK SMART,20150327,105914,115.08,2,0,0,0,0,0
GLD STK SMART,20150327,105932,115.03,2,0,0,0,0,0
GLD STK SMART,20150327,105937,115.03,1,0,0,0,0,0
GLD STK SMART,20150327,110000,115.03,1,0,0,0,0,0
GLD STK SMART,20150327,110015,115.03,2,0,0,0,0,0
GLD STK SMART,20150327,110037,115.04,1,0,0,0,0,0
GLD STK SMART,20150327,110054,115.03,1,0,0,0,0,0
GLD STK SMART,20150327,110109,114.98,1,0,0,0,0,0
GLD STK SMART,20150327,110121,114.9,1,0,0,0,0,0
GLD STK SMART,20150327,110130,114.88,1,0,0,0,0,0
GLD STK SMART,20150327,110140,114.87,1,0,0,0,0,0
GLD STK SMART,20150327,110151,114.91,2,0,0,0,0,0
GLD STK SMART,20150327,110212,114.91,1,0,0,0,0,0
GLD STK SMART,20150327,110221,114.85,1,0,0,0,0,0
GLD STK SMART,20150327,110225,114.85,2,0,0,0,0,0
GLD STK SMART,20150327,110240,114.86,1,0,0,0,0,0
GLD STK SMART,20150327,110256,114.88,2,0,0,0,0,0
GLD STK SMART,20150327,110304,114.86,2,0,0,0,0,0
GLD STK SMART,20150327,110318,114.86,2,0,0,0,0,0
GLD STK SMART,20150327,110332,114.88,1,0,0,0,0,0
GLD STK SMART,20150327,110343,114.85,1,0,0,0,0,0
GLD STK SMART,20150327,110436,114.83,2,0,0,0,0,0
GLD STK SMART,20150327,110449,114.85,2,0,0,0,0,0
GLD STK SMART,20150327,110529,114.8,2,0,0,0,0,0
GLD STK SMART,20150327,110542,114.81,1,0,0,0,0,0
GLD STK SMART,20150327,110547,114.82,1,0,0,0,0,0
GLD STK SMART,20150327,110557,114.82,2,0,0,0,0,0
GLD STK SMART,20150327,110612,114.87,2,0,0,0,0,0
GLD STK SMART,20150327,110616,114.88,1,0,0,0,0,0
GLD STK SMART,20150327,110626,114.89,1,0,0,0,0,0
GLD STK SMART,20150327,110643,114.87,1,0,0,0,0,0
GLD STK SMART,20150327,110701,114.88,1,0,0,0,0,0
GLD STK SMART,20150327,110709,114.84,1,0,0,0,0,0
GLD STK SMART,20150327,110714,114.84,1,0,0,0,0,0
GLD STK SMART,20150327,110727,114.88,1,0,0,0,0,0
GLD STK SMART,20150327,110742,114.87,1,0,0,0,0,0
GLD STK SMART,20150327,110742,114.86,2,0,0,0,0,0
GLD STK SMART,20150327,110813,114.88,1,0,0,0,0,0
GLD STK SMART,20150327,110850,114.9,1,0,0,0,0,0
GLD STK SMART,20150327,110901,114.91,1,0,0,0,0,0
GLD STK SMART,20150327,110910,114.89,3,0,0,0,0,0
GLD STK SMART,20150327,110921,114.91,4,0,0,0,0,0
GLD STK SMART,20150327,110932,114.92,1,0,0,0,0,0
GLD STK SMART,20150327,110933,114.92,2,0,0,0,0,0
GLD STK SMART,20150327,110948,114.93,2,0,0,0,0,0
GLD STK SMART,20150327,111010,114.95,1,0,0,0,0,0
GLD STK SMART,20150327,111019,114.97,10,0,0,0,0,0
GLD STK SMART,20150327,111026,114.99,2,0,0,0,0,0
GLD STK SMART,20150327,111038,114.96,2,0,0,0,0,0
GLD STK SMART,20150327,111052,114.96,1,0,0,0,0,0
GLD STK SMART,20150327,111056,114.96,2,0,0,0,0,0
GLD STK SMART,20150327,111116,114.95,1,0,0,0,0,0
GLD STK SMART,20150327,111125,114.97,1,0,0,0,0,0
GLD STK SMART,20150327,111202,114.98,1,0,0,0,0,0
GLD STK SMART,20150327,111204,114.99,2,0,0,0,0,0
GLD STK SMART,20150327,111217,114.99,1,0,0,0,0,0
GLD STK SMART,20150327,111230,114.96,1,0,0,0,0,0
GLD STK SMART,20150327,111240,114.95,1,0,0,0,0,0
GLD STK SMART,20150327,111249,114.96,4,0,0,0,0,0
GLD STK SMART,20150327,111255,114.96,1,0,0,0,0,0
GLD STK SMART,20150327,111316,114.97,2,0,0,0,0,0
GLD STK SMART,20150327,111336,114.98,2,0,0,0,0,0
GLD STK SMART,20150327,111350,114.98,3,0,0,0,0,0
GLD STK SMART,20150327,111407,114.98,1,0,0,0,0,0
GLD STK SMART,20150327,111419,114.97,1,0,0,0,0,0
GLD STK SMART,20150327,111443,114.97,2,0,0,0,0,0
GLD STK SMART,20150327,111459,114.97,1,0,0,0,0,0
GLD STK SMART,20150327,111521,114.97,1,0,0,0,0,0
GLD STK SMART,20150327,111531,114.97,1,0,0,0,0,0
GLD STK SMART,20150327,111609,114.97,2,0,0,0,0,0
GLD STK SMART,20150327,111620,114.97,2,0,0,0,0,0
GLD STK SMART,20150327,111624,114.97,1,0,0,0,0,0
GLD STK SMART,20150327,111642,114.96,1,0,0,0,0,0
GLD STK SMART,20150327,111656,114.92,1,0,0,0,0,0
GLD STK SMART,20150327,111713,114.96,2,0,0,0,0,0
GLD STK SMART,20150327,111730,114.96,2,0,0,0,0,0
GLD STK SMART,20150327,111802,114.97,1,0,0,0,0,0
GLD STK SMART,20150327,111911,114.98,1,0,0,0,0,0
GLD STK SMART,20150327,111951,114.97,1,0,0,0,0,0
GLD STK SMART,20150327,111959,114.97,1,0,0,0,0,0
GLD STK SMART,20150327,112020,114.97,1,0,0,0,0,0
GLD STK SMART,20150327,112105,114.98,2,0,0,0,0,0
GLD STK SMART,20150327,112114,114.97,1,0,0,0,0,0
GLD STK SMART,20150327,112139,114.99,1,0,0,0,0,0
GLD STK SMART,20150327,112149,115,7,0,0,0,0,0
GLD STK SMART,20150327,112155,114.98,4,0,0,0,0,0
GLD STK SMART,20150327,112211,114.94,1,0,0,0,0,0
GLD STK SMART,20150327,112226,114.96,1,0,0,0,0,0
GLD STK SMART,20150327,112253,114.95,2,0,0,0,0,0
GLD STK SMART,20150327,112303,114.94,1,0,0,0,0,0
GLD STK SMART,20150327,112310,114.95,1,0,0,0,0,0
GLD STK SMART,20150327,112414,114.96,1,0,0,0,0,0
GLD STK SMART,20150327,112432,114.93,1,0,0,0,0,0
GLD STK SMART,20150327,112445,114.91,2,0,0,0,0,0
GLD STK SMART,20150327,112500,114.89,1,0,0,0,0,0
GLD STK SMART,20150327,112552,114.94,2,0,0,0,0,0
GLD STK SMART,20150327,112603,114.95,1,0,0,0,0,0
GLD STK SMART,20150327,112612,114.95,1,0,0,0,0,0
GLD STK SMART,20150327,112622,114.96,2,0,0,0,0,0
GLD STK SMART,20150327,112648,114.98,1,0,0,0,0,0
GLD STK SMART,20150327,112700,114.99,2,0,0,0,0,0
GLD STK SMART,20150327,112948,114.99,1,0,0,0,0,0
GLD STK SMART,20150327,113006,114.96,2,0,0,0,0,0
GLD STK SMART,20150327,113038,114.97,1,0,0,0,0,0
GLD STK SMART,20150327,113121,114.99,4,0,0,0,0,0
GLD STK SMART,20150327,113144,114.98,4,0,0,0,0,0
GLD STK SMART,20150327,113211,114.98,1,0,0,0,0,0
GLD STK SMART,20150327,113216,115,2,0,0,0,0,0
GLD STK SMART,20150327,113243,114.99,2,0,0,0,0,0
GLD STK SMART,20150327,113250,114.99,2,0,0,0,0,0
GLD STK SMART,20150327,113310,114.98,1,0,0,0,0,0
GLD STK SMART,20150327,113331,114.98,2,0,0,0,0,0
GLD STK SMART,20150327,113335,114.97,1,0,0,0,0,0
GLD STK SMART,20150327,113347,114.96,1,0,0,0,0,0
GLD STK SMART,20150327,113401,115,2,0,0,0,0,0
GLD STK SMART,20150327,113416,114.98,1,0,0,0,0,0
GLD STK SMART,20150327,113441,114.99,1,0,0,0,0,0
GLD STK SMART,20150327,113500,115,1,0,0,0,0,0
GLD STK SMART,20150327,113517,114.99,1,0,0,0,0,0
GLD STK SMART,20150327,113525,114.98,1,0,0,0,0,0
GLD STK SMART,20150327,113553,115,1,0,0,0,0,0
GLD STK SMART,20150327,113555,115,2,0,0,0,0,0
GLD STK SMART,20150327,113609,115,1,0,0,0,0,0
GLD STK SMART,20150327,113625,114.99,2,0,0,0,0,0
GLD STK SMART,20150327,113642,115,1,0,0,0,0,0
GLD STK SMART,20150327,113646,115,2,0,0,0,0,0
GLD STK SMART,20150327,113658,115,1,0,0,0,0,0
GLD STK SMART,20150327,113711,114.99,2,0,0,0,0,0
GLD STK SMART,20150327,113720,115,1,0,0,0,0,0
GLD STK SMART,20150327,113741,115,1,0,0,0,0,0
GLD STK SMART,20150327,113753,115,1,0,0,0,0,0
GLD STK SMART,20150327,113839,115.01,1,0,0,0,0,0
GLD STK SMART,20150327,113853,115.07,2,0,0,0,0,0
GLD STK SMART,20150327,113901,115.09,1,0,0,0,0,0
GLD STK SMART,20150327,113924,115.13,2,0,0,0,0,0
GLD STK SMART,20150327,113934,115.08,2,0,0,0,0,0
GLD STK SMART,20150327,113934,115.08,1,0,0,0,0,0
GLD STK SMART,20150327,113954,115.09,1,0,0,0,0,0
GLD STK SMART,20150327,114023,115.11,1,0,0,0,0,0
GLD STK SMART,20150327,114031,115.1,2,0,0,0,0,0
GLD STK SMART,20150327,114048,115.1,1,0,0,0,0,0
GLD STK SMART,20150327,114110,115.11,1,0,0,0,0,0
GLD STK SMART,20150327,114124,115.1,2,0,0,0,0,0
GLD STK SMART,20150327,114140,115.08,1,0,0,0,0,0
GLD STK SMART,20150327,114153,115.04,1,0,0,0,0,0
GLD STK SMART,20150327,114201,115.06,1,0,0,0,0,0
GLD STK SMART,20150327,114215,115.07,4,0,0,0,0,0
GLD STK SMART,20150327,114234,115.05,1,0,0,0,0,0
GLD STK SMART,20150327,114235,115.05,1,0,0,0,0,0
GLD STK SMART,20150327,114253,115.02,1,0,0,0,0,0
GLD STK SMART,20150327,114300,115.01,3,0,0,0,0,0
GLD STK SMART,20150327,114334,115.01,1,0,0,0,0,0
GLD STK SMART,20150327,114414,115.06,3,0,0,0,0,0
GLD STK SMART,20150327,114416,115.06,1,0,0,0,0,0
GLD STK SMART,20150327,114433,115.05,2,0,0,0,0,0
GLD STK SMART,20150327,114449,115.04,1,0,0,0,0,0
GLD STK SMART,20150327,114500,115.06,1,0,0,0,0,0
GLD STK SMART,20150327,114514,115.06,1,0,0,0,0,0
GLD STK SMART,20150327,114519,115.07,1,0,0,0,0,0
GLD STK SMART,20150327,114552,115.08,1,0,0,0,0,0
GLD STK SMART,20150327,114624,115.09,1,0,0,0,0,0
GLD STK SMART,20150327,114630,115.1,1,0,0,0,0,0
GLD STK SMART,20150327,114648,115.07,1,0,0,0,0,0
GLD STK SMART,20150327,114714,115.07,1,0,0,0,0,0
GLD STK SMART,20150327,114720,115.07,2,0,0,0,0,0
GLD STK SMART,20150327,114727,115.07,1,0,0,0,0,0
GLD STK SMART,20150327,114742,115.09,2,0,0,0,0,0
GLD STK SMART,20150327,114745,115.1,1,0,0,0,0,0
GLD STK SMART,20150327,114801,115.09,1,0,0,0,0,0
GLD STK SMART,20150327,114809,115.09,1,0,0,0,0,0
GLD STK SMART,20150327,114828,115.1,1,0,0,0,0,0
GLD STK SMART,20150327,114836,115.08,2,0,0,0,0,0
GLD STK SMART,20150327,114903,115.08,3,0,0,0,0,0
GLD STK SMART,20150327,114912,115.12,1,0,0,0,0,0
GLD STK SMART,20150327,114924,115.11,1,0,0,0,0,0
GLD STK SMART,20150327,114931,115.11,1,0,0,0,0,0
GLD STK SMART,20150327,114950,115.11,2,0,0,0,0,0
GLD STK SMART,20150327,115017,115.09,1,0,0,0,0,0
GLD STK SMART,20150327,115033,115.1,1,0,0,0,0,0
GLD STK SMART,20150327,115132,115.07,2,0,0,0,0,0
GLD STK SMART,20150327,115141,115.08,1,0,0,0,0,0
GLD STK SMART,20150327,115158,115.08,4,0,0,0,0,0
GLD STK SMART,20150327,115212,115.08,1,0,0,0,0,0
GLD STK SMART,20150327,115217,115.09,1,0,0,0,0,0
GLD STK SMART,20150327,115230,115.09,2,0,0,0,0,0
GLD STK SMART,20150327,115240,115.08,1,0,0,0,0,0
GLD STK SMART,20150327,115341,115.1,5,0,0,0,0,0
GLD STK SMART,20150327,115347,115.1,1,0,0,0,0,0
GLD STK SMART,20150327,115413,115.09,1,0,0,0,0,0
GLD STK SMART,20150327,115424,115.08,1,0,0,0,0,0
GLD STK SMART,20150327,115425,115.07,2,0,0,0,0,0
GLD STK SMART,20150327,115442,115.06,1,0,0,0,0,0
GLD STK SMART,20150327,115453,115.06,1,0,0,0,0,0
GLD STK SMART,20150327,115458,115.07,1,0,0,0,0,0
GLD STK SMART,20150327,115507,115.08,1,0,0,0,0,0
GLD STK SMART,20150327,115533,115.08,1,0,0,0,0,0
GLD STK SMART,20150327,115544,115.06,2,0,0,0,0,0
GLD STK SMART,20150327,115548,115.06,1,0,0,0,0,0
GLD STK SMART,20150327,115603,115.08,1,0,0,0,0,0
GLD STK SMART,20150327,115641,115.06,2,0,0,0,0,0
GLD STK SMART,20150327,115656,115.08,1,0,0,0,0,0
GLD STK SMART,20150327,115722,115.1,5,0,0,0,0,0
GLD STK SMART,20150327,115752,115.12,1,0,0,0,0,0
GLD STK SMART,20150327,115809,115.11,2,0,0,0,0,0
GLD STK SMART,20150327,115821,115.09,1,0,0,0,0,0
GLD STK SMART,20150327,115826,115.09,2,0,0,0,0,0
GLD STK SMART,20150327,115840,115.11,1,0,0,0,0,0
GLD STK SMART,20150327,115902,115.11,5,0,0,0,0,0
GLD STK SMART,20150327,115906,115.12,1,0,0,0,0,0
GLD STK SMART,20150327,115929,115.13,1,0,0,0,0,0
GLD STK SMART,20150327,115940,115.12,1,0,0,0,0,0
GLD STK SMART,20150327,115947,115.12,2,0,0,0,0,0
GLD STK SMART,20150327,120002,115.12,1,0,0,0,0,0
GLD STK SMART,20150327,120015,115.13,1,0,0,0,0,0
GLD STK SMART,20150327,120022,115.14,2,0,0,0,0,0
GLD STK SMART,20150327,120037,115.14,1,0,0,0,0,0
GLD STK SMART,20150327,120055,115.13,2,0,0,0,0,0
GLD STK SMART,20150327,120108,115.13,1,0,0,0,0,0
GLD STK SMART,20150327,120125,115.11,2,0,0,0,0,0
GLD STK SMART,20150327,120134,115.1,1,0,0,0,0,0
GLD STK SMART,20150327,120137,115.09,2,0,0,0,0,0
GLD STK SMART,20150327,120200,115.09,1,0,0,0,0,0
GLD STK SMART,20150327,120244,115.07,2,0,0,0,0,0
GLD STK SMART,20150327,120253,115.09,1,0,0,0,0,0
GLD STK SMART,20150327,120302,115.09,2,0,0,0,0,0
GLD STK SMART,20150327,120311,115.08,1,0,0,0,0,0
GLD STK SMART,20150327,120322,115.07,2,0,0,0,0,0
GLD STK SMART,20150327,120331,115.08,1,0,0,0,0,0
GLD STK SMART,20150327,120335,115.09,1,0,0,0,0,0
GLD STK SMART,20150327,120425,115.09,2,0,0,0,0,0
GLD STK SMART,20150327,120431,115.1,2,0,0,0,0,0
GLD STK SMART,20150327,120443,115.12,1,0,0,0,0,0
GLD STK SMART,20150327,120503,115.13,1,0,0,0,0,0
GLD STK SMART,20150327,120547,115.13,2,0,0,0,0,0
GLD STK SMART,20150327,120604,115.13,1,0,0,0,0,0
GLD STK SMART,20150327,120617,115.12,1,0,0,0,0,0
GLD STK SMART,20150327,120725,115.13,1,0,0,0,0,0
GLD STK SMART,20150327,120754,115.15,1,0,0,0,0,0
GLD STK SMART,20150327,120756,115.15,2,0,0,0,0,0
GLD STK SMART,20150327,120807,115.14,1,0,0,0,0,0
GLD STK SMART,20150327,120832,115.12,4,0,0,0,0,0
GLD STK SMART,20150327,120845,115.13,2,0,0,0,0,0
GLD STK SMART,20150327,120923,115.15,1,0,0,0,0,0
GLD STK SMART,20150327,120938,115.16,1,0,0,0,0,0
GLD STK SMART,20150327,120952,115.16,2,0,0,0,0,0
GLD STK SMART,20150327,121005,115.19,1,0,0,0,0,0
GLD STK SMART,20150327,121014,115.19,3,0,0,0,0,0
GLD STK SMART,20150327,121017,115.19,1,0,0,0,0,0
GLD STK SMART,20150327,121045,115.19,3,0,0,0,0,0
GLD STK SMART,20150327,121057,115.21,2,0,0,0,0,0
GLD STK SMART,20150327,121111,115.21,1,0,0,0,0,0
GLD STK SMART,20150327,121125,115.19,1,0,0,0,0,0
GLD STK SMART,20150327,121129,115.19,1,0,0,0,0,0
GLD STK SMART,20150327,121204,115.21,1,0,0,0,0,0
GLD STK SMART,20150327,121206,115.21,4,0,0,0,0,0
GLD STK SMART,20150327,121223,115.24,6,0,0,0,0,0
GLD STK SMART,20150327,121235,115.24,1,0,0,0,0,0
GLD STK SMART,20150327,121256,115.26,1,0,0,0,0,0
GLD STK SMART,20150327,121333,115.25,2,0,0,0,0,0
GLD STK SMART,20150327,121340,115.26,1,0,0,0,0,0
GLD STK SMART,20150327,121356,115.26,1,0,0,0,0,0
GLD STK SMART,20150327,121356,115.25,1,0,0,0,0,0
GLD STK SMART,20150327,121423,115.24,2,0,0,0,0,0
GLD STK SMART,20150327,121432,115.23,1,0,0,0,0,0
GLD STK SMART,20150327,121440,115.23,2,0,0,0,0,0
GLD STK SMART,20150327,121455,115.22,1,0,0,0,0,0
GLD STK SMART,20150327,121457,115.2,2,0,0,0,0,0
GLD STK SMART,20150327,121525,115.26,1,0,0,0,0,0
GLD STK SMART,20150327,121601,115.25,1,0,0,0,0,0
GLD STK SMART,20150327,121615,115.26,1,0,0,0,0,0
GLD STK SMART,20150327,121623,115.27,1,0,0,0,0,0
GLD STK SMART,20150327,121627,115.27,2,0,0,0,0,0
GLD STK SMART,20150327,121646,115.26,2,0,0,0,0,0
GLD STK SMART,20150327,121647,115.26,1,0,0,0,0,0
GLD STK SMART,20150327,121701,115.26,1,0,0,0,0,0
GLD STK SMART,20150327,121901,115.25,2,0,0,0,0,0
GLD STK SMART,20150327,121910,115.25,1,0,0,0,0,0
GLD STK SMART,20150327,121935,115.25,2,0,0,0,0,0
GLD STK SMART,20150327,121939,115.23,1,0,0,0,0,0
GLD STK SMART,20150327,121951,115.23,2,0,0,0,0,0
GLD STK SMART,20150327,122005,115.22,1,0,0,0,0,0
GLD STK SMART,20150327,122007,115.23,1,0,0,0,0,0
GLD STK SMART,20150327,122017,115.22,1,0,0,0,0,0
GLD STK SMART,20150327,122032,115.21,1,0,0,0,0,0
GLD STK SMART,20150327,122037,115.2,2,0,0,0,0,0
GLD STK SMART,20150327,122054,115.19,1,0,0,0,0,0
GLD STK SMART,20150327,122113,115.19,1,0,0,0,0,0
GLD STK SMART,20150327,122146,115.2,10,0,0,0,0,0
GLD STK SMART,20150327,122146,115.2,1,0,0,0,0,0
GLD STK SMART,20150327,122222,115.21,1,0,0,0,0,0
GLD STK SMART,20150327,122303,115.21,1,0,0,0,0,0
GLD STK SMART,20150327,122332,115.2,1,0,0,0,0,0
GLD STK SMART,20150327,122351,115.18,1,0,0,0,0,0
GLD STK SMART,20150327,122414,115.19,1,0,0,0,0,0
GLD STK SMART,20150327,122430,115.18,1,0,0,0,0,0
GLD STK SMART,20150327,122446,115.17,6,0,0,0,0,0
GLD STK SMART,20150327,122523,115.18,1,0,0,0,0,0
GLD STK SMART,20150327,122546,115.19,1,0,0,0,0,0
GLD STK SMART,20150327,122547,115.19,2,0,0,0,0,0
GLD STK SMART,20150327,122616,115.18,1,0,0,0,0,0
GLD STK SMART,20150327,122620,115.19,1,0,0,0,0,0
GLD STK SMART,20150327,122633,115.17,2,0,0,0,0,0
GLD STK SMART,20150327,122641,115.16,3,0,0,0,0,0
GLD STK SMART,20150327,122654,115.17,1,0,0,0,0,0
GLD STK SMART,20150327,122719,115.18,1,0,0,0,0,0
GLD STK SMART,20150327,122731,115.19,2,0,0,0,0,0
GLD STK SMART,20150327,122754,115.18,1,0,0,0,0,0
GLD STK SMART,20150327,122824,115.18,2,0,0,0,0,0
GLD STK SMART,20150327,122838,115.19,4,0,0,0,0,0
GLD STK SMART,20150327,122911,115.16,1,0,0,0,0,0
GLD STK SMART,20150327,122936,115.17,1,0,0,0,0,0
GLD STK SMART,20150327,122942,115.17,2,0,0,0,0,0
GLD STK SMART,20150327,122950,115.18,1,0,0,0,0,0
GLD STK SMART,20150327,123138,115.19,2,0,0,0,0,0
GLD STK SMART,20150327,123226,115.18,1,0,0,0,0,0
GLD STK SMART,20150327,123227,115.16,1,0,0,0,0,0
GLD STK SMART,20150327,123240,115.14,1,0,0,0,0,0
GLD STK SMART,20150327,123254,115.17,1,0,0,0,0,0
GLD STK SMART,20150327,123307,115.16,1,0,0,0,0,0
GLD STK SMART,20150327,123326,115.18,2,0,0,0,0,0
GLD STK SMART,20150327,123327,115.19,1,0,0,0,0,0
GLD STK SMART,20150327,123406,115.18,1,0,0,0,0,0
GLD STK SMART,20150327,123504,115.2,1,0,0,0,0,0
GLD STK SMART,20150327,123525,115.19,1,0,0,0,0,0
GLD STK SMART,20150327,123605,115.18,1,0,0,0,0,0
GLD STK SMART,20150327,123621,115.18,4,0,0,0,0,0
GLD STK SMART,20150327,123646,115.15,1,0,0,0,0,0
GLD STK SMART,20150327,123659,115.15,5,0,0,0,0,0
GLD STK SMART,20150327,123711,115.16,1,0,0,0,0,0
GLD STK SMART,20150327,123730,115.16,2,0,0,0,0,0
GLD STK SMART,20150327,123847,115.17,1,0,0,0,0,0
GLD STK SMART,20150327,123936,115.18,1,0,0,0,0,0
GLD STK SMART,20150327,124023,115.19,1,0,0,0,0,0
GLD STK SMART,20150327,124038,115.2,1,0,0,0,0,0
GLD STK SMART,20150327,124106,115.2,3,0,0,0,0,0
GLD STK SMART,20150327,124110,115.21,1,0,0,0,0,0
GLD STK SMART,20150327,124135,115.19,1,0,0,0,0,0
GLD STK SMART,20150327,124151,115.2,1,0,0,0,0,0
GLD STK SMART,20150327,124218,115.21,1,0,0,0,0,0
GLD STK SMART,20150327,124359,115.24,1,0,0,0,0,0
GLD STK SMART,20150327,124418,115.25,2,0,0,0,0,0
GLD STK SMART,20150327,124507,115.25,1,0,0,0,0,0
GLD STK SMART,20150327,124607,115.24,2,0,0,0,0,0
GLD STK SMART,20150327,124614,115.23,1,0,0,0,0,0
GLD STK SMART,20150327,124621,115.22,1,0,0,0,0,0
GLD STK SMART,20150327,124645,115.22,2,0,0,0,0,0
GLD STK SMART,20150327,124650,115.21,4,0,0,0,0,0
GLD STK SMART,20150327,124702,115.22,1,0,0,0,0,0
GLD STK SMART,20150327,124805,115.19,1,0,0,0,0,0
GLD STK SMART,20150327,124840,115.2,1,0,0,0,0,0
GLD STK SMART,20150327,124851,115.19,1,0,0,0,0,0
GLD STK SMART,20150327,124934,115.2,3,0,0,0,0,0
GLD STK SMART,20150327,125011,115.2,1,0,0,0,0,0
GLD STK SMART,20150327,125021,115.19,1,0,0,0,0,0
GLD STK SMART,20150327,125055,115.19,1,0,0,0,0,0
GLD STK SMART,20150327,125109,115.2,1,0,0,0,0,0
GLD STK SMART,20150327,125126,115.21,1,0,0,0,0,0
GLD STK SMART,20150327,125136,115.22,1,0,0,0,0,0
GLD STK SMART,20150327,125141,115.21,3,0,0,0,0,0
GLD STK SMART,20150327,125207,115.21,1,0,0,0,0,0
GLD STK SMART,20150327,125224,115.2,2,0,0,0,0,0
GLD STK SMART,20150327,125307,115.19,1,0,0,0,0,0
GLD STK SMART,20150327,125335,115.2,1,0,0,0,0,0
GLD STK SMART,20150327,125418,115.19,1,0,0,0,0,0
GLD STK SMART,20150327,125557,115.19,1,0,0,0,0,0
GLD STK SMART,20150327,125602,115.17,2,0,0,0,0,0
GLD STK SMART,20150327,125630,115.16,1,0,0,0,0,0
GLD STK SMART,20150327,125646,115.16,3,0,0,0,0,0
GLD STK SMART,20150327,125708,115.16,2,0,0,0,0,0
GLD STK SMART,20150327,125715,115.15,4,0,0,0,0,0
GLD STK SMART,20150327,125728,115.17,2,0,0,0,0,0
GLD STK SMART,20150327,125731,115.16,3,0,0,0,0,0
GLD STK SMART,20150327,125739,115.14,1,0,0,0,0,0
GLD STK SMART,20150327,125808,115.14,1,0,0,0,0,0
GLD STK SMART,20150327,125837,115.15,1,0,0,0,0,0
GLD STK SMART,20150327,130011,115.14,1,0,0,0,0,0
GLD STK SMART,20150327,130046,115.17,1,0,0,0,0,0
GLD STK SMART,20150327,130124,115.17,1,0,0,0,0,0
GLD STK SMART,20150327,130143,115.17,2,0,0,0,0,0
GLD STK SMART,20150327,130206,115.17,2,0,0,0,0,0
GLD STK SMART,20150327,130213,115.17,1,0,0,0,0,0
GLD STK SMART,20150327,130220,115.17,2,0,0,0,0,0
GLD STK SMART,20150327,130247,115.17,1,0,0,0,0,0
GLD STK SMART,20150327,130256,115.16,2,0,0,0,0,0
GLD STK SMART,20150327,130304,115.16,1,0,0,0,0,0
GLD STK SMART,20150327,130328,115.14,1,0,0,0,0,0
GLD STK SMART,20150327,130344,115.15,1,0,0,0,0,0
GLD STK SMART,20150327,130357,115.15,1,0,0,0,0,0
GLD STK SMART,20150327,130438,115.15,3,0,0,0,0,0
GLD STK SMART,20150327,130440,115.16,2,0,0,0,0,0
GLD STK SMART,20150327,130505,115.17,1,0,0,0,0,0
GLD STK SMART,20150327,130604,115.16,1,0,0,0,0,0
GLD STK SMART,20150327,130648,115.17,2,0,0,0,0,0
GLD STK SMART,20150327,130707,115.18,1,0,0,0,0,0
GLD STK SMART,20150327,130725,115.17,2,0,0,0,0,0
GLD STK SMART,20150327,130747,115.16,1,0,0,0,0,0
GLD STK SMART,20150327,130947,115.15,1,0,0,0,0,0
GLD STK SMART,20150327,131006,115.15,2,0,0,0,0,0
GLD STK SMART,20150327,131053,115.16,1,0,0,0,0,0
GLD STK SMART,20150327,131100,115.17,1,0,0,0,0,0
GLD STK SMART,20150327,131153,115.15,1,0,0,0,0,0
GLD STK SMART,20150327,131218,115.17,1,0,0,0,0,0
GLD STK SMART,20150327,131238,115.16,1,0,0,0,0,0
GLD STK SMART,20150327,131239,115.16,2,0,0,0,0,0
GLD STK SMART,20150327,131258,115.16,1,0,0,0,0,0
GLD STK SMART,20150327,131435,115.15,1,0,0,0,0,0
GLD STK SMART,20150327,131547,115.18,1,0,0,0,0,0
GLD STK SMART,20150327,131549,115.18,9,0,0,0,0,0
GLD STK SMART,20150327,131606,115.17,1,0,0,0,0,0
GLD STK SMART,20150327,131615,115.16,1,0,0,0,0,0
GLD STK SMART,20150327,131651,115.17,1,0,0,0,0,0
GLD STK SMART,20150327,131800,115.18,2,0,0,0,0,0
GLD STK SMART,20150327,131810,115.18,1,0,0,0,0,0
GLD STK SMART,20150327,131823,115.18,2,0,0,0,0,0
GLD STK SMART,20150327,131918,115.21,2,0,0,0,0,0
GLD STK SMART,20150327,131928,115.24,1,0,0,0,0,0
GLD STK SMART,20150327,131931,115.23,1,0,0,0,0,0
GLD STK SMART,20150327,131958,115.2,1,0,0,0,0,0
GLD STK SMART,20150327,132018,115.21,1,0,0,0,0,0
GLD STK SMART,20150327,132041,115.21,1,0,0,0,0,0
GLD STK SMART,20150327,132106,115.2,2,0,0,0,0,0
GLD STK SMART,20150327,132147,115.18,1,0,0,0,0,0
GLD STK SMART,20150327,132223,115.2,1,0,0,0,0,0
GLD STK SMART,20150327,132245,115.21,1,0,0,0,0,0
GLD STK SMART,20150327,132338,115.22,1,0,0,0,0,0
GLD STK SMART,20150327,132346,115.21,1,0,0,0,0,0
GLD STK SMART,20150327,132350,115.2,1,0,0,0,0,0
GLD STK SMART,20150327,132410,115.21,1,0,0,0,0,0
GLD STK SMART,20150327,132421,115.2,1,0,0,0,0,0
GLD STK SMART,20150327,132458,115.2,1,0,0,0,0,0
GLD STK SMART,20150327,132533,115.19,1,0,0,0,0,0
GLD STK SMART,20150327,132551,115.18,1,0,0,0,0,0
GLD STK SMART,20150327,132602,115.17,3,0,0,0,0,0
GLD STK SMART,20150327,132618,115.18,2,0,0,0,0,0
GLD STK SMART,20150327,132641,115.18,1,0,0,0,0,0
GLD STK SMART,20150327,132657,115.19,2,0,0,0,0,0
GLD STK SMART,20150327,132732,115.19,1,0,0,0,0,0
GLD STK SMART,20150327,132741,115.2,1,0,0,0,0,0
GLD STK SMART,20150327,132815,115.22,2,0,0,0,0,0
GLD STK SMART,20150327,132824,115.22,2,0,0,0,0,0
GLD STK SMART,20150327,132838,115.23,1,0,0,0,0,0
GLD STK SMART,20150327,132936,115.22,2,0,0,0,0,0
GLD STK SMART,20150327,132949,115.24,1,0,0,0,0,0
GLD STK SMART,20150327,132954,115.24,1,0,0,0,0,0
GLD STK SMART,20150327,133007,115.23,1,0,0,0,0,0
GLD STK SMART,20150327,133047,115.22,1,0,0,0,0,0
GLD STK SMART,20150327,133119,115.2,1,0,0,0,0,0
GLD STK SMART,20150327,133127,115.17,1,0,0,0,0,0
GLD STK SMART,20150327,133210,115.17,2,0,0,0,0,0
GLD STK SMART,20150327,133222,115.18,1,0,0,0,0,0
GLD STK SMART,20150327,133231,115.17,2,0,0,0,0,0
GLD STK SMART,20150327,133248,115.18,1,0,0,0,0,0
GLD STK SMART,20150327,133258,115.18,3,0,0,0,0,0
GLD STK SMART,20150327,133324,115.19,1,0,0,0,0,0
GLD STK SMART,20150327,133454,115.2,1,0,0,0,0,0
GLD STK SMART,20150327,133531,115.21,1,0,0,0,0,0
GLD STK SMART,20150327,133612,115.22,1,0,0,0,0,0
GLD STK SMART,20150327,133650,115.23,1,0,0,0,0,0
GLD STK SMART,20150327,133729,115.24,3,0,0,0,0,0
GLD STK SMART,20150327,133740,115.25,1,0,0,0,0,0
GLD STK SMART,20150327,133742,115.25,2,0,0,0,0,0
GLD STK SMART,20150327,133754,115.25,1,0,0,0,0,0
GLD STK SMART,20150327,133820,115.26,1,0,0,0,0,0
GLD STK SMART,20150327,133827,115.26,5,0,0,0,0,0
GLD STK SMART,20150327,133846,115.25,1,0,0,0,0,0
GLD STK SMART,20150327,134040,115.24,1,0,0,0,0,0
GLD STK SMART,20150327,134111,115.25,1,0,0,0,0,0
GLD STK SMART,20150327,134138,115.26,1,0,0,0,0,0
GLD STK SMART,20150327,134143,115.27,1,0,0,0,0,0
GLD STK SMART,20150327,134156,115.26,1,0,0,0,0,0
GLD STK SMART,20150327,134259,115.28,1,0,0,0,0,0
GLD STK SMART,20150327,134308,115.27,1,0,0,0,0,0
GLD STK SMART,20150327,134340,115.26,1,0,0,0,0,0
GLD STK SMART,20150327,134359,115.27,1,0,0,0,0,0
GLD STK SMART,20150327,134409,115.26,1,0,0,0,0,0
GLD STK SMART,20150327,134418,115.27,1,0,0,0,0,0
GLD STK SMART,20150327,134457,115.24,1,0,0,0,0,0
GLD STK SMART,20150327,134638,115.22,1,0,0,0,0,0
GLD STK SMART,20150327,134648,115.21,2,0,0,0,0,0
GLD STK SMART,20150327,134703,115.22,1,0,0,0,0,0
GLD STK SMART,20150327,134803,115.22,1,0,0,0,0,0
GLD STK SMART,20150327,134946,115.23,1,0,0,0,0,0
GLD STK SMART,20150327,135016,115.22,1,0,0,0,0,0
GLD STK SMART,20150327,135027,115.23,1,0,0,0,0,0
GLD STK SMART,20150327,135053,115.22,1,0,0,0,0,0
GLD STK SMART,20150327,135106,115.25,1,0,0,0,0,0
GLD STK SMART,20150327,135133,115.23,1,0,0,0,0,0
GLD STK SMART,20150327,135156,115.22,1,0,0,0,0,0
GLD STK SMART,20150327,135245,115.22,4,0,0,0,0,0
GLD STK SMART,20150327,135404,115.23,3,0,0,0,0,0
GLD STK SMART,20150327,135429,115.22,1,0,0,0,0,0
GLD STK SMART,20150327,135449,115.22,1,0,0,0,0,0
GLD STK SMART,20150327,135454,115.22,1,0,0,0,0,0
GLD STK SMART,20150327,135502,115.23,2,0,0,0,0,0
GLD STK SMART,20150327,135517,115.23,1,0,0,0,0,0
GLD STK SMART,20150327,135556,115.24,1,0,0,0,0,0
GLD STK SMART,20150327,135623,115.23,2,0,0,0,0,0
GLD STK SMART,20150327,135637,115.22,1,0,0,0,0,0
GLD STK SMART,20150327,135703,115.21,2,0,0,0,0,0
GLD STK SMART,20150327,135740,115.21,1,0,0,0,0,0
GLD STK SMART,20150327,135800,115.2,2,0,0,0,0,0
GLD STK SMART,20150327,135901,115.21,1,0,0,0,0,0
GLD STK SMART,20150327,135947,115.22,1,0,0,0,0,0
GLD STK SMART,20150327,140041,115.22,1,0,0,0,0,0
GLD STK SMART,20150327,140051,115.22,4,0,0,0,0,0
GLD STK SMART,20150327,140059,115.22,1,0,0,0,0,0
GLD STK SMART,20150327,140114,115.21,3,0,0,0,0,0
GLD STK SMART,20150327,140144,115.22,1,0,0,0,0,0
GLD STK SMART,20150327,140210,115.22,2,0,0,0,0,0
GLD STK SMART,20150327,140231,115.21,1,0,0,0,0,0
GLD STK SMART,20150327,140326,115.22,1,0,0,0,0,0
GLD STK SMART,20150327,140335,115.23,1,0,0,0,0,0
GLD STK SMART,20150327,140355,115.22,2,0,0,0,0,0
GLD STK SMART,20150327,140417,115.22,1,0,0,0,0,0
GLD STK SMART,20150327,140429,115.23,1,0,0,0,0,0
GLD STK SMART,20150327,140520,115.24,1,0,0,0,0,0
GLD STK SMART,20150327,140708,115.25,1,0,0,0,0,0
GLD STK SMART,20150327,140715,115.24,1,0,0,0,0,0
GLD STK SMART,20150327,140814,115.23,1,0,0,0,0,0
GLD STK SMART,20150327,140908,115.22,1,0,0,0,0,0
GLD STK SMART,20150327,140919,115.23,1,0,0,0,0,0
GLD STK SMART,20150327,141000,115.24,1,0,0,0,0,0
GLD STK SMART,20150327,141037,115.23,1,0,0,0,0,0
GLD STK SMART,20150327,141057,115.22,2,0,0,0,0,0
GLD STK SMART,20150327,141116,115.22,1,0,0,0,0,0
GLD STK SMART,20150327,141136,115.23,1,0,0,0,0,0
GLD STK SMART,20150327,141225,115.24,1,0,0,0,0,0
GLD STK SMART,20150327,141346,115.25,1,0,0,0,0,0
GLD STK SMART,20150327,141411,115.25,2,0,0,0,0,0
GLD STK SMART,20150327,141412,115.25,1,0,0,0,0,0
GLD STK SMART,20150327,141425,115.25,1,0,0,0,0,0
GLD STK SMART,20150327,141452,115.26,1,0,0,0,0,0
GLD STK SMART,20150327,141622,115.26,2,0,0,0,0,0
GLD STK SMART,20150327,141622,115.26,1,0,0,0,0,0
GLD STK SMART,20150327,141633,115.25,1,0,0,0,0,0
GLD STK SMART,20150327,141645,115.24,4,0,0,0,0,0
GLD STK SMART,20150327,141654,115.25,1,0,0,0,0,0
GLD STK SMART,20150327,141707,115.24,1,0,0,0,0,0
GLD STK SMART,20150327,141736,115.23,1,0,0,0,0,0
GLD STK SMART,20150327,141746,115.23,1,0,0,0,0,0
GLD STK SMART,20150327,141756,115.2,4,0,0,0,0,0
GLD STK SMART,20150327,141818,115.2,1,0,0,0,0,0
GLD STK SMART,20150327,141856,115.19,2,0,0,0,0,0
GLD STK SMART,20150327,141906,115.18,1,0,0,0,0,0
GLD STK SMART,20150327,141931,115.17,1,0,0,0,0,0
GLD STK SMART,20150327,141937,115.18,2,0,0,0,0,0
GLD STK SMART,20150327,142011,115.17,2,0,0,0,0,0
GLD STK SMART,20150327,142016,115.17,2,0,0,0,0,0
GLD STK SMART,20150327,142154,115.2,1,0,0,0,0,0
GLD STK SMART,20150327,142313,115.19,1,0,0,0,0,0
GLD STK SMART,20150327,142434,115.2,1,0,0,0,0,0
GLD STK SMART,20150327,142448,115.21,2,0,0,0,0,0
GLD STK SMART,20150327,142519,115.21,1,0,0,0,0,0
GLD STK SMART,20150327,142526,115.22,4,0,0,0,0,0
GLD STK SMART,20150327,142539,115.23,1,0,0,0,0,0
GLD STK SMART,20150327,142742,115.23,2,0,0,0,0,0
GLD STK SMART,20150327,142752,115.21,1,0,0,0,0,0
GLD STK SMART,20150327,142802,115.2,1,0,0,0,0,0
GLD STK SMART,20150327,142807,115.21,1,0,0,0,0,0
GLD STK SMART,20150327,142820,115.18,1,0,0,0,0,0
GLD STK SMART,20150327,142830,115.17,2,0,0,0,0,0
GLD STK SMART,20150327,142835,115.19,1,0,0,0,0,0
GLD STK SMART,20150327,142852,115.18,1,0,0,0,0,0
GLD STK SMART,20150327,142900,115.18,1,0,0,0,0,0
GLD STK SMART,20150327,142942,115.18,2,0,0,0,0,0
GLD STK SMART,20150327,142946,115.18,1,0,0,0,0,0
GLD STK SMART,20150327,142955,115.18,2,0,0,0,0,0
GLD STK SMART,20150327,143041,115.22,1,0,0,0,0,0
GLD STK SMART,20150327,143108,115.23,1,0,0,0,0,0
GLD STK SMART,20150327,143151,115.22,2,0,0,0,0,0
GLD STK SMART,20150327,143230,115.21,1,0,0,0,0,0
GLD STK SMART,20150327,143234,115.22,1,0,0,0,0,0
GLD STK SMART,20150327,143329,115.22,2,0,0,0,0,0
GLD STK SMART,20150327,143340,115.24,2,0,0,0,0,0
GLD STK SMART,20150327,143405,115.22,2,0,0,0,0,0
GLD STK SMART,20150327,143414,115.2,1,0,0,0,0,0
GLD STK SMART,20150327,143538,115.18,1,0,0,0,0,0
GLD STK SMART,20150327,143638,115.19,1,0,0,0,0,0
GLD STK SMART,20150327,143729,115.19,2,0,0,0,0,0
GLD STK SMART,20150327,143800,115.18,1,0,0,0,0,0
GLD STK SMART,20150327,143901,115.17,1,0,0,0,0,0
GLD STK SMART,20150327,143952,115.17,2,0,0,0,0,0
GLD STK SMART,20150327,143954,115.18,1,0,0,0,0,0
GLD STK SMART,20150327,144023,115.16,1,0,0,0,0,0
GLD STK SMART,20150327,144024,115.16,1,0,0,0,0,0
GLD STK SMART,20150327,144047,115.17,1,0,0,0,0,0
GLD STK SMART,20150327,144058,115.18,1,0,0,0,0,0
GLD STK SMART,20150327,144110,115.17,2,0,0,0,0,0
GLD STK SMART,20150327,144142,115.17,2,0,0,0,0,0
GLD STK SMART,20150327,144159,115.17,1,0,0,0,0,0
GLD STK SMART,20150327,144207,115.18,2,0,0,0,0,0
GLD STK SMART,20150327,144243,115.19,1,0,0,0,0,0
GLD STK SMART,20150327,144256,115.18,1,0,0,0,0,0
GLD STK SMART,20150327,144304,115.17,2,0,0,0,0,0
GLD STK SMART,20150327,144403,115.17,1,0,0,0,0,0
GLD STK SMART,20150327,144405,115.16,2,0,0,0,0,0
GLD STK SMART,20150327,144424,115.16,1,0,0,0,0,0
GLD STK SMART,20150327,144442,115.17,1,0,0,0,0,0
GLD STK SMART,20150327,144524,115.16,1,0,0,0,0,0
GLD STK SMART,20150327,144626,115.17,1,0,0,0,0,0
GLD STK SMART,20150327,144711,115.17,7,0,0,0,0,0
GLD STK SMART,20150327,144803,115.18,1,0,0,0,0,0
GLD STK SMART,20150327,144830,115.17,1,0,0,0,0,0
GLD STK SMART,20150327,144903,115.18,1,0,0,0,0,0
GLD STK SMART,20150327,144920,115.16,1,0,0,0,0,0
GLD STK SMART,20150327,145001,115.16,3,0,0,0,0,0
GLD STK SMART,20150327,145017,115.16,1,0,0,0,0,0
GLD STK SMART,20150327,145056,115.16,1,0,0,0,0,0
GLD STK SMART,20150327,145123,115.17,1,0,0,0,0,0
GLD STK SMART,20150327,145133,115.16,1,0,0,0,0,0
GLD STK SMART,20150327,145136,115.17,1,0,0,0,0,0
GLD STK SMART,20150327,145203,115.18,1,0,0,0,0,0
GLD STK SMART,20150327,145216,115.18,1,0,0,0,0,0
GLD STK SMART,20150327,145231,115.18,2,0,0,0,0,0
GLD STK SMART,20150327,145308,115.18,2,0,0,0,0,0
GLD STK SMART,20150327,145325,115.18,1,0,0,0,0,0
GLD STK SMART,20150327,145401,115.18,2,0,0,0,0,0
GLD STK SMART,20150327,145406,115.18,1,0,0,0,0,0
GLD STK SMART,20150327,145422,115.18,2,0,0,0,0,0
GLD STK SMART,20150327,145429,115.19,1,0,0,0,0,0
GLD STK SMART,20150327,145523,115.17,1,0,0,0,0,0
GLD STK SMART,20150327,145538,115.16,2,0,0,0,0,0
GLD STK SMART,20150327,145643,115.14,2,0,0,0,0,0
GLD STK SMART,20150327,145814,115.14,2,0,0,0,0,0
GLD STK SMART,20150327,145822,115.15,1,0,0,0,0,0
GLD STK SMART,20150327,145829,115.15,1,0,0,0,0,0
GLD STK SMART,20150327,145840,115.16,2,0,0,0,0,0
GLD STK SMART,20150327,145900,115.17,1,0,0,0,0,0
GLD STK SMART,20150327,145913,115.17,1,0,0,0,0,0
GLD STK SMART,20150327,145922,115.19,2,0,0,0,0,0
GLD STK SMART,20150327,145928,115.19,1,0,0,0,0,0
GLD STK SMART,20150327,145954,115.21,4,0,0,0,0,0
GLD STK SMART,20150327,145958,115.22,4,0,0,0,0,0
GLD STK SMART,20150327,150018,115.23,2,0,0,0,0,0
GLD STK SMART,20150327,150044,115.23,1,0,0,0,0,0
GLD STK SMART,20150327,150113,115.21,1,0,0,0,0,0
GLD STK SMART,20150327,150122,115.19,1,0,0,0,0,0
GLD STK SMART,20150327,150132,115.2,1,0,0,0,0,0
GLD STK SMART,20150327,150229,115.21,1,0,0,0,0,0
GLD STK SMART,20150327,150239,115.22,2,0,0,0,0,0
GLD STK SMART,20150327,150248,115.21,1,0,0,0,0,0
GLD STK SMART,20150327,150315,115.23,1,0,0,0,0,0
GLD STK SMART,20150327,150332,115.23,2,0,0,0,0,0
GLD STK SMART,20150327,150348,115.24,1,0,0,0,0,0
GLD STK SMART,20150327,150403,115.23,4,0,0,0,0,0
GLD STK SMART,20150327,150406,115.24,1,0,0,0,0,0
GLD STK SMART,20150327,150416,115.22,1,0,0,0,0,0
GLD STK SMART,20150327,150432,115.21,1,0,0,0,0,0
GLD STK SMART,20150327,150443,115.22,2,0,0,0,0,0
GLD STK SMART,20150327,150502,115.22,4,0,0,0,0,0
GLD STK SMART,20150327,150511,115.22,1,0,0,0,0,0
GLD STK SMART,20150327,150557,115.22,2,0,0,0,0,0
GLD STK SMART,20150327,150657,115.22,1,0,0,0,0,0
GLD STK SMART,20150327,150713,115.23,1,0,0,0,0,0
GLD STK SMART,20150327,150726,115.22,1,0,0,0,0,0
GLD STK SMART,20150327,150910,115.23,1,0,0,0,0,0
GLD STK SMART,20150327,151156,115.23,2,0,0,0,0,0
GLD STK SMART,20150327,151425,115.21,4,0,0,0,0,0
GLD STK SMART,20150327,151442,115.2,1,0,0,0,0,0
GLD STK SMART,20150327,151453,115.18,1,0,0,0,0,0
GLD STK SMART,20150327,151457,115.19,2,0,0,0,0,0
GLD STK SMART,20150327,151553,115.19,2,0,0,0,0,0
GLD STK SMART,20150327,151602,115.18,1,0,0,0,0,0
GLD STK SMART,20150327,151613,115.19,1,0,0,0,0,0
GLD STK SMART,20150327,151630,115.18,1,0,0,0,0,0
GLD STK SMART,20150327,151650,115.21,2,0,0,0,0,0
GLD STK SMART,20150327,151700,115.2,1,0,0,0,0,0
GLD STK SMART,20150327,151715,115.21,3,0,0,0,0,0
GLD STK SMART,20150327,151725,115.21,1,0,0,0,0,0
GLD STK SMART,20150327,151732,115.22,2,0,0,0,0,0
GLD STK SMART,20150327,151742,115.21,1,0,0,0,0,0
GLD STK SMART,20150327,151748,115.19,1,0,0,0,0,0
GLD STK SMART,20150327,151759,115.2,2,0,0,0,0,0
GLD STK SMART,20150327,151807,115.2,1,0,0,0,0,0
GLD STK SMART,20150327,151838,115.21,1,0,0,0,0,0
GLD STK SMART,20150327,151901,115.21,3,0,0,0,0,0
GLD STK SMART,20150327,151909,115.21,1,0,0,0,0,0
GLD STK SMART,20150327,151935,115.2,1,0,0,0,0,0
GLD STK SMART,20150327,151937,115.21,1,0,0,0,0,0
GLD STK SMART,20150327,152000,115.2,2,0,0,0,0,0
GLD STK SMART,20150327,152152,115.2,1,0,0,0,0,0
GLD STK SMART,20150327,152158,115.2,1,0,0,0,0,0
GLD STK SMART,20150327,152313,115.2,1,0,0,0,0,0
GLD STK SMART,20150327,152357,115.21,1,0,0,0,0,0
GLD STK SMART,20150327,152602,115.2,1,0,0,0,0,0
GLD STK SMART,20150327,152724,115.2,2,0,0,0,0,0
GLD STK SMART,20150327,152835,115.19,1,0,0,0,0,0
GLD STK SMART,20150327,152900,115.19,1,0,0,0,0,0
GLD STK SMART,20150327,152921,115.2,2,0,0,0,0,0
GLD STK SMART,20150327,152941,115.2,2,0,0,0,0,0
GLD STK SMART,20150327,153015,115.2,1,0,0,0,0,0
GLD STK SMART,20150327,153018,115.2,1,0,0,0,0,0
GLD STK SMART,20150327,153155,115.21,1,0,0,0,0,0
GLD STK SMART,20150327,153226,115.2,1,0,0,0,0,0
GLD STK SMART,20150327,153255,115.2,2,0,0,0,0,0
GLD STK SMART,20150327,153335,115.19,1,0,0,0,0,0
GLD STK SMART,20150327,153340,115.18,1,0,0,0,0,0
GLD STK SMART,20150327,153435,115.16,2,0,0,0,0,0
GLD STK SMART,20150327,153442,115.16,2,0,0,0,0,0
GLD STK SMART,20150327,153503,115.16,1,0,0,0,0,0
GLD STK SMART,20150327,153520,115.16,3,0,0,0,0,0
GLD STK SMART,20150327,153529,115.17,5,0,0,0,0,0
GLD STK SMART,20150327,153551,115.16,2,0,0,0,0,0
GLD STK SMART,20150327,153625,115.15,2,0,0,0,0,0
GLD STK SMART,20150327,153630,115.14,2,0,0,0,0,0
GLD STK SMART,20150327,153648,115.14,2,0,0,0,0,0
GLD STK SMART,20150327,153658,115.13,1,0,0,0,0,0
GLD STK SMART,20150327,153726,115.14,1,0,0,0,0,0
GLD STK SMART,20150327,153734,115.16,1,0,0,0,0,0
GLD STK SMART,20150327,153737,115.17,1,0,0,0,0,0
GLD STK SMART,20150327,153755,115.17,1,0,0,0,0,0
GLD STK SMART,20150327,153826,115.19,1,0,0,0,0,0
GLD STK SMART,20150327,153828,115.18,2,0,0,0,0,0
GLD STK SMART,20150327,153838,115.17,1,0,0,0,0,0
GLD STK SMART,20150327,153922,115.17,1,0,0,0,0,0
GLD STK SMART,20150327,153943,115.18,1,0,0,0,0,0
GLD STK SMART,20150327,154023,115.18,1,0,0,0,0,0
GLD STK SMART,20150327,154035,115.17,1,0,0,0,0,0
GLD STK SMART,20150327,154054,115.14,1,0,0,0,0,0
GLD STK SMART,20150327,154102,115.14,1,0,0,0,0,0
GLD STK SMART,20150327,154114,115.15,2,0,0,0,0,0
GLD STK SMART,20150327,154133,115.14,1,0,0,0,0,0
GLD STK SMART,20150327,154223,115.17,1,0,0,0,0,0
GLD STK SMART,20150327,154306,115.18,1,0,0,0,0,0
GLD STK SMART,20150327,154307,115.17,3,0,0,0,0,0
GLD STK SMART,20150327,154326,115.17,1,0,0,0,0,0
GLD STK SMART,20150327,154506,115.14,1,0,0,0,0,0
GLD STK SMART,20150327,154514,115.2,1,0,0,0,0,0
GLD STK SMART,20150327,154526,115.19,1,0,0,0,0,0
GLD STK SMART,20150327,154534,115.14,2,0,0,0,0,0
GLD STK SMART,20150327,154546,115.13,1,0,0,0,0,0
GLD STK SMART,20150327,154557,115.12,1,0,0,0,0,0
GLD STK SMART,20150327,154611,115.11,2,0,0,0,0,0
GLD STK SMART,20150327,154625,115.16,2,0,0,0,0,0
GLD STK SMART,20150327,154630,115.16,1,0,0,0,0,0
GLD STK SMART,20150327,154654,115.11,3,0,0,0,0,0
GLD STK SMART,20150327,154701,115.1,1,0,0,0,0,0
GLD STK SMART,20150327,154711,115.11,3,0,0,0,0,0
GLD STK SMART,20150327,154722,115.11,4,0,0,0,0,0
GLD STK SMART,20150327,154736,115.14,1,0,0,0,0,0
GLD STK SMART,20150327,154737,115.14,3,0,0,0,0,0
GLD STK SMART,20150327,154806,115.14,2,0,0,0,0,0
GLD STK SMART,20150327,154832,115.13,2,0,0,0,0,0
GLD STK SMART,20150327,154842,115.1,1,0,0,0,0,0
GLD STK SMART,20150327,154848,115.09,1,0,0,0,0,0
GLD STK SMART,20150327,154906,115.1,1,0,0,0,0,0
GLD STK SMART,20150327,154912,115.11,4,0,0,0,0,0
GLD STK SMART,20150327,154926,115.09,1,0,0,0,0,0
GLD STK SMART,20150327,154936,115.08,1,0,0,0,0,0
GLD STK SMART,20150327,154946,115.06,1,0,0,0,0,0
GLD STK SMART,20150327,154950,115.05,1,0,0,0,0,0
GLD STK SMART,20150327,155003,115.04,1,0,0,0,0,0
GLD STK SMART,20150327,155013,115.01,1,0,0,0,0,0
GLD STK SMART,20150327,155026,114.97,4,0,0,0,0,0
GLD STK SMART,20150327,155035,114.83,1,0,0,0,0,0
GLD STK SMART,20150327,155046,114.88,1,0,0,0,0,0
GLD STK SMART,20150327,155055,114.85,2,0,0,0,0,0
GLD STK SMART,20150327,155102,114.87,1,0,0,0,0,0
GLD STK SMART,20150327,155114,114.95,1,0,0,0,0,0
GLD STK SMART,20150327,155126,114.95,2,0,0,0,0,0
GLD STK SMART,20150327,155135,114.94,1,0,0,0,0,0
GLD STK SMART,20150327,155146,114.94,1,0,0,0,0,0
GLD STK SMART,20150327,155155,114.9,1,0,0,0,0,0
GLD STK SMART,20150327,155206,114.96,1,0,0,0,0,0
GLD STK SMART,20150327,155214,114.96,1,0,0,0,0,0
GLD STK SMART,20150327,155220,114.93,1,0,0,0,0,0
GLD STK SMART,20150327,155236,114.94,1,0,0,0,0,0
GLD STK SMART,20150327,155237,114.95,1,0,0,0,0,0
GLD STK SMART,20150327,155253,114.94,1,0,0,0,0,0
GLD STK SMART,20150327,155303,114.91,1,0,0,0,0,0
GLD STK SMART,20150327,155315,114.92,2,0,0,0,0,0
GLD STK SMART,20150327,155326,114.92,1,0,0,0,0,0
GLD STK SMART,20150327,155336,114.91,1,0,0,0,0,0
GLD STK SMART,20150327,155343,114.92,1,0,0,0,0,0
GLD STK SMART,20150327,155350,114.9,1,0,0,0,0,0
GLD STK SMART,20150327,155407,114.91,1,0,0,0,0,0
GLD STK SMART,20150327,155416,114.94,1,0,0,0,0,0
GLD STK SMART,20150327,155420,114.93,2,0,0,0,0,0
GLD STK SMART,20150327,155444,114.93,1,0,0,0,0,0
GLD STK SMART,20150327,155456,114.96,1,0,0,0,0,0
GLD STK SMART,20150327,155508,114.95,1,0,0,0,0,0
GLD STK SMART,20150327,155534,114.96,1,0,0,0,0,0
GLD STK SMART,20150327,155546,114.96,1,0,0,0,0,0
GLD STK SMART,20150327,155558,114.95,3,0,0,0,0,0
GLD STK SMART,20150327,155610,114.96,1,0,0,0,0,0
GLD STK SMART,20150327,155625,114.97,1,0,0,0,0,0
GLD STK SMART,20150327,155632,114.97,1,0,0,0,0,0
GLD STK SMART,20150327,155643,114.99,1,0,0,0,0,0
GLD STK SMART,20150327,155655,114.97,3,0,0,0,0,0
GLD STK SMART,20150327,155702,114.98,1,0,0,0,0,0
GLD STK SMART,20150327,155715,114.97,1,0,0,0,0,0
GLD STK SMART,20150327,155727,114.97,5,0,0,0,0,0
GLD STK SMART,20150327,155736,114.99,1,0,0,0,0,0
GLD STK SMART,20150327,155804,115.01,2,0,0,0,0,0
GLD STK SMART,20150327,155816,115.07,4,0,0,0,0,0
GLD STK SMART,20150327,155819,115.06,1,0,0,0,0,0
GLD STK SMART,20150327,155836,115.05,2,0,0,0,0,0
GLD STK SMART,20150327,155842,115.05,1,0,0,0,0,0
GLD STK SMART,20150327,155857,115.04,1,0,0,0,0,0
GLD STK SMART,20150327,155906,115.02,1,0,0,0,0,0
GLD STK SMART,20150327,155916,115.03,1,0,0,0,0,0
GLD STK SMART,20150327,155925,115.04,1,0,0,0,0,0
GLD STK SMART,20150327,155934,115.02,1,0,0,0,0,0
GLD STK SMART,20150327,155947,115.03,1,0,0,0,0,0
GLD STK SMART,20150327,155956,115.03,1,0,0,0,0,0
GLD STK SMART,20150327,160045,115.04,6,0,0,0,0,0
GLD STK SMART,20150327,160048,115.05,2,0,0,0,0,0
GLD STK SMART,20150327,160104,115.04,3,0,0,0,0,0
GLD STK SMART,20150327,160232,114.95,1,0,0,0,0,0
GLD STK SMART,20150327,160344,114.94,2,0,0,0,0,0
GLD STK SMART,20150327,160751,114.95,10,0,0,0,0,0
GLD STK SMART,20150327,160818,114.94,10,0,0,0,0,0
GLD STK SMART,20150327,161106,114.84,1,0,0,0,0,0
GLD STK SMART,20150327,161313,114.96,3,0,0,0,0,0
GLD STK SMART,20150327,161818,114.96,5,0,0,0,0,0
GLD STK SMART,20150327,162225,115,2,0,0,0,0,0
GLD STK SMART,20150327,162422,114.93,1,0,0,0,0,0
