1068                
NGM5 FUT NYMEX 10000,20150327,72124,2.713,2,0,0,0,0,0
NGM5 FUT NYMEX 10000,20150327,72142,2.709,1,0,0,0,0,0
NGM5 FUT NYMEX 10000,20150327,72351,2.704,2,0,0,0,0,0
NGM5 FUT NYMEX 10000,20150327,72442,2.706,1,0,0,0,0,0
NGM5 FUT NYMEX 10000,20150327,72547,2.706,1,0,0,0,0,0
NGM5 FUT NYMEX 10000,20150327,72658,2.707,1,0,0,0,0,0
NGM5 FUT NYMEX 10000,20150327,72719,2.706,1,0,0,0,0,0
NGM5 FUT NYMEX 10000,20150327,73012,2.711,1,0,0,0,0,0
NGM5 FUT NYMEX 10000,20150327,73103,2.707,1,0,0,0,0,0
NGM5 FUT NYMEX 10000,20150327,73123,2.708,1,0,0,0,0,0
NGM5 FUT NYMEX 10000,20150327,73225,2.703,1,0,0,0,0,0
NGM5 FUT NYMEX 10000,20150327,73424,2.705,2,0,0,0,0,0
NGM5 FUT NYMEX 10000,20150327,73536,2.705,3,0,0,0,0,0
NGM5 FUT NYMEX 10000,20150327,73750,2.705,1,0,0,0,0,0
NGM5 FUT NYMEX 10000,20150327,74001,2.706,3,0,0,0,0,0
NGM5 FUT NYMEX 10000,20150327,74022,2.707,15,0,0,0,0,0
NGM5 FUT NYMEX 10000,20150327,74032,2.708,5,0,0,0,0,0
NGM5 FUT NYMEX 10000,20150327,74035,2.708,1,0,0,0,0,0
NGM5 FUT NYMEX 10000,20150327,74531,2.704,3,0,0,0,0,0
NGM5 FUT NYMEX 10000,20150327,74758,2.705,1,0,0,0,0,0
NGM5 FUT NYMEX 10000,20150327,74906,2.707,1,0,0,0,0,0
NGM5 FUT NYMEX 10000,20150327,75115,2.706,1,0,0,0,0,0
NGM5 FUT NYMEX 10000,20150327,75327,2.705,1,0,0,0,0,0
NGM5 FUT NYMEX 10000,20150327,75513,2.708,1,0,0,0,0,0
NGM5 FUT NYMEX 10000,20150327,75704,2.705,1,0,0,0,0,0
NGM5 FUT NYMEX 10000,20150327,80112,2.714,1,0,0,0,0,0
NGM5 FUT NYMEX 10000,20150327,80400,2.716,2,0,0,0,0,0
NGM5 FUT NYMEX 10000,20150327,80447,2.716,1,0,0,0,0,0
NGM5 FUT NYMEX 10000,20150327,80502,2.715,2,0,0,0,0,0
NGM5 FUT NYMEX 10000,20150327,80642,2.716,1,0,0,0,0,0
NGM5 FUT NYMEX 10000,20150327,80733,2.714,1,0,0,0,0,0
NGM5 FUT NYMEX 10000,20150327,80924,2.71,1,0,0,0,0,0
NGM5 FUT NYMEX 10000,20150327,80952,2.71,2,0,0,0,0,0
NGM5 FUT NYMEX 10000,20150327,81202,2.713,1,0,0,0,0,0
NGM5 FUT NYMEX 10000,20150327,81505,2.711,3,0,0,0,0,0
NGM5 FUT NYMEX 10000,20150327,81511,2.712,1,0,0,0,0,0
NGM5 FUT NYMEX 10000,20150327,81607,2.71,3,0,0,0,0,0
NGM5 FUT NYMEX 10000,20150327,81858,2.709,1,0,0,0,0,0
NGM5 FUT NYMEX 10000,20150327,82002,2.713,6,0,0,0,0,0
NGM5 FUT NYMEX 10000,20150327,82053,2.711,2,0,0,0,0,0
NGM5 FUT NYMEX 10000,20150327,82119,2.711,1,0,0,0,0,0
NGM5 FUT NYMEX 10000,20150327,82502,2.715,1,0,0,0,0,0
NGM5 FUT NYMEX 10000,20150327,82553,2.714,1,0,0,0,0,0
NGM5 FUT NYMEX 10000,20150327,82735,2.71,1,0,0,0,0,0
NGM5 FUT NYMEX 10000,20150327,82804,2.709,1,0,0,0,0,0
NGM5 FUT NYMEX 10000,20150327,82918,2.708,1,0,0,0,0,0
NGM5 FUT NYMEX 10000,20150327,82955,2.707,1,0,0,0,0,0
NGM5 FUT NYMEX 10000,20150327,83000,2.709,1,0,0,0,0,0
NGM5 FUT NYMEX 10000,20150327,83017,2.711,1,0,0,0,0,0
NGM5 FUT NYMEX 10000,20150327,83103,2.713,2,0,0,0,0,0
NGM5 FUT NYMEX 10000,20150327,83217,2.71,1,0,0,0,0,0
NGM5 FUT NYMEX 10000,20150327,83245,2.709,1,0,0,0,0,0
NGM5 FUT NYMEX 10000,20150327,83403,2.707,1,0,0,0,0,0
NGM5 FUT NYMEX 10000,20150327,83417,2.709,1,0,0,0,0,0
NGM5 FUT NYMEX 10000,20150327,83442,2.706,3,0,0,0,0,0
NGM5 FUT NYMEX 10000,20150327,83527,2.707,3,0,0,0,0,0
NGM5 FUT NYMEX 10000,20150327,83548,2.706,1,0,0,0,0,0
NGM5 FUT NYMEX 10000,20150327,83549,2.706,2,0,0,0,0,0
NGM5 FUT NYMEX 10000,20150327,83607,2.707,1,0,0,0,0,0
NGM5 FUT NYMEX 10000,20150327,83617,2.708,1,0,0,0,0,0
NGM5 FUT NYMEX 10000,20150327,83927,2.713,1,0,0,0,0,0
NGM5 FUT NYMEX 10000,20150327,83954,2.712,1,0,0,0,0,0
NGM5 FUT NYMEX 10000,20150327,84017,2.713,1,0,0,0,0,0
NGM5 FUT NYMEX 10000,20150327,84150,2.711,1,0,0,0,0,0
NGM5 FUT NYMEX 10000,20150327,84233,2.715,1,0,0,0,0,0
NGM5 FUT NYMEX 10000,20150327,84425,2.714,1,0,0,0,0,0
NGM5 FUT NYMEX 10000,20150327,84450,2.713,2,0,0,0,0,0
NGM5 FUT NYMEX 10000,20150327,84508,2.714,1,0,0,0,0,0
NGM5 FUT NYMEX 10000,20150327,84912,2.711,1,0,0,0,0,0
NGM5 FUT NYMEX 10000,20150327,84935,2.71,4,0,0,0,0,0
NGM5 FUT NYMEX 10000,20150327,84947,2.71,1,0,0,0,0,0
NGM5 FUT NYMEX 10000,20150327,85031,2.713,1,0,0,0,0,0
NGM5 FUT NYMEX 10000,20150327,85053,2.714,1,0,0,0,0,0
NGM5 FUT NYMEX 10000,20150327,85215,2.712,1,0,0,0,0,0
NGM5 FUT NYMEX 10000,20150327,85359,2.713,1,0,0,0,0,0
NGM5 FUT NYMEX 10000,20150327,85508,2.717,1,0,0,0,0,0
NGM5 FUT NYMEX 10000,20150327,85732,2.718,2,0,0,0,0,0
NGM5 FUT NYMEX 10000,20150327,85958,2.716,5,0,0,0,0,0
NGM5 FUT NYMEX 10000,20150327,90017,2.718,1,0,0,0,0,0
NGM5 FUT NYMEX 10000,20150327,90025,2.72,1,0,0,0,0,0
NGM5 FUT NYMEX 10000,20150327,90107,2.717,1,0,0,0,0,0
NGM5 FUT NYMEX 10000,20150327,90125,2.716,1,0,0,0,0,0
NGM5 FUT NYMEX 10000,20150327,90149,2.717,1,0,0,0,0,0
NGM5 FUT NYMEX 10000,20150327,90240,2.715,1,0,0,0,0,0
NGM5 FUT NYMEX 10000,20150327,90308,2.715,2,0,0,0,0,0
NGM5 FUT NYMEX 10000,20150327,90349,2.713,1,0,0,0,0,0
NGM5 FUT NYMEX 10000,20150327,90410,2.711,1,0,0,0,0,0
NGM5 FUT NYMEX 10000,20150327,90427,2.711,1,0,0,0,0,0
NGM5 FUT NYMEX 10000,20150327,90433,2.712,2,0,0,0,0,0
NGM5 FUT NYMEX 10000,20150327,90444,2.712,1,0,0,0,0,0
NGM5 FUT NYMEX 10000,20150327,90450,2.711,1,0,0,0,0,0
NGM5 FUT NYMEX 10000,20150327,90515,2.71,3,0,0,0,0,0
NGM5 FUT NYMEX 10000,20150327,90548,2.709,2,0,0,0,0,0
NGM5 FUT NYMEX 10000,20150327,90558,2.71,9,0,0,0,0,0
NGM5 FUT NYMEX 10000,20150327,90616,2.709,2,0,0,0,0,0
NGM5 FUT NYMEX 10000,20150327,90627,2.71,1,0,0,0,0,0
NGM5 FUT NYMEX 10000,20150327,90656,2.709,3,0,0,0,0,0
NGM5 FUT NYMEX 10000,20150327,90706,2.712,2,0,0,0,0,0
NGM5 FUT NYMEX 10000,20150327,90719,2.712,3,0,0,0,0,0
NGM5 FUT NYMEX 10000,20150327,90748,2.711,2,0,0,0,0,0
NGM5 FUT NYMEX 10000,20150327,90751,2.711,1,0,0,0,0,0
NGM5 FUT NYMEX 10000,20150327,90809,2.712,1,0,0,0,0,0
NGM5 FUT NYMEX 10000,20150327,90819,2.71,1,0,0,0,0,0
NGM5 FUT NYMEX 10000,20150327,90820,2.71,14,0,0,0,0,0
NGM5 FUT NYMEX 10000,20150327,90839,2.708,1,0,0,0,0,0
NGM5 FUT NYMEX 10000,20150327,90839,2.708,3,0,0,0,0,0
NGM5 FUT NYMEX 10000,20150327,90857,2.709,3,0,0,0,0,0
NGM5 FUT NYMEX 10000,20150327,90905,2.707,5,0,0,0,0,0
NGM5 FUT NYMEX 10000,20150327,90918,2.707,5,0,0,0,0,0
NGM5 FUT NYMEX 10000,20150327,90928,2.708,1,0,0,0,0,0
NGM5 FUT NYMEX 10000,20150327,90947,2.707,1,0,0,0,0,0
NGM5 FUT NYMEX 10000,20150327,90956,2.709,2,0,0,0,0,0
NGM5 FUT NYMEX 10000,20150327,91007,2.709,2,0,0,0,0,0
NGM5 FUT NYMEX 10000,20150327,91018,2.711,1,0,0,0,0,0
NGM5 FUT NYMEX 10000,20150327,91108,2.71,9,0,0,0,0,0
NGM5 FUT NYMEX 10000,20150327,91118,2.71,1,0,0,0,0,0
NGM5 FUT NYMEX 10000,20150327,91151,2.712,7,0,0,0,0,0
NGM5 FUT NYMEX 10000,20150327,91221,2.714,2,0,0,0,0,0
NGM5 FUT NYMEX 10000,20150327,91238,2.712,1,0,0,0,0,0
NGM5 FUT NYMEX 10000,20150327,91307,2.714,1,0,0,0,0,0
NGM5 FUT NYMEX 10000,20150327,91328,2.712,2,0,0,0,0,0
NGM5 FUT NYMEX 10000,20150327,91330,2.711,1,0,0,0,0,0
NGM5 FUT NYMEX 10000,20150327,91342,2.71,1,0,0,0,0,0
NGM5 FUT NYMEX 10000,20150327,91350,2.711,2,0,0,0,0,0
NGM5 FUT NYMEX 10000,20150327,91416,2.711,3,0,0,0,0,0
NGM5 FUT NYMEX 10000,20150327,91429,2.71,1,0,0,0,0,0
NGM5 FUT NYMEX 10000,20150327,91449,2.71,2,0,0,0,0,0
NGM5 FUT NYMEX 10000,20150327,91545,2.709,1,0,0,0,0,0
NGM5 FUT NYMEX 10000,20150327,91551,2.711,2,0,0,0,0,0
NGM5 FUT NYMEX 10000,20150327,91631,2.709,4,0,0,0,0,0
NGM5 FUT NYMEX 10000,20150327,91649,2.71,1,0,0,0,0,0
NGM5 FUT NYMEX 10000,20150327,91751,2.711,1,0,0,0,0,0
NGM5 FUT NYMEX 10000,20150327,91825,2.71,1,0,0,0,0,0
NGM5 FUT NYMEX 10000,20150327,91843,2.709,1,0,0,0,0,0
NGM5 FUT NYMEX 10000,20150327,91906,2.708,2,0,0,0,0,0
NGM5 FUT NYMEX 10000,20150327,91913,2.707,1,0,0,0,0,0
NGM5 FUT NYMEX 10000,20150327,91929,2.711,23,0,0,0,0,0
NGM5 FUT NYMEX 10000,20150327,91932,2.711,2,0,0,0,0,0
NGM5 FUT NYMEX 10000,20150327,91955,2.712,1,0,0,0,0,0
NGM5 FUT NYMEX 10000,20150327,92016,2.711,1,0,0,0,0,0
NGM5 FUT NYMEX 10000,20150327,92047,2.708,1,0,0,0,0,0
NGM5 FUT NYMEX 10000,20150327,92134,2.707,1,0,0,0,0,0
NGM5 FUT NYMEX 10000,20150327,92152,2.705,1,0,0,0,0,0
NGM5 FUT NYMEX 10000,20150327,92206,2.704,1,0,0,0,0,0
NGM5 FUT NYMEX 10000,20150327,92228,2.704,1,0,0,0,0,0
NGM5 FUT NYMEX 10000,20150327,92232,2.706,1,0,0,0,0,0
NGM5 FUT NYMEX 10000,20150327,92308,2.704,2,0,0,0,0,0
NGM5 FUT NYMEX 10000,20150327,92320,2.705,1,0,0,0,0,0
NGM5 FUT NYMEX 10000,20150327,92337,2.704,2,0,0,0,0,0
NGM5 FUT NYMEX 10000,20150327,92400,2.704,3,0,0,0,0,0
NGM5 FUT NYMEX 10000,20150327,92436,2.705,1,0,0,0,0,0
NGM5 FUT NYMEX 10000,20150327,92459,2.703,1,0,0,0,0,0
NGM5 FUT NYMEX 10000,20150327,92536,2.704,2,0,0,0,0,0
NGM5 FUT NYMEX 10000,20150327,92552,2.702,2,0,0,0,0,0
NGM5 FUT NYMEX 10000,20150327,92609,2.7,6,0,0,0,0,0
NGM5 FUT NYMEX 10000,20150327,92614,2.7,2,0,0,0,0,0
NGM5 FUT NYMEX 10000,20150327,92628,2.699,1,0,0,0,0,0
NGM5 FUT NYMEX 10000,20150327,92647,2.7,3,0,0,0,0,0
NGM5 FUT NYMEX 10000,20150327,92652,2.703,13,0,0,0,0,0
NGM5 FUT NYMEX 10000,20150327,92756,2.701,1,0,0,0,0,0
NGM5 FUT NYMEX 10000,20150327,92801,2.702,10,0,0,0,0,0
NGM5 FUT NYMEX 10000,20150327,92908,2.701,2,0,0,0,0,0
NGM5 FUT NYMEX 10000,20150327,92929,2.701,1,0,0,0,0,0
NGM5 FUT NYMEX 10000,20150327,92957,2.7,1,0,0,0,0,0
NGM5 FUT NYMEX 10000,20150327,93030,2.7,1,0,0,0,0,0
NGM5 FUT NYMEX 10000,20150327,93037,2.7,5,0,0,0,0,0
NGM5 FUT NYMEX 10000,20150327,93050,2.702,1,0,0,0,0,0
NGM5 FUT NYMEX 10000,20150327,93056,2.702,3,0,0,0,0,0
NGM5 FUT NYMEX 10000,20150327,93107,2.701,2,0,0,0,0,0
NGM5 FUT NYMEX 10000,20150327,93120,2.701,1,0,0,0,0,0
NGM5 FUT NYMEX 10000,20150327,93132,2.701,2,0,0,0,0,0
NGM5 FUT NYMEX 10000,20150327,93148,2.701,1,0,0,0,0,0
NGM5 FUT NYMEX 10000,20150327,93210,2.702,4,0,0,0,0,0
NGM5 FUT NYMEX 10000,20150327,93230,2.697,1,0,0,0,0,0
NGM5 FUT NYMEX 10000,20150327,93239,2.696,1,0,0,0,0,0
NGM5 FUT NYMEX 10000,20150327,93248,2.697,8,0,0,0,0,0
NGM5 FUT NYMEX 10000,20150327,93306,2.696,2,0,0,0,0,0
NGM5 FUT NYMEX 10000,20150327,93315,2.695,1,0,0,0,0,0
NGM5 FUT NYMEX 10000,20150327,93326,2.694,3,0,0,0,0,0
NGM5 FUT NYMEX 10000,20150327,93335,2.693,1,0,0,0,0,0
NGM5 FUT NYMEX 10000,20150327,93350,2.693,1,0,0,0,0,0
NGM5 FUT NYMEX 10000,20150327,93355,2.694,1,0,0,0,0,0
NGM5 FUT NYMEX 10000,20150327,93411,2.694,2,0,0,0,0,0
NGM5 FUT NYMEX 10000,20150327,93412,2.695,2,0,0,0,0,0
NGM5 FUT NYMEX 10000,20150327,93429,2.696,2,0,0,0,0,0
NGM5 FUT NYMEX 10000,20150327,93437,2.695,2,0,0,0,0,0
NGM5 FUT NYMEX 10000,20150327,93500,2.692,1,0,0,0,0,0
NGM5 FUT NYMEX 10000,20150327,93505,2.694,1,0,0,0,0,0
NGM5 FUT NYMEX 10000,20150327,93518,2.695,2,0,0,0,0,0
NGM5 FUT NYMEX 10000,20150327,93530,2.693,2,0,0,0,0,0
NGM5 FUT NYMEX 10000,20150327,93551,2.694,1,0,0,0,0,0
NGM5 FUT NYMEX 10000,20150327,93609,2.694,1,0,0,0,0,0
NGM5 FUT NYMEX 10000,20150327,93634,2.693,5,0,0,0,0,0
NGM5 FUT NYMEX 10000,20150327,93645,2.695,1,0,0,0,0,0
NGM5 FUT NYMEX 10000,20150327,93708,2.694,1,0,0,0,0,0
NGM5 FUT NYMEX 10000,20150327,93729,2.694,1,0,0,0,0,0
NGM5 FUT NYMEX 10000,20150327,93741,2.695,1,0,0,0,0,0
NGM5 FUT NYMEX 10000,20150327,93757,2.694,3,0,0,0,0,0
NGM5 FUT NYMEX 10000,20150327,93806,2.694,1,0,0,0,0,0
NGM5 FUT NYMEX 10000,20150327,93836,2.695,2,0,0,0,0,0
NGM5 FUT NYMEX 10000,20150327,93844,2.694,3,0,0,0,0,0
NGM5 FUT NYMEX 10000,20150327,93857,2.694,1,0,0,0,0,0
NGM5 FUT NYMEX 10000,20150327,94000,2.696,1,0,0,0,0,0
NGM5 FUT NYMEX 10000,20150327,94010,2.696,1,0,0,0,0,0
NGM5 FUT NYMEX 10000,20150327,94028,2.696,2,0,0,0,0,0
NGM5 FUT NYMEX 10000,20150327,94035,2.697,1,0,0,0,0,0
NGM5 FUT NYMEX 10000,20150327,94105,2.695,2,0,0,0,0,0
NGM5 FUT NYMEX 10000,20150327,94112,2.694,1,0,0,0,0,0
NGM5 FUT NYMEX 10000,20150327,94130,2.693,1,0,0,0,0,0
NGM5 FUT NYMEX 10000,20150327,94140,2.693,1,0,0,0,0,0
NGM5 FUT NYMEX 10000,20150327,94200,2.694,5,0,0,0,0,0
NGM5 FUT NYMEX 10000,20150327,94205,2.694,1,0,0,0,0,0
NGM5 FUT NYMEX 10000,20150327,94246,2.693,1,0,0,0,0,0
NGM5 FUT NYMEX 10000,20150327,94318,2.695,1,0,0,0,0,0
NGM5 FUT NYMEX 10000,20150327,94401,2.696,2,0,0,0,0,0
NGM5 FUT NYMEX 10000,20150327,94402,2.696,8,0,0,0,0,0
NGM5 FUT NYMEX 10000,20150327,94440,2.694,1,0,0,0,0,0
NGM5 FUT NYMEX 10000,20150327,94444,2.695,1,0,0,0,0,0
NGM5 FUT NYMEX 10000,20150327,94457,2.697,1,0,0,0,0,0
NGM5 FUT NYMEX 10000,20150327,94508,2.696,2,0,0,0,0,0
NGM5 FUT NYMEX 10000,20150327,94522,2.695,1,0,0,0,0,0
NGM5 FUT NYMEX 10000,20150327,94549,2.696,2,0,0,0,0,0
NGM5 FUT NYMEX 10000,20150327,94554,2.697,1,0,0,0,0,0
NGM5 FUT NYMEX 10000,20150327,94617,2.697,6,0,0,0,0,0
NGM5 FUT NYMEX 10000,20150327,94701,2.696,1,0,0,0,0,0
NGM5 FUT NYMEX 10000,20150327,94738,2.694,1,0,0,0,0,0
NGM5 FUT NYMEX 10000,20150327,94801,2.695,1,0,0,0,0,0
NGM5 FUT NYMEX 10000,20150327,94822,2.695,2,0,0,0,0,0
NGM5 FUT NYMEX 10000,20150327,94836,2.694,1,0,0,0,0,0
NGM5 FUT NYMEX 10000,20150327,94850,2.694,2,0,0,0,0,0
NGM5 FUT NYMEX 10000,20150327,94859,2.693,16,0,0,0,0,0
NGM5 FUT NYMEX 10000,20150327,94910,2.694,2,0,0,0,0,0
NGM5 FUT NYMEX 10000,20150327,94921,2.694,2,0,0,0,0,0
NGM5 FUT NYMEX 10000,20150327,94930,2.693,2,0,0,0,0,0
NGM5 FUT NYMEX 10000,20150327,95000,2.694,1,0,0,0,0,0
NGM5 FUT NYMEX 10000,20150327,95011,2.693,1,0,0,0,0,0
NGM5 FUT NYMEX 10000,20150327,95021,2.693,1,0,0,0,0,0
NGM5 FUT NYMEX 10000,20150327,95030,2.693,8,0,0,0,0,0
NGM5 FUT NYMEX 10000,20150327,95059,2.691,5,0,0,0,0,0
NGM5 FUT NYMEX 10000,20150327,95118,2.694,1,0,0,0,0,0
NGM5 FUT NYMEX 10000,20150327,95137,2.693,1,0,0,0,0,0
NGM5 FUT NYMEX 10000,20150327,95227,2.692,1,0,0,0,0,0
NGM5 FUT NYMEX 10000,20150327,95311,2.692,2,0,0,0,0,0
NGM5 FUT NYMEX 10000,20150327,95323,2.692,1,0,0,0,0,0
NGM5 FUT NYMEX 10000,20150327,95357,2.693,1,0,0,0,0,0
NGM5 FUT NYMEX 10000,20150327,95411,2.691,1,0,0,0,0,0
NGM5 FUT NYMEX 10000,20150327,95421,2.69,12,0,0,0,0,0
NGM5 FUT NYMEX 10000,20150327,95430,2.691,1,0,0,0,0,0
NGM5 FUT NYMEX 10000,20150327,95509,2.69,4,0,0,0,0,0
NGM5 FUT NYMEX 10000,20150327,95520,2.69,2,0,0,0,0,0
NGM5 FUT NYMEX 10000,20150327,95529,2.689,1,0,0,0,0,0
NGM5 FUT NYMEX 10000,20150327,95534,2.69,1,0,0,0,0,0
NGM5 FUT NYMEX 10000,20150327,95550,2.689,3,0,0,0,0,0
NGM5 FUT NYMEX 10000,20150327,95554,2.689,1,0,0,0,0,0
NGM5 FUT NYMEX 10000,20150327,95608,2.689,1,0,0,0,0,0
NGM5 FUT NYMEX 10000,20150327,95631,2.69,2,0,0,0,0,0
NGM5 FUT NYMEX 10000,20150327,95639,2.691,1,0,0,0,0,0
NGM5 FUT NYMEX 10000,20150327,95652,2.69,10,0,0,0,0,0
NGM5 FUT NYMEX 10000,20150327,95722,2.691,1,0,0,0,0,0
NGM5 FUT NYMEX 10000,20150327,95759,2.69,1,0,0,0,0,0
NGM5 FUT NYMEX 10000,20150327,95832,2.69,2,0,0,0,0,0
NGM5 FUT NYMEX 10000,20150327,95850,2.691,1,0,0,0,0,0
NGM5 FUT NYMEX 10000,20150327,95854,2.691,1,0,0,0,0,0
NGM5 FUT NYMEX 10000,20150327,95940,2.691,1,0,0,0,0,0
NGM5 FUT NYMEX 10000,20150327,95945,2.689,1,0,0,0,0,0
NGM5 FUT NYMEX 10000,20150327,100039,2.689,2,0,0,0,0,0
NGM5 FUT NYMEX 10000,20150327,100051,2.689,1,0,0,0,0,0
NGM5 FUT NYMEX 10000,20150327,100222,2.688,1,0,0,0,0,0
NGM5 FUT NYMEX 10000,20150327,100224,2.69,2,0,0,0,0,0
NGM5 FUT NYMEX 10000,20150327,100242,2.692,1,0,0,0,0,0
NGM5 FUT NYMEX 10000,20150327,100257,2.692,1,0,0,0,0,0
NGM5 FUT NYMEX 10000,20150327,100308,2.694,1,0,0,0,0,0
NGM5 FUT NYMEX 10000,20150327,100313,2.695,1,0,0,0,0,0
NGM5 FUT NYMEX 10000,20150327,100335,2.696,1,0,0,0,0,0
NGM5 FUT NYMEX 10000,20150327,100345,2.696,3,0,0,0,0,0
NGM5 FUT NYMEX 10000,20150327,100356,2.697,1,0,0,0,0,0
NGM5 FUT NYMEX 10000,20150327,100410,2.696,2,0,0,0,0,0
NGM5 FUT NYMEX 10000,20150327,100421,2.693,1,0,0,0,0,0
NGM5 FUT NYMEX 10000,20150327,100425,2.692,2,0,0,0,0,0
NGM5 FUT NYMEX 10000,20150327,100439,2.693,3,0,0,0,0,0
NGM5 FUT NYMEX 10000,20150327,100448,2.695,1,0,0,0,0,0
NGM5 FUT NYMEX 10000,20150327,100510,2.693,1,0,0,0,0,0
NGM5 FUT NYMEX 10000,20150327,100538,2.694,1,0,0,0,0,0
NGM5 FUT NYMEX 10000,20150327,100555,2.691,1,0,0,0,0,0
NGM5 FUT NYMEX 10000,20150327,100724,2.692,10,0,0,0,0,0
NGM5 FUT NYMEX 10000,20150327,100734,2.693,2,0,0,0,0,0
NGM5 FUT NYMEX 10000,20150327,100749,2.695,2,0,0,0,0,0
NGM5 FUT NYMEX 10000,20150327,100801,2.694,2,0,0,0,0,0
NGM5 FUT NYMEX 10000,20150327,100827,2.694,1,0,0,0,0,0
NGM5 FUT NYMEX 10000,20150327,100842,2.693,2,0,0,0,0,0
NGM5 FUT NYMEX 10000,20150327,100843,2.693,3,0,0,0,0,0
NGM5 FUT NYMEX 10000,20150327,100909,2.693,2,0,0,0,0,0
NGM5 FUT NYMEX 10000,20150327,100927,2.693,3,0,0,0,0,0
NGM5 FUT NYMEX 10000,20150327,100935,2.692,5,0,0,0,0,0
NGM5 FUT NYMEX 10000,20150327,100951,2.693,1,0,0,0,0,0
NGM5 FUT NYMEX 10000,20150327,100956,2.693,3,0,0,0,0,0
NGM5 FUT NYMEX 10000,20150327,101027,2.694,1,0,0,0,0,0
NGM5 FUT NYMEX 10000,20150327,101057,2.693,1,0,0,0,0,0
NGM5 FUT NYMEX 10000,20150327,101110,2.693,2,0,0,0,0,0
NGM5 FUT NYMEX 10000,20150327,101129,2.693,2,0,0,0,0,0
NGM5 FUT NYMEX 10000,20150327,101133,2.692,1,0,0,0,0,0
NGM5 FUT NYMEX 10000,20150327,101210,2.694,2,0,0,0,0,0
NGM5 FUT NYMEX 10000,20150327,101251,2.694,1,0,0,0,0,0
NGM5 FUT NYMEX 10000,20150327,101344,2.695,1,0,0,0,0,0
NGM5 FUT NYMEX 10000,20150327,101358,2.697,1,0,0,0,0,0
NGM5 FUT NYMEX 10000,20150327,101500,2.696,4,0,0,0,0,0
NGM5 FUT NYMEX 10000,20150327,101516,2.692,1,0,0,0,0,0
NGM5 FUT NYMEX 10000,20150327,101529,2.693,2,0,0,0,0,0
NGM5 FUT NYMEX 10000,20150327,101545,2.693,1,0,0,0,0,0
NGM5 FUT NYMEX 10000,20150327,101603,2.694,2,0,0,0,0,0
NGM5 FUT NYMEX 10000,20150327,101650,2.693,1,0,0,0,0,0
NGM5 FUT NYMEX 10000,20150327,101723,2.695,1,0,0,0,0,0
NGM5 FUT NYMEX 10000,20150327,101759,2.694,6,0,0,0,0,0
NGM5 FUT NYMEX 10000,20150327,101819,2.694,1,0,0,0,0,0
NGM5 FUT NYMEX 10000,20150327,101828,2.692,2,0,0,0,0,0
NGM5 FUT NYMEX 10000,20150327,101853,2.693,2,0,0,0,0,0
NGM5 FUT NYMEX 10000,20150327,101909,2.692,1,0,0,0,0,0
NGM5 FUT NYMEX 10000,20150327,102053,2.692,1,0,0,0,0,0
NGM5 FUT NYMEX 10000,20150327,102101,2.692,5,0,0,0,0,0
NGM5 FUT NYMEX 10000,20150327,102120,2.693,3,0,0,0,0,0
NGM5 FUT NYMEX 10000,20150327,102201,2.692,1,0,0,0,0,0
NGM5 FUT NYMEX 10000,20150327,102223,2.693,1,0,0,0,0,0
NGM5 FUT NYMEX 10000,20150327,102318,2.692,1,0,0,0,0,0
NGM5 FUT NYMEX 10000,20150327,102332,2.692,1,0,0,0,0,0
NGM5 FUT NYMEX 10000,20150327,102352,2.692,3,0,0,0,0,0
NGM5 FUT NYMEX 10000,20150327,102402,2.693,1,0,0,0,0,0
NGM5 FUT NYMEX 10000,20150327,102454,2.694,1,0,0,0,0,0
NGM5 FUT NYMEX 10000,20150327,102521,2.693,1,0,0,0,0,0
NGM5 FUT NYMEX 10000,20150327,102541,2.692,1,0,0,0,0,0
NGM5 FUT NYMEX 10000,20150327,102612,2.694,1,0,0,0,0,0
NGM5 FUT NYMEX 10000,20150327,102616,2.693,10,0,0,0,0,0
NGM5 FUT NYMEX 10000,20150327,102643,2.694,1,0,0,0,0,0
NGM5 FUT NYMEX 10000,20150327,102652,2.693,1,0,0,0,0,0
NGM5 FUT NYMEX 10000,20150327,102713,2.694,1,0,0,0,0,0
NGM5 FUT NYMEX 10000,20150327,102832,2.693,1,0,0,0,0,0
NGM5 FUT NYMEX 10000,20150327,102834,2.694,1,0,0,0,0,0
NGM5 FUT NYMEX 10000,20150327,103034,2.693,1,0,0,0,0,0
NGM5 FUT NYMEX 10000,20150327,103049,2.695,1,0,0,0,0,0
NGM5 FUT NYMEX 10000,20150327,103118,2.694,1,0,0,0,0,0
NGM5 FUT NYMEX 10000,20150327,103132,2.694,3,0,0,0,0,0
NGM5 FUT NYMEX 10000,20150327,103151,2.693,1,0,0,0,0,0
NGM5 FUT NYMEX 10000,20150327,103154,2.694,1,0,0,0,0,0
NGM5 FUT NYMEX 10000,20150327,103257,2.693,2,0,0,0,0,0
NGM5 FUT NYMEX 10000,20150327,103305,2.694,3,0,0,0,0,0
NGM5 FUT NYMEX 10000,20150327,103318,2.694,2,0,0,0,0,0
NGM5 FUT NYMEX 10000,20150327,103324,2.694,1,0,0,0,0,0
NGM5 FUT NYMEX 10000,20150327,103340,2.693,2,0,0,0,0,0
NGM5 FUT NYMEX 10000,20150327,103411,2.692,4,0,0,0,0,0
NGM5 FUT NYMEX 10000,20150327,103426,2.692,1,0,0,0,0,0
NGM5 FUT NYMEX 10000,20150327,103442,2.692,1,0,0,0,0,0
NGM5 FUT NYMEX 10000,20150327,103450,2.693,1,0,0,0,0,0
NGM5 FUT NYMEX 10000,20150327,103458,2.692,1,0,0,0,0,0
NGM5 FUT NYMEX 10000,20150327,103516,2.693,1,0,0,0,0,0
NGM5 FUT NYMEX 10000,20150327,103640,2.694,1,0,0,0,0,0
NGM5 FUT NYMEX 10000,20150327,103805,2.693,1,0,0,0,0,0
NGM5 FUT NYMEX 10000,20150327,104053,2.694,1,0,0,0,0,0
NGM5 FUT NYMEX 10000,20150327,104144,2.694,3,0,0,0,0,0
NGM5 FUT NYMEX 10000,20150327,104153,2.694,2,0,0,0,0,0
NGM5 FUT NYMEX 10000,20150327,104155,2.693,1,0,0,0,0,0
NGM5 FUT NYMEX 10000,20150327,104250,2.692,1,0,0,0,0,0
NGM5 FUT NYMEX 10000,20150327,104301,2.693,2,0,0,0,0,0
NGM5 FUT NYMEX 10000,20150327,104419,2.694,1,0,0,0,0,0
NGM5 FUT NYMEX 10000,20150327,104447,2.693,1,0,0,0,0,0
NGM5 FUT NYMEX 10000,20150327,104513,2.693,2,0,0,0,0,0
NGM5 FUT NYMEX 10000,20150327,104552,2.692,1,0,0,0,0,0
NGM5 FUT NYMEX 10000,20150327,104557,2.693,1,0,0,0,0,0
NGM5 FUT NYMEX 10000,20150327,104635,2.694,1,0,0,0,0,0
NGM5 FUT NYMEX 10000,20150327,104659,2.693,1,0,0,0,0,0
NGM5 FUT NYMEX 10000,20150327,104831,2.692,1,0,0,0,0,0
NGM5 FUT NYMEX 10000,20150327,104845,2.693,6,0,0,0,0,0
NGM5 FUT NYMEX 10000,20150327,104904,2.692,1,0,0,0,0,0
NGM5 FUT NYMEX 10000,20150327,104914,2.693,1,0,0,0,0,0
NGM5 FUT NYMEX 10000,20150327,104917,2.693,4,0,0,0,0,0
NGM5 FUT NYMEX 10000,20150327,104931,2.693,1,0,0,0,0,0
NGM5 FUT NYMEX 10000,20150327,104948,2.693,2,0,0,0,0,0
NGM5 FUT NYMEX 10000,20150327,105001,2.694,1,0,0,0,0,0
NGM5 FUT NYMEX 10000,20150327,105053,2.694,3,0,0,0,0,0
NGM5 FUT NYMEX 10000,20150327,105103,2.693,1,0,0,0,0,0
NGM5 FUT NYMEX 10000,20150327,105125,2.694,4,0,0,0,0,0
NGM5 FUT NYMEX 10000,20150327,105202,2.693,1,0,0,0,0,0
NGM5 FUT NYMEX 10000,20150327,105224,2.693,1,0,0,0,0,0
NGM5 FUT NYMEX 10000,20150327,105225,2.693,5,0,0,0,0,0
NGM5 FUT NYMEX 10000,20150327,105300,2.693,1,0,0,0,0,0
NGM5 FUT NYMEX 10000,20150327,105310,2.693,2,0,0,0,0,0
NGM5 FUT NYMEX 10000,20150327,105330,2.693,1,0,0,0,0,0
NGM5 FUT NYMEX 10000,20150327,105405,2.694,3,0,0,0,0,0
NGM5 FUT NYMEX 10000,20150327,105500,2.696,2,0,0,0,0,0
NGM5 FUT NYMEX 10000,20150327,105551,2.694,1,0,0,0,0,0
NGM5 FUT NYMEX 10000,20150327,105604,2.693,1,0,0,0,0,0
NGM5 FUT NYMEX 10000,20150327,105606,2.694,1,0,0,0,0,0
NGM5 FUT NYMEX 10000,20150327,105649,2.695,1,0,0,0,0,0
NGM5 FUT NYMEX 10000,20150327,105736,2.696,1,0,0,0,0,0
NGM5 FUT NYMEX 10000,20150327,105801,2.695,1,0,0,0,0,0
NGM5 FUT NYMEX 10000,20150327,105850,2.696,3,0,0,0,0,0
NGM5 FUT NYMEX 10000,20150327,105906,2.697,1,0,0,0,0,0
NGM5 FUT NYMEX 10000,20150327,105925,2.696,2,0,0,0,0,0
NGM5 FUT NYMEX 10000,20150327,110001,2.697,8,0,0,0,0,0
NGM5 FUT NYMEX 10000,20150327,110010,2.697,1,0,0,0,0,0
NGM5 FUT NYMEX 10000,20150327,110035,2.699,1,0,0,0,0,0
NGM5 FUT NYMEX 10000,20150327,110109,2.698,1,0,0,0,0,0
NGM5 FUT NYMEX 10000,20150327,110242,2.699,1,0,0,0,0,0
NGM5 FUT NYMEX 10000,20150327,110314,2.699,1,0,0,0,0,0
NGM5 FUT NYMEX 10000,20150327,110436,2.698,1,0,0,0,0,0
NGM5 FUT NYMEX 10000,20150327,110505,2.697,4,0,0,0,0,0
NGM5 FUT NYMEX 10000,20150327,110522,2.697,5,0,0,0,0,0
NGM5 FUT NYMEX 10000,20150327,110616,2.696,1,0,0,0,0,0
NGM5 FUT NYMEX 10000,20150327,110754,2.696,13,0,0,0,0,0
NGM5 FUT NYMEX 10000,20150327,110803,2.695,1,0,0,0,0,0
NGM5 FUT NYMEX 10000,20150327,110807,2.694,1,0,0,0,0,0
NGM5 FUT NYMEX 10000,20150327,110832,2.695,3,0,0,0,0,0
NGM5 FUT NYMEX 10000,20150327,110918,2.697,2,0,0,0,0,0
NGM5 FUT NYMEX 10000,20150327,110932,2.695,1,0,0,0,0,0
NGM5 FUT NYMEX 10000,20150327,111001,2.694,2,0,0,0,0,0
NGM5 FUT NYMEX 10000,20150327,111011,2.693,7,0,0,0,0,0
NGM5 FUT NYMEX 10000,20150327,111024,2.694,1,0,0,0,0,0
NGM5 FUT NYMEX 10000,20150327,111033,2.693,1,0,0,0,0,0
NGM5 FUT NYMEX 10000,20150327,111125,2.693,1,0,0,0,0,0
NGM5 FUT NYMEX 10000,20150327,111145,2.692,1,0,0,0,0,0
NGM5 FUT NYMEX 10000,20150327,111203,2.692,1,0,0,0,0,0
NGM5 FUT NYMEX 10000,20150327,111303,2.692,1,0,0,0,0,0
NGM5 FUT NYMEX 10000,20150327,111312,2.691,2,0,0,0,0,0
NGM5 FUT NYMEX 10000,20150327,111319,2.692,3,0,0,0,0,0
NGM5 FUT NYMEX 10000,20150327,111330,2.691,1,0,0,0,0,0
NGM5 FUT NYMEX 10000,20150327,111352,2.691,1,0,0,0,0,0
NGM5 FUT NYMEX 10000,20150327,111511,2.692,4,0,0,0,0,0
NGM5 FUT NYMEX 10000,20150327,111526,2.692,1,0,0,0,0,0
NGM5 FUT NYMEX 10000,20150327,111544,2.691,1,0,0,0,0,0
NGM5 FUT NYMEX 10000,20150327,111610,2.692,1,0,0,0,0,0
NGM5 FUT NYMEX 10000,20150327,111647,2.692,2,0,0,0,0,0
NGM5 FUT NYMEX 10000,20150327,111705,2.693,1,0,0,0,0,0
NGM5 FUT NYMEX 10000,20150327,111825,2.691,1,0,0,0,0,0
NGM5 FUT NYMEX 10000,20150327,111843,2.693,3,0,0,0,0,0
NGM5 FUT NYMEX 10000,20150327,111856,2.692,29,0,0,0,0,0
NGM5 FUT NYMEX 10000,20150327,111905,2.693,1,0,0,0,0,0
NGM5 FUT NYMEX 10000,20150327,111908,2.691,1,0,0,0,0,0
NGM5 FUT NYMEX 10000,20150327,111925,2.692,1,0,0,0,0,0
NGM5 FUT NYMEX 10000,20150327,111936,2.693,2,0,0,0,0,0
NGM5 FUT NYMEX 10000,20150327,111939,2.692,1,0,0,0,0,0
NGM5 FUT NYMEX 10000,20150327,112018,2.693,1,0,0,0,0,0
NGM5 FUT NYMEX 10000,20150327,112032,2.694,1,0,0,0,0,0
NGM5 FUT NYMEX 10000,20150327,112105,2.696,2,0,0,0,0,0
NGM5 FUT NYMEX 10000,20150327,112107,2.696,7,0,0,0,0,0
NGM5 FUT NYMEX 10000,20150327,112123,2.696,1,0,0,0,0,0
NGM5 FUT NYMEX 10000,20150327,112150,2.694,1,0,0,0,0,0
NGM5 FUT NYMEX 10000,20150327,112200,2.698,1,0,0,0,0,0
NGM5 FUT NYMEX 10000,20150327,112229,2.698,1,0,0,0,0,0
NGM5 FUT NYMEX 10000,20150327,112248,2.699,1,0,0,0,0,0
NGM5 FUT NYMEX 10000,20150327,112304,2.7,3,0,0,0,0,0
NGM5 FUT NYMEX 10000,20150327,112312,2.698,1,0,0,0,0,0
NGM5 FUT NYMEX 10000,20150327,112510,2.696,3,0,0,0,0,0
NGM5 FUT NYMEX 10000,20150327,112640,2.696,1,0,0,0,0,0
NGM5 FUT NYMEX 10000,20150327,112704,2.697,5,0,0,0,0,0
NGM5 FUT NYMEX 10000,20150327,112845,2.697,1,0,0,0,0,0
NGM5 FUT NYMEX 10000,20150327,113016,2.696,2,0,0,0,0,0
NGM5 FUT NYMEX 10000,20150327,113035,2.695,1,0,0,0,0,0
NGM5 FUT NYMEX 10000,20150327,113042,2.695,1,0,0,0,0,0
NGM5 FUT NYMEX 10000,20150327,113129,2.694,1,0,0,0,0,0
NGM5 FUT NYMEX 10000,20150327,113146,2.692,1,0,0,0,0,0
NGM5 FUT NYMEX 10000,20150327,113157,2.693,2,0,0,0,0,0
NGM5 FUT NYMEX 10000,20150327,113214,2.692,2,0,0,0,0,0
NGM5 FUT NYMEX 10000,20150327,113218,2.692,1,0,0,0,0,0
NGM5 FUT NYMEX 10000,20150327,113236,2.693,7,0,0,0,0,0
NGM5 FUT NYMEX 10000,20150327,113237,2.693,1,0,0,0,0,0
NGM5 FUT NYMEX 10000,20150327,113254,2.691,2,0,0,0,0,0
NGM5 FUT NYMEX 10000,20150327,113312,2.691,4,0,0,0,0,0
NGM5 FUT NYMEX 10000,20150327,113329,2.691,1,0,0,0,0,0
NGM5 FUT NYMEX 10000,20150327,113349,2.692,1,0,0,0,0,0
NGM5 FUT NYMEX 10000,20150327,113415,2.691,1,0,0,0,0,0
NGM5 FUT NYMEX 10000,20150327,113418,2.691,1,0,0,0,0,0
NGM5 FUT NYMEX 10000,20150327,113428,2.691,2,0,0,0,0,0
NGM5 FUT NYMEX 10000,20150327,113455,2.691,5,0,0,0,0,0
NGM5 FUT NYMEX 10000,20150327,113524,2.691,1,0,0,0,0,0
NGM5 FUT NYMEX 10000,20150327,113542,2.692,1,0,0,0,0,0
NGM5 FUT NYMEX 10000,20150327,113551,2.692,1,0,0,0,0,0
NGM5 FUT NYMEX 10000,20150327,113608,2.691,1,0,0,0,0,0
NGM5 FUT NYMEX 10000,20150327,113652,2.692,3,0,0,0,0,0
NGM5 FUT NYMEX 10000,20150327,113701,2.693,1,0,0,0,0,0
NGM5 FUT NYMEX 10000,20150327,113730,2.691,1,0,0,0,0,0
NGM5 FUT NYMEX 10000,20150327,113901,2.69,2,0,0,0,0,0
NGM5 FUT NYMEX 10000,20150327,113909,2.69,1,0,0,0,0,0
NGM5 FUT NYMEX 10000,20150327,113924,2.691,1,0,0,0,0,0
NGM5 FUT NYMEX 10000,20150327,113942,2.69,10,0,0,0,0,0
NGM5 FUT NYMEX 10000,20150327,113948,2.689,1,0,0,0,0,0
NGM5 FUT NYMEX 10000,20150327,114001,2.687,3,0,0,0,0,0
NGM5 FUT NYMEX 10000,20150327,114010,2.685,1,0,0,0,0,0
NGM5 FUT NYMEX 10000,20150327,114027,2.686,1,0,0,0,0,0
NGM5 FUT NYMEX 10000,20150327,114034,2.686,4,0,0,0,0,0
NGM5 FUT NYMEX 10000,20150327,114040,2.685,1,0,0,0,0,0
NGM5 FUT NYMEX 10000,20150327,114101,2.686,1,0,0,0,0,0
NGM5 FUT NYMEX 10000,20150327,114109,2.684,1,0,0,0,0,0
NGM5 FUT NYMEX 10000,20150327,114127,2.684,13,0,0,0,0,0
NGM5 FUT NYMEX 10000,20150327,114131,2.684,1,0,0,0,0,0
NGM5 FUT NYMEX 10000,20150327,114146,2.686,1,0,0,0,0,0
NGM5 FUT NYMEX 10000,20150327,114223,2.684,1,0,0,0,0,0
NGM5 FUT NYMEX 10000,20150327,114245,2.684,11,0,0,0,0,0
NGM5 FUT NYMEX 10000,20150327,114248,2.683,1,0,0,0,0,0
NGM5 FUT NYMEX 10000,20150327,114303,2.684,1,0,0,0,0,0
NGM5 FUT NYMEX 10000,20150327,114326,2.686,1,0,0,0,0,0
NGM5 FUT NYMEX 10000,20150327,114337,2.687,2,0,0,0,0,0
NGM5 FUT NYMEX 10000,20150327,114353,2.686,1,0,0,0,0,0
NGM5 FUT NYMEX 10000,20150327,114405,2.686,1,0,0,0,0,0
NGM5 FUT NYMEX 10000,20150327,114426,2.684,3,0,0,0,0,0
NGM5 FUT NYMEX 10000,20150327,114429,2.686,1,0,0,0,0,0
NGM5 FUT NYMEX 10000,20150327,114445,2.685,1,0,0,0,0,0
NGM5 FUT NYMEX 10000,20150327,114542,2.686,1,0,0,0,0,0
NGM5 FUT NYMEX 10000,20150327,114557,2.685,3,0,0,0,0,0
NGM5 FUT NYMEX 10000,20150327,114606,2.686,1,0,0,0,0,0
NGM5 FUT NYMEX 10000,20150327,114704,2.684,1,0,0,0,0,0
NGM5 FUT NYMEX 10000,20150327,114710,2.685,1,0,0,0,0,0
NGM5 FUT NYMEX 10000,20150327,114754,2.687,4,0,0,0,0,0
NGM5 FUT NYMEX 10000,20150327,114759,2.685,1,0,0,0,0,0
NGM5 FUT NYMEX 10000,20150327,114905,2.685,14,0,0,0,0,0
NGM5 FUT NYMEX 10000,20150327,114915,2.685,1,0,0,0,0,0
NGM5 FUT NYMEX 10000,20150327,114958,2.686,1,0,0,0,0,0
NGM5 FUT NYMEX 10000,20150327,115055,2.688,1,0,0,0,0,0
NGM5 FUT NYMEX 10000,20150327,115101,2.689,2,0,0,0,0,0
NGM5 FUT NYMEX 10000,20150327,115118,2.688,1,0,0,0,0,0
NGM5 FUT NYMEX 10000,20150327,115147,2.688,3,0,0,0,0,0
NGM5 FUT NYMEX 10000,20150327,115153,2.689,8,0,0,0,0,0
NGM5 FUT NYMEX 10000,20150327,115206,2.69,2,0,0,0,0,0
NGM5 FUT NYMEX 10000,20150327,115315,2.691,2,0,0,0,0,0
NGM5 FUT NYMEX 10000,20150327,115357,2.691,2,0,0,0,0,0
NGM5 FUT NYMEX 10000,20150327,115405,2.69,1,0,0,0,0,0
NGM5 FUT NYMEX 10000,20150327,115418,2.691,1,0,0,0,0,0
NGM5 FUT NYMEX 10000,20150327,115521,2.69,1,0,0,0,0,0
NGM5 FUT NYMEX 10000,20150327,115534,2.691,1,0,0,0,0,0
NGM5 FUT NYMEX 10000,20150327,115648,2.692,2,0,0,0,0,0
NGM5 FUT NYMEX 10000,20150327,115745,2.691,1,0,0,0,0,0
NGM5 FUT NYMEX 10000,20150327,115823,2.69,10,0,0,0,0,0
NGM5 FUT NYMEX 10000,20150327,115837,2.691,1,0,0,0,0,0
NGM5 FUT NYMEX 10000,20150327,115847,2.692,3,0,0,0,0,0
NGM5 FUT NYMEX 10000,20150327,115852,2.691,1,0,0,0,0,0
NGM5 FUT NYMEX 10000,20150327,115951,2.689,1,0,0,0,0,0
NGM5 FUT NYMEX 10000,20150327,120003,2.69,4,0,0,0,0,0
NGM5 FUT NYMEX 10000,20150327,120034,2.69,2,0,0,0,0,0
NGM5 FUT NYMEX 10000,20150327,120101,2.688,1,0,0,0,0,0
NGM5 FUT NYMEX 10000,20150327,120118,2.689,6,0,0,0,0,0
NGM5 FUT NYMEX 10000,20150327,120132,2.688,1,0,0,0,0,0
NGM5 FUT NYMEX 10000,20150327,120222,2.687,1,0,0,0,0,0
NGM5 FUT NYMEX 10000,20150327,120323,2.686,1,0,0,0,0,0
NGM5 FUT NYMEX 10000,20150327,120339,2.686,8,0,0,0,0,0
NGM5 FUT NYMEX 10000,20150327,120349,2.686,1,0,0,0,0,0
NGM5 FUT NYMEX 10000,20150327,120425,2.687,1,0,0,0,0,0
NGM5 FUT NYMEX 10000,20150327,120441,2.687,3,0,0,0,0,0
NGM5 FUT NYMEX 10000,20150327,120458,2.686,1,0,0,0,0,0
NGM5 FUT NYMEX 10000,20150327,120535,2.691,3,0,0,0,0,0
NGM5 FUT NYMEX 10000,20150327,120550,2.69,1,0,0,0,0,0
NGM5 FUT NYMEX 10000,20150327,120602,2.691,2,0,0,0,0,0
NGM5 FUT NYMEX 10000,20150327,120628,2.689,1,0,0,0,0,0
NGM5 FUT NYMEX 10000,20150327,120658,2.689,1,0,0,0,0,0
NGM5 FUT NYMEX 10000,20150327,120728,2.688,1,0,0,0,0,0
NGM5 FUT NYMEX 10000,20150327,120747,2.687,2,0,0,0,0,0
NGM5 FUT NYMEX 10000,20150327,120801,2.688,1,0,0,0,0,0
NGM5 FUT NYMEX 10000,20150327,120831,2.687,1,0,0,0,0,0
NGM5 FUT NYMEX 10000,20150327,120906,2.689,1,0,0,0,0,0
NGM5 FUT NYMEX 10000,20150327,120917,2.689,1,0,0,0,0,0
NGM5 FUT NYMEX 10000,20150327,120925,2.69,1,0,0,0,0,0
NGM5 FUT NYMEX 10000,20150327,120933,2.69,3,0,0,0,0,0
NGM5 FUT NYMEX 10000,20150327,120940,2.69,2,0,0,0,0,0
NGM5 FUT NYMEX 10000,20150327,120958,2.69,1,0,0,0,0,0
NGM5 FUT NYMEX 10000,20150327,121009,2.689,1,0,0,0,0,0
NGM5 FUT NYMEX 10000,20150327,121023,2.693,4,0,0,0,0,0
NGM5 FUT NYMEX 10000,20150327,121034,2.692,1,0,0,0,0,0
NGM5 FUT NYMEX 10000,20150327,121234,2.691,1,0,0,0,0,0
NGM5 FUT NYMEX 10000,20150327,121239,2.691,6,0,0,0,0,0
NGM5 FUT NYMEX 10000,20150327,121256,2.69,1,0,0,0,0,0
NGM5 FUT NYMEX 10000,20150327,121314,2.689,1,0,0,0,0,0
NGM5 FUT NYMEX 10000,20150327,121408,2.687,10,0,0,0,0,0
NGM5 FUT NYMEX 10000,20150327,121418,2.689,1,0,0,0,0,0
NGM5 FUT NYMEX 10000,20150327,121428,2.687,1,0,0,0,0,0
NGM5 FUT NYMEX 10000,20150327,121435,2.688,7,0,0,0,0,0
NGM5 FUT NYMEX 10000,20150327,121455,2.687,1,0,0,0,0,0
NGM5 FUT NYMEX 10000,20150327,121504,2.689,3,0,0,0,0,0
NGM5 FUT NYMEX 10000,20150327,121513,2.689,1,0,0,0,0,0
NGM5 FUT NYMEX 10000,20150327,121520,2.688,1,0,0,0,0,0
NGM5 FUT NYMEX 10000,20150327,121536,2.689,1,0,0,0,0,0
NGM5 FUT NYMEX 10000,20150327,121558,2.687,2,0,0,0,0,0
NGM5 FUT NYMEX 10000,20150327,121559,2.688,1,0,0,0,0,0
NGM5 FUT NYMEX 10000,20150327,121626,2.69,1,0,0,0,0,0
NGM5 FUT NYMEX 10000,20150327,121746,2.688,2,0,0,0,0,0
NGM5 FUT NYMEX 10000,20150327,121754,2.688,1,0,0,0,0,0
NGM5 FUT NYMEX 10000,20150327,121839,2.689,1,0,0,0,0,0
NGM5 FUT NYMEX 10000,20150327,121845,2.688,3,0,0,0,0,0
NGM5 FUT NYMEX 10000,20150327,121907,2.688,1,0,0,0,0,0
NGM5 FUT NYMEX 10000,20150327,121919,2.689,1,0,0,0,0,0
NGM5 FUT NYMEX 10000,20150327,121947,2.69,4,0,0,0,0,0
NGM5 FUT NYMEX 10000,20150327,122041,2.691,7,0,0,0,0,0
NGM5 FUT NYMEX 10000,20150327,122219,2.69,1,0,0,0,0,0
NGM5 FUT NYMEX 10000,20150327,122236,2.689,1,0,0,0,0,0
NGM5 FUT NYMEX 10000,20150327,122359,2.688,1,0,0,0,0,0
NGM5 FUT NYMEX 10000,20150327,122453,2.687,4,0,0,0,0,0
NGM5 FUT NYMEX 10000,20150327,122539,2.687,7,0,0,0,0,0
NGM5 FUT NYMEX 10000,20150327,122543,2.685,1,0,0,0,0,0
NGM5 FUT NYMEX 10000,20150327,122614,2.685,2,0,0,0,0,0
NGM5 FUT NYMEX 10000,20150327,122639,2.684,9,0,0,0,0,0
NGM5 FUT NYMEX 10000,20150327,122703,2.685,3,0,0,0,0,0
NGM5 FUT NYMEX 10000,20150327,122715,2.686,3,0,0,0,0,0
NGM5 FUT NYMEX 10000,20150327,122734,2.687,7,0,0,0,0,0
NGM5 FUT NYMEX 10000,20150327,122758,2.687,1,0,0,0,0,0
NGM5 FUT NYMEX 10000,20150327,122812,2.685,1,0,0,0,0,0
NGM5 FUT NYMEX 10000,20150327,122939,2.687,1,0,0,0,0,0
NGM5 FUT NYMEX 10000,20150327,122944,2.685,1,0,0,0,0,0
NGM5 FUT NYMEX 10000,20150327,123000,2.685,2,0,0,0,0,0
NGM5 FUT NYMEX 10000,20150327,123012,2.686,1,0,0,0,0,0
NGM5 FUT NYMEX 10000,20150327,123023,2.685,2,0,0,0,0,0
NGM5 FUT NYMEX 10000,20150327,123118,2.685,3,0,0,0,0,0
NGM5 FUT NYMEX 10000,20150327,123124,2.685,1,0,0,0,0,0
NGM5 FUT NYMEX 10000,20150327,123259,2.684,1,0,0,0,0,0
NGM5 FUT NYMEX 10000,20150327,123313,2.685,1,0,0,0,0,0
NGM5 FUT NYMEX 10000,20150327,123334,2.685,4,0,0,0,0,0
NGM5 FUT NYMEX 10000,20150327,123350,2.684,13,0,0,0,0,0
NGM5 FUT NYMEX 10000,20150327,123355,2.684,1,0,0,0,0,0
NGM5 FUT NYMEX 10000,20150327,123408,2.683,3,0,0,0,0,0
NGM5 FUT NYMEX 10000,20150327,123416,2.683,4,0,0,0,0,0
NGM5 FUT NYMEX 10000,20150327,123449,2.685,9,0,0,0,0,0
NGM5 FUT NYMEX 10000,20150327,123456,2.685,1,0,0,0,0,0
NGM5 FUT NYMEX 10000,20150327,123517,2.686,1,0,0,0,0,0
NGM5 FUT NYMEX 10000,20150327,123529,2.686,5,0,0,0,0,0
NGM5 FUT NYMEX 10000,20150327,123537,2.686,1,0,0,0,0,0
NGM5 FUT NYMEX 10000,20150327,123543,2.684,4,0,0,0,0,0
NGM5 FUT NYMEX 10000,20150327,123558,2.686,1,0,0,0,0,0
NGM5 FUT NYMEX 10000,20150327,123608,2.685,1,0,0,0,0,0
NGM5 FUT NYMEX 10000,20150327,123617,2.686,1,0,0,0,0,0
NGM5 FUT NYMEX 10000,20150327,123624,2.686,2,0,0,0,0,0
NGM5 FUT NYMEX 10000,20150327,123759,2.688,1,0,0,0,0,0
NGM5 FUT NYMEX 10000,20150327,123813,2.688,4,0,0,0,0,0
NGM5 FUT NYMEX 10000,20150327,123825,2.69,2,0,0,0,0,0
NGM5 FUT NYMEX 10000,20150327,123841,2.69,1,0,0,0,0,0
NGM5 FUT NYMEX 10000,20150327,123859,2.688,1,0,0,0,0,0
NGM5 FUT NYMEX 10000,20150327,123955,2.689,3,0,0,0,0,0
NGM5 FUT NYMEX 10000,20150327,124105,2.691,3,0,0,0,0,0
NGM5 FUT NYMEX 10000,20150327,124124,2.693,2,0,0,0,0,0
NGM5 FUT NYMEX 10000,20150327,124133,2.692,1,0,0,0,0,0
NGM5 FUT NYMEX 10000,20150327,124226,2.691,1,0,0,0,0,0
NGM5 FUT NYMEX 10000,20150327,124254,2.69,3,0,0,0,0,0
NGM5 FUT NYMEX 10000,20150327,124347,2.692,1,0,0,0,0,0
NGM5 FUT NYMEX 10000,20150327,124409,2.692,8,0,0,0,0,0
NGM5 FUT NYMEX 10000,20150327,124418,2.69,2,0,0,0,0,0
NGM5 FUT NYMEX 10000,20150327,124436,2.691,1,0,0,0,0,0
NGM5 FUT NYMEX 10000,20150327,124452,2.692,1,0,0,0,0,0
NGM5 FUT NYMEX 10000,20150327,124507,2.691,1,0,0,0,0,0
NGM5 FUT NYMEX 10000,20150327,124520,2.692,1,0,0,0,0,0
NGM5 FUT NYMEX 10000,20150327,124601,2.69,1,0,0,0,0,0
NGM5 FUT NYMEX 10000,20150327,124615,2.691,1,0,0,0,0,0
NGM5 FUT NYMEX 10000,20150327,124748,2.69,1,0,0,0,0,0
NGM5 FUT NYMEX 10000,20150327,124810,2.691,2,0,0,0,0,0
NGM5 FUT NYMEX 10000,20150327,124843,2.69,9,0,0,0,0,0
NGM5 FUT NYMEX 10000,20150327,124855,2.69,1,0,0,0,0,0
NGM5 FUT NYMEX 10000,20150327,124927,2.689,1,0,0,0,0,0
NGM5 FUT NYMEX 10000,20150327,124932,2.69,4,0,0,0,0,0
NGM5 FUT NYMEX 10000,20150327,124959,2.69,1,0,0,0,0,0
NGM5 FUT NYMEX 10000,20150327,125034,2.691,3,0,0,0,0,0
NGM5 FUT NYMEX 10000,20150327,125056,2.691,1,0,0,0,0,0
NGM5 FUT NYMEX 10000,20150327,125107,2.69,1,0,0,0,0,0
NGM5 FUT NYMEX 10000,20150327,125116,2.691,1,0,0,0,0,0
NGM5 FUT NYMEX 10000,20150327,125200,2.691,4,0,0,0,0,0
NGM5 FUT NYMEX 10000,20150327,125202,2.691,1,0,0,0,0,0
NGM5 FUT NYMEX 10000,20150327,125211,2.69,1,0,0,0,0,0
NGM5 FUT NYMEX 10000,20150327,125301,2.689,1,0,0,0,0,0
NGM5 FUT NYMEX 10000,20150327,125323,2.688,1,0,0,0,0,0
NGM5 FUT NYMEX 10000,20150327,125348,2.689,1,0,0,0,0,0
NGM5 FUT NYMEX 10000,20150327,125353,2.687,1,0,0,0,0,0
NGM5 FUT NYMEX 10000,20150327,125410,2.683,2,0,0,0,0,0
NGM5 FUT NYMEX 10000,20150327,125417,2.684,3,0,0,0,0,0
NGM5 FUT NYMEX 10000,20150327,125428,2.684,2,0,0,0,0,0
NGM5 FUT NYMEX 10000,20150327,125438,2.685,5,0,0,0,0,0
NGM5 FUT NYMEX 10000,20150327,125446,2.683,3,0,0,0,0,0
NGM5 FUT NYMEX 10000,20150327,125528,2.686,2,0,0,0,0,0
NGM5 FUT NYMEX 10000,20150327,125539,2.685,1,0,0,0,0,0
NGM5 FUT NYMEX 10000,20150327,125620,2.686,1,0,0,0,0,0
NGM5 FUT NYMEX 10000,20150327,125813,2.685,1,0,0,0,0,0
NGM5 FUT NYMEX 10000,20150327,125836,2.684,3,0,0,0,0,0
NGM5 FUT NYMEX 10000,20150327,125939,2.685,2,0,0,0,0,0
NGM5 FUT NYMEX 10000,20150327,130056,2.684,7,0,0,0,0,0
NGM5 FUT NYMEX 10000,20150327,130126,2.684,10,0,0,0,0,0
NGM5 FUT NYMEX 10000,20150327,130146,2.684,1,0,0,0,0,0
NGM5 FUT NYMEX 10000,20150327,130207,2.685,1,0,0,0,0,0
NGM5 FUT NYMEX 10000,20150327,130258,2.686,1,0,0,0,0,0
NGM5 FUT NYMEX 10000,20150327,130307,2.684,1,0,0,0,0,0
NGM5 FUT NYMEX 10000,20150327,130329,2.684,1,0,0,0,0,0
NGM5 FUT NYMEX 10000,20150327,130338,2.685,1,0,0,0,0,0
NGM5 FUT NYMEX 10000,20150327,130345,2.684,1,0,0,0,0,0
NGM5 FUT NYMEX 10000,20150327,130354,2.685,1,0,0,0,0,0
NGM5 FUT NYMEX 10000,20150327,130429,2.684,1,0,0,0,0,0
NGM5 FUT NYMEX 10000,20150327,130439,2.686,1,0,0,0,0,0
NGM5 FUT NYMEX 10000,20150327,130446,2.685,1,0,0,0,0,0
NGM5 FUT NYMEX 10000,20150327,130511,2.687,1,0,0,0,0,0
NGM5 FUT NYMEX 10000,20150327,130531,2.688,1,0,0,0,0,0
NGM5 FUT NYMEX 10000,20150327,130640,2.686,1,0,0,0,0,0
NGM5 FUT NYMEX 10000,20150327,130746,2.686,3,0,0,0,0,0
NGM5 FUT NYMEX 10000,20150327,130804,2.687,2,0,0,0,0,0
NGM5 FUT NYMEX 10000,20150327,130841,2.686,1,0,0,0,0,0
NGM5 FUT NYMEX 10000,20150327,131048,2.685,1,0,0,0,0,0
NGM5 FUT NYMEX 10000,20150327,131129,2.684,7,0,0,0,0,0
NGM5 FUT NYMEX 10000,20150327,131157,2.685,3,0,0,0,0,0
NGM5 FUT NYMEX 10000,20150327,131238,2.685,1,0,0,0,0,0
NGM5 FUT NYMEX 10000,20150327,131250,2.687,1,0,0,0,0,0
NGM5 FUT NYMEX 10000,20150327,131322,2.689,1,0,0,0,0,0
NGM5 FUT NYMEX 10000,20150327,131501,2.688,1,0,0,0,0,0
NGM5 FUT NYMEX 10000,20150327,131506,2.687,1,0,0,0,0,0
NGM5 FUT NYMEX 10000,20150327,131517,2.686,1,0,0,0,0,0
NGM5 FUT NYMEX 10000,20150327,131530,2.684,1,0,0,0,0,0
NGM5 FUT NYMEX 10000,20150327,131540,2.684,2,0,0,0,0,0
NGM5 FUT NYMEX 10000,20150327,131547,2.687,1,0,0,0,0,0
NGM5 FUT NYMEX 10000,20150327,131608,2.686,2,0,0,0,0,0
NGM5 FUT NYMEX 10000,20150327,131706,2.685,1,0,0,0,0,0
NGM5 FUT NYMEX 10000,20150327,131727,2.684,1,0,0,0,0,0
NGM5 FUT NYMEX 10000,20150327,131735,2.683,4,0,0,0,0,0
NGM5 FUT NYMEX 10000,20150327,131752,2.685,2,0,0,0,0,0
NGM5 FUT NYMEX 10000,20150327,131756,2.686,1,0,0,0,0,0
NGM5 FUT NYMEX 10000,20150327,131849,2.684,1,0,0,0,0,0
NGM5 FUT NYMEX 10000,20150327,131857,2.684,1,0,0,0,0,0
NGM5 FUT NYMEX 10000,20150327,131903,2.684,2,0,0,0,0,0
NGM5 FUT NYMEX 10000,20150327,131921,2.685,4,0,0,0,0,0
NGM5 FUT NYMEX 10000,20150327,131945,2.684,1,0,0,0,0,0
NGM5 FUT NYMEX 10000,20150327,132010,2.685,3,0,0,0,0,0
NGM5 FUT NYMEX 10000,20150327,132044,2.684,1,0,0,0,0,0
NGM5 FUT NYMEX 10000,20150327,132204,2.683,1,0,0,0,0,0
NGM5 FUT NYMEX 10000,20150327,132232,2.683,3,0,0,0,0,0
NGM5 FUT NYMEX 10000,20150327,132232,2.684,1,0,0,0,0,0
NGM5 FUT NYMEX 10000,20150327,132258,2.685,1,0,0,0,0,0
NGM5 FUT NYMEX 10000,20150327,132322,2.684,3,0,0,0,0,0
NGM5 FUT NYMEX 10000,20150327,132342,2.685,1,0,0,0,0,0
NGM5 FUT NYMEX 10000,20150327,132359,2.684,1,0,0,0,0,0
NGM5 FUT NYMEX 10000,20150327,132438,2.685,1,0,0,0,0,0
NGM5 FUT NYMEX 10000,20150327,132510,2.686,1,0,0,0,0,0
NGM5 FUT NYMEX 10000,20150327,132516,2.686,4,0,0,0,0,0
NGM5 FUT NYMEX 10000,20150327,132704,2.684,1,0,0,0,0,0
NGM5 FUT NYMEX 10000,20150327,132716,2.684,3,0,0,0,0,0
NGM5 FUT NYMEX 10000,20150327,132739,2.684,1,0,0,0,0,0
NGM5 FUT NYMEX 10000,20150327,132852,2.683,1,0,0,0,0,0
NGM5 FUT NYMEX 10000,20150327,132858,2.684,1,0,0,0,0,0
NGM5 FUT NYMEX 10000,20150327,132907,2.685,4,0,0,0,0,0
NGM5 FUT NYMEX 10000,20150327,132932,2.684,3,0,0,0,0,0
NGM5 FUT NYMEX 10000,20150327,132943,2.683,1,0,0,0,0,0
NGM5 FUT NYMEX 10000,20150327,132951,2.684,1,0,0,0,0,0
NGM5 FUT NYMEX 10000,20150327,133003,2.684,2,0,0,0,0,0
NGM5 FUT NYMEX 10000,20150327,133021,2.684,3,0,0,0,0,0
NGM5 FUT NYMEX 10000,20150327,133050,2.684,1,0,0,0,0,0
NGM5 FUT NYMEX 10000,20150327,133125,2.684,3,0,0,0,0,0
NGM5 FUT NYMEX 10000,20150327,133226,2.684,1,0,0,0,0,0
NGM5 FUT NYMEX 10000,20150327,133242,2.685,2,0,0,0,0,0
NGM5 FUT NYMEX 10000,20150327,133342,2.684,2,0,0,0,0,0
NGM5 FUT NYMEX 10000,20150327,133344,2.685,3,0,0,0,0,0
NGM5 FUT NYMEX 10000,20150327,133442,2.686,1,0,0,0,0,0
NGM5 FUT NYMEX 10000,20150327,133443,2.686,3,0,0,0,0,0
NGM5 FUT NYMEX 10000,20150327,133457,2.685,1,0,0,0,0,0
NGM5 FUT NYMEX 10000,20150327,133516,2.686,1,0,0,0,0,0
NGM5 FUT NYMEX 10000,20150327,133531,2.686,1,0,0,0,0,0
NGM5 FUT NYMEX 10000,20150327,133612,2.686,5,0,0,0,0,0
NGM5 FUT NYMEX 10000,20150327,133615,2.684,7,0,0,0,0,0
NGM5 FUT NYMEX 10000,20150327,133713,2.684,1,0,0,0,0,0
NGM5 FUT NYMEX 10000,20150327,133718,2.685,1,0,0,0,0,0
NGM5 FUT NYMEX 10000,20150327,133723,2.684,1,0,0,0,0,0
NGM5 FUT NYMEX 10000,20150327,133742,2.685,3,0,0,0,0,0
NGM5 FUT NYMEX 10000,20150327,133753,2.685,2,0,0,0,0,0
NGM5 FUT NYMEX 10000,20150327,133758,2.685,8,0,0,0,0,0
NGM5 FUT NYMEX 10000,20150327,133821,2.684,5,0,0,0,0,0
NGM5 FUT NYMEX 10000,20150327,133851,2.684,5,0,0,0,0,0
NGM5 FUT NYMEX 10000,20150327,133854,2.684,1,0,0,0,0,0
NGM5 FUT NYMEX 10000,20150327,133912,2.685,3,0,0,0,0,0
NGM5 FUT NYMEX 10000,20150327,133958,2.684,1,0,0,0,0,0
NGM5 FUT NYMEX 10000,20150327,134035,2.683,1,0,0,0,0,0
NGM5 FUT NYMEX 10000,20150327,134052,2.684,3,0,0,0,0,0
NGM5 FUT NYMEX 10000,20150327,134110,2.685,1,0,0,0,0,0
NGM5 FUT NYMEX 10000,20150327,134137,2.686,10,0,0,0,0,0
NGM5 FUT NYMEX 10000,20150327,134206,2.686,6,0,0,0,0,0
NGM5 FUT NYMEX 10000,20150327,134359,2.685,1,0,0,0,0,0
NGM5 FUT NYMEX 10000,20150327,134434,2.686,3,0,0,0,0,0
NGM5 FUT NYMEX 10000,20150327,134502,2.687,1,0,0,0,0,0
NGM5 FUT NYMEX 10000,20150327,134521,2.687,2,0,0,0,0,0
NGM5 FUT NYMEX 10000,20150327,134548,2.686,3,0,0,0,0,0
NGM5 FUT NYMEX 10000,20150327,134622,2.686,1,0,0,0,0,0
NGM5 FUT NYMEX 10000,20150327,134632,2.687,2,0,0,0,0,0
NGM5 FUT NYMEX 10000,20150327,134635,2.687,1,0,0,0,0,0
NGM5 FUT NYMEX 10000,20150327,134652,2.687,2,0,0,0,0,0
NGM5 FUT NYMEX 10000,20150327,134802,2.687,1,0,0,0,0,0
NGM5 FUT NYMEX 10000,20150327,134812,2.686,2,0,0,0,0,0
NGM5 FUT NYMEX 10000,20150327,134832,2.686,2,0,0,0,0,0
NGM5 FUT NYMEX 10000,20150327,134837,2.684,1,0,0,0,0,0
NGM5 FUT NYMEX 10000,20150327,134851,2.682,1,0,0,0,0,0
NGM5 FUT NYMEX 10000,20150327,134854,2.683,1,0,0,0,0,0
NGM5 FUT NYMEX 10000,20150327,134920,2.684,1,0,0,0,0,0
NGM5 FUT NYMEX 10000,20150327,135001,2.683,1,0,0,0,0,0
NGM5 FUT NYMEX 10000,20150327,135033,2.683,2,0,0,0,0,0
NGM5 FUT NYMEX 10000,20150327,135043,2.683,22,0,0,0,0,0
NGM5 FUT NYMEX 10000,20150327,135044,2.682,2,0,0,0,0,0
NGM5 FUT NYMEX 10000,20150327,135100,2.683,2,0,0,0,0,0
NGM5 FUT NYMEX 10000,20150327,135107,2.682,1,0,0,0,0,0
NGM5 FUT NYMEX 10000,20150327,135155,2.683,1,0,0,0,0,0
NGM5 FUT NYMEX 10000,20150327,135259,2.682,1,0,0,0,0,0
NGM5 FUT NYMEX 10000,20150327,135327,2.683,1,0,0,0,0,0
NGM5 FUT NYMEX 10000,20150327,135350,2.683,2,0,0,0,0,0
NGM5 FUT NYMEX 10000,20150327,135403,2.682,1,0,0,0,0,0
NGM5 FUT NYMEX 10000,20150327,135408,2.683,1,0,0,0,0,0
NGM5 FUT NYMEX 10000,20150327,135451,2.68,1,0,0,0,0,0
NGM5 FUT NYMEX 10000,20150327,135509,2.679,1,0,0,0,0,0
NGM5 FUT NYMEX 10000,20150327,135523,2.678,1,0,0,0,0,0
NGM5 FUT NYMEX 10000,20150327,135531,2.677,1,0,0,0,0,0
NGM5 FUT NYMEX 10000,20150327,135542,2.679,1,0,0,0,0,0
NGM5 FUT NYMEX 10000,20150327,135618,2.679,2,0,0,0,0,0
NGM5 FUT NYMEX 10000,20150327,135633,2.68,20,0,0,0,0,0
NGM5 FUT NYMEX 10000,20150327,135652,2.678,2,0,0,0,0,0
NGM5 FUT NYMEX 10000,20150327,135701,2.676,4,0,0,0,0,0
NGM5 FUT NYMEX 10000,20150327,135712,2.677,2,0,0,0,0,0
NGM5 FUT NYMEX 10000,20150327,135721,2.678,1,0,0,0,0,0
NGM5 FUT NYMEX 10000,20150327,135724,2.676,1,0,0,0,0,0
NGM5 FUT NYMEX 10000,20150327,135800,2.678,3,0,0,0,0,0
NGM5 FUT NYMEX 10000,20150327,135808,2.678,1,0,0,0,0,0
NGM5 FUT NYMEX 10000,20150327,135818,2.678,2,0,0,0,0,0
NGM5 FUT NYMEX 10000,20150327,135834,2.677,1,0,0,0,0,0
NGM5 FUT NYMEX 10000,20150327,135852,2.678,1,0,0,0,0,0
NGM5 FUT NYMEX 10000,20150327,135930,2.676,1,0,0,0,0,0
NGM5 FUT NYMEX 10000,20150327,135957,2.675,1,0,0,0,0,0
NGM5 FUT NYMEX 10000,20150327,140034,2.675,3,0,0,0,0,0
NGM5 FUT NYMEX 10000,20150327,140039,2.674,1,0,0,0,0,0
NGM5 FUT NYMEX 10000,20150327,140051,2.674,7,0,0,0,0,0
NGM5 FUT NYMEX 10000,20150327,140112,2.673,3,0,0,0,0,0
NGM5 FUT NYMEX 10000,20150327,140119,2.672,1,0,0,0,0,0
NGM5 FUT NYMEX 10000,20150327,140132,2.669,1,0,0,0,0,0
NGM5 FUT NYMEX 10000,20150327,140140,2.666,2,0,0,0,0,0
NGM5 FUT NYMEX 10000,20150327,140149,2.667,2,0,0,0,0,0
NGM5 FUT NYMEX 10000,20150327,140159,2.669,1,0,0,0,0,0
NGM5 FUT NYMEX 10000,20150327,140209,2.668,2,0,0,0,0,0
NGM5 FUT NYMEX 10000,20150327,140218,2.67,9,0,0,0,0,0
NGM5 FUT NYMEX 10000,20150327,140234,2.67,1,0,0,0,0,0
NGM5 FUT NYMEX 10000,20150327,140243,2.668,1,0,0,0,0,0
NGM5 FUT NYMEX 10000,20150327,140249,2.669,1,0,0,0,0,0
NGM5 FUT NYMEX 10000,20150327,140311,2.67,1,0,0,0,0,0
NGM5 FUT NYMEX 10000,20150327,140324,2.672,1,0,0,0,0,0
NGM5 FUT NYMEX 10000,20150327,140328,2.674,12,0,0,0,0,0
NGM5 FUT NYMEX 10000,20150327,140344,2.676,2,0,0,0,0,0
NGM5 FUT NYMEX 10000,20150327,140352,2.677,1,0,0,0,0,0
NGM5 FUT NYMEX 10000,20150327,140409,2.677,1,0,0,0,0,0
NGM5 FUT NYMEX 10000,20150327,140420,2.676,1,0,0,0,0,0
NGM5 FUT NYMEX 10000,20150327,140432,2.678,2,0,0,0,0,0
NGM5 FUT NYMEX 10000,20150327,140437,2.677,1,0,0,0,0,0
NGM5 FUT NYMEX 10000,20150327,140447,2.676,1,0,0,0,0,0
NGM5 FUT NYMEX 10000,20150327,140504,2.676,1,0,0,0,0,0
NGM5 FUT NYMEX 10000,20150327,140514,2.676,1,0,0,0,0,0
NGM5 FUT NYMEX 10000,20150327,140540,2.677,2,0,0,0,0,0
NGM5 FUT NYMEX 10000,20150327,140552,2.678,1,0,0,0,0,0
NGM5 FUT NYMEX 10000,20150327,140604,2.679,2,0,0,0,0,0
NGM5 FUT NYMEX 10000,20150327,140606,2.679,3,0,0,0,0,0
NGM5 FUT NYMEX 10000,20150327,140615,2.68,1,0,0,0,0,0
NGM5 FUT NYMEX 10000,20150327,140631,2.678,15,0,0,0,0,0
NGM5 FUT NYMEX 10000,20150327,140636,2.677,1,0,0,0,0,0
NGM5 FUT NYMEX 10000,20150327,140654,2.677,1,0,0,0,0,0
NGM5 FUT NYMEX 10000,20150327,140703,2.678,2,0,0,0,0,0
NGM5 FUT NYMEX 10000,20150327,140723,2.68,1,0,0,0,0,0
NGM5 FUT NYMEX 10000,20150327,140804,2.679,1,0,0,0,0,0
NGM5 FUT NYMEX 10000,20150327,140813,2.68,7,0,0,0,0,0
NGM5 FUT NYMEX 10000,20150327,140817,2.68,2,0,0,0,0,0
NGM5 FUT NYMEX 10000,20150327,140826,2.681,1,0,0,0,0,0
NGM5 FUT NYMEX 10000,20150327,140836,2.683,1,0,0,0,0,0
NGM5 FUT NYMEX 10000,20150327,140853,2.682,1,0,0,0,0,0
NGM5 FUT NYMEX 10000,20150327,140859,2.681,4,0,0,0,0,0
NGM5 FUT NYMEX 10000,20150327,140914,2.681,1,0,0,0,0,0
NGM5 FUT NYMEX 10000,20150327,140928,2.68,1,0,0,0,0,0
NGM5 FUT NYMEX 10000,20150327,141004,2.682,1,0,0,0,0,0
NGM5 FUT NYMEX 10000,20150327,141024,2.681,1,0,0,0,0,0
NGM5 FUT NYMEX 10000,20150327,141031,2.68,1,0,0,0,0,0
NGM5 FUT NYMEX 10000,20150327,141136,2.68,2,0,0,0,0,0
NGM5 FUT NYMEX 10000,20150327,141146,2.679,1,0,0,0,0,0
NGM5 FUT NYMEX 10000,20150327,141203,2.679,1,0,0,0,0,0
NGM5 FUT NYMEX 10000,20150327,141229,2.68,10,0,0,0,0,0
NGM5 FUT NYMEX 10000,20150327,141244,2.677,1,0,0,0,0,0
NGM5 FUT NYMEX 10000,20150327,141259,2.678,1,0,0,0,0,0
NGM5 FUT NYMEX 10000,20150327,141312,2.679,1,0,0,0,0,0
NGM5 FUT NYMEX 10000,20150327,141331,2.677,3,0,0,0,0,0
NGM5 FUT NYMEX 10000,20150327,141343,2.677,1,0,0,0,0,0
NGM5 FUT NYMEX 10000,20150327,141359,2.678,6,0,0,0,0,0
NGM5 FUT NYMEX 10000,20150327,141413,2.678,1,0,0,0,0,0
NGM5 FUT NYMEX 10000,20150327,141503,2.677,3,0,0,0,0,0
NGM5 FUT NYMEX 10000,20150327,141506,2.677,1,0,0,0,0,0
NGM5 FUT NYMEX 10000,20150327,141533,2.677,6,0,0,0,0,0
NGM5 FUT NYMEX 10000,20150327,141538,2.675,1,0,0,0,0,0
NGM5 FUT NYMEX 10000,20150327,141617,2.676,1,0,0,0,0,0
NGM5 FUT NYMEX 10000,20150327,141655,2.677,1,0,0,0,0,0
NGM5 FUT NYMEX 10000,20150327,141700,2.676,1,0,0,0,0,0
NGM5 FUT NYMEX 10000,20150327,141709,2.675,1,0,0,0,0,0
NGM5 FUT NYMEX 10000,20150327,141718,2.675,2,0,0,0,0,0
NGM5 FUT NYMEX 10000,20150327,141729,2.676,3,0,0,0,0,0
NGM5 FUT NYMEX 10000,20150327,141753,2.676,3,0,0,0,0,0
NGM5 FUT NYMEX 10000,20150327,141756,2.675,1,0,0,0,0,0
NGM5 FUT NYMEX 10000,20150327,141824,2.674,1,0,0,0,0,0
NGM5 FUT NYMEX 10000,20150327,141829,2.674,2,0,0,0,0,0
NGM5 FUT NYMEX 10000,20150327,141837,2.675,2,0,0,0,0,0
NGM5 FUT NYMEX 10000,20150327,141900,2.675,1,0,0,0,0,0
NGM5 FUT NYMEX 10000,20150327,141914,2.674,5,0,0,0,0,0
NGM5 FUT NYMEX 10000,20150327,141921,2.675,1,0,0,0,0,0
NGM5 FUT NYMEX 10000,20150327,141948,2.676,1,0,0,0,0,0
NGM5 FUT NYMEX 10000,20150327,142020,2.676,1,0,0,0,0,0
NGM5 FUT NYMEX 10000,20150327,142035,2.676,2,0,0,0,0,0
NGM5 FUT NYMEX 10000,20150327,142044,2.676,1,0,0,0,0,0
NGM5 FUT NYMEX 10000,20150327,142050,2.676,2,0,0,0,0,0
NGM5 FUT NYMEX 10000,20150327,142105,2.674,1,0,0,0,0,0
NGM5 FUT NYMEX 10000,20150327,142113,2.674,22,0,0,0,0,0
NGM5 FUT NYMEX 10000,20150327,142125,2.674,2,0,0,0,0,0
NGM5 FUT NYMEX 10000,20150327,142135,2.675,1,0,0,0,0,0
NGM5 FUT NYMEX 10000,20150327,142142,2.678,1,0,0,0,0,0
NGM5 FUT NYMEX 10000,20150327,142146,2.677,1,0,0,0,0,0
NGM5 FUT NYMEX 10000,20150327,142200,2.677,7,0,0,0,0,0
NGM5 FUT NYMEX 10000,20150327,142215,2.676,5,0,0,0,0,0
NGM5 FUT NYMEX 10000,20150327,142217,2.675,1,0,0,0,0,0
NGM5 FUT NYMEX 10000,20150327,142332,2.676,5,0,0,0,0,0
NGM5 FUT NYMEX 10000,20150327,142344,2.676,1,0,0,0,0,0
NGM5 FUT NYMEX 10000,20150327,142354,2.676,2,0,0,0,0,0
NGM5 FUT NYMEX 10000,20150327,142405,2.677,4,0,0,0,0,0
NGM5 FUT NYMEX 10000,20150327,142408,2.677,1,0,0,0,0,0
NGM5 FUT NYMEX 10000,20150327,142434,2.68,3,0,0,0,0,0
NGM5 FUT NYMEX 10000,20150327,142453,2.679,1,0,0,0,0,0
NGM5 FUT NYMEX 10000,20150327,142514,2.681,5,0,0,0,0,0
NGM5 FUT NYMEX 10000,20150327,142546,2.682,1,0,0,0,0,0
NGM5 FUT NYMEX 10000,20150327,142602,2.682,1,0,0,0,0,0
NGM5 FUT NYMEX 10000,20150327,142621,2.682,1,0,0,0,0,0
NGM5 FUT NYMEX 10000,20150327,142710,2.683,4,0,0,0,0,0
NGM5 FUT NYMEX 10000,20150327,142721,2.684,3,0,0,0,0,0
NGM5 FUT NYMEX 10000,20150327,142726,2.684,1,0,0,0,0,0
NGM5 FUT NYMEX 10000,20150327,142736,2.684,2,0,0,0,0,0
NGM5 FUT NYMEX 10000,20150327,142802,2.686,1,0,0,0,0,0
NGM5 FUT NYMEX 10000,20150327,142813,2.687,1,0,0,0,0,0
NGM5 FUT NYMEX 10000,20150327,142824,2.688,1,0,0,0,0,0
NGM5 FUT NYMEX 10000,20150327,142835,2.687,1,0,0,0,0,0
NGM5 FUT NYMEX 10000,20150327,142843,2.688,1,0,0,0,0,0
NGM5 FUT NYMEX 10000,20150327,142855,2.69,3,0,0,0,0,0
NGM5 FUT NYMEX 10000,20150327,142905,2.69,2,0,0,0,0,0
NGM5 FUT NYMEX 10000,20150327,142915,2.689,1,0,0,0,0,0
NGM5 FUT NYMEX 10000,20150327,142922,2.689,1,0,0,0,0,0
NGM5 FUT NYMEX 10000,20150327,142935,2.688,1,0,0,0,0,0
NGM5 FUT NYMEX 10000,20150327,142945,2.688,2,0,0,0,0,0
NGM5 FUT NYMEX 10000,20150327,142954,2.689,1,0,0,0,0,0
NGM5 FUT NYMEX 10000,20150327,143005,2.689,2,0,0,0,0,0
NGM5 FUT NYMEX 10000,20150327,143008,2.691,2,0,0,0,0,0
NGM5 FUT NYMEX 10000,20150327,143023,2.689,1,0,0,0,0,0
NGM5 FUT NYMEX 10000,20150327,143034,2.69,2,0,0,0,0,0
NGM5 FUT NYMEX 10000,20150327,143041,2.69,1,0,0,0,0,0
NGM5 FUT NYMEX 10000,20150327,143055,2.69,4,0,0,0,0,0
NGM5 FUT NYMEX 10000,20150327,143105,2.691,3,0,0,0,0,0
NGM5 FUT NYMEX 10000,20150327,143115,2.69,1,0,0,0,0,0
NGM5 FUT NYMEX 10000,20150327,143121,2.689,1,0,0,0,0,0
NGM5 FUT NYMEX 10000,20150327,143128,2.688,2,0,0,0,0,0
NGM5 FUT NYMEX 10000,20150327,143138,2.688,1,0,0,0,0,0
NGM5 FUT NYMEX 10000,20150327,143202,2.687,3,0,0,0,0,0
NGM5 FUT NYMEX 10000,20150327,143210,2.687,5,0,0,0,0,0
NGM5 FUT NYMEX 10000,20150327,143219,2.688,1,0,0,0,0,0
NGM5 FUT NYMEX 10000,20150327,143246,2.688,2,0,0,0,0,0
NGM5 FUT NYMEX 10000,20150327,143248,2.689,1,0,0,0,0,0
NGM5 FUT NYMEX 10000,20150327,143257,2.69,1,0,0,0,0,0
NGM5 FUT NYMEX 10000,20150327,143332,2.692,4,0,0,0,0,0
NGM5 FUT NYMEX 10000,20150327,143356,2.691,2,0,0,0,0,0
NGM5 FUT NYMEX 10000,20150327,143436,2.691,1,0,0,0,0,0
NGM5 FUT NYMEX 10000,20150327,143512,2.691,1,0,0,0,0,0
NGM5 FUT NYMEX 10000,20150327,143535,2.692,1,0,0,0,0,0
NGM5 FUT NYMEX 10000,20150327,143540,2.693,1,0,0,0,0,0
NGM5 FUT NYMEX 10000,20150327,143554,2.695,4,0,0,0,0,0
NGM5 FUT NYMEX 10000,20150327,143559,2.698,1,0,0,0,0,0
NGM5 FUT NYMEX 10000,20150327,143613,2.698,6,0,0,0,0,0
NGM5 FUT NYMEX 10000,20150327,143617,2.698,1,0,0,0,0,0
NGM5 FUT NYMEX 10000,20150327,143626,2.699,1,0,0,0,0,0
NGM5 FUT NYMEX 10000,20150327,143716,2.699,3,0,0,0,0,0
NGM5 FUT NYMEX 10000,20150327,143753,2.699,1,0,0,0,0,0
NGM5 FUT NYMEX 10000,20150327,143801,2.7,10,0,0,0,0,0
NGM5 FUT NYMEX 10000,20150327,143826,2.7,8,0,0,0,0,0
NGM5 FUT NYMEX 10000,20150327,143832,2.703,3,0,0,0,0,0
NGM5 FUT NYMEX 10000,20150327,143841,2.702,1,0,0,0,0,0
NGM5 FUT NYMEX 10000,20150327,143846,2.702,2,0,0,0,0,0
NGM5 FUT NYMEX 10000,20150327,143942,2.7,1,0,0,0,0,0
NGM5 FUT NYMEX 10000,20150327,144028,2.7,1,0,0,0,0,0
NGM5 FUT NYMEX 10000,20150327,144211,2.699,1,0,0,0,0,0
NGM5 FUT NYMEX 10000,20150327,144218,2.698,1,0,0,0,0,0
NGM5 FUT NYMEX 10000,20150327,144244,2.701,1,0,0,0,0,0
NGM5 FUT NYMEX 10000,20150327,144253,2.701,1,0,0,0,0,0
NGM5 FUT NYMEX 10000,20150327,144301,2.7,4,0,0,0,0,0
NGM5 FUT NYMEX 10000,20150327,144416,2.703,3,0,0,0,0,0
NGM5 FUT NYMEX 10000,20150327,144422,2.703,1,0,0,0,0,0
NGM5 FUT NYMEX 10000,20150327,144603,2.701,1,0,0,0,0,0
NGM5 FUT NYMEX 10000,20150327,144615,2.702,2,0,0,0,0,0
NGM5 FUT NYMEX 10000,20150327,144642,2.701,1,0,0,0,0,0
NGM5 FUT NYMEX 10000,20150327,144755,2.702,3,0,0,0,0,0
NGM5 FUT NYMEX 10000,20150327,144801,2.703,4,0,0,0,0,0
NGM5 FUT NYMEX 10000,20150327,144844,2.703,1,0,0,0,0,0
NGM5 FUT NYMEX 10000,20150327,144912,2.702,1,0,0,0,0,0
NGM5 FUT NYMEX 10000,20150327,144928,2.701,2,0,0,0,0,0
NGM5 FUT NYMEX 10000,20150327,145002,2.7,1,0,0,0,0,0
NGM5 FUT NYMEX 10000,20150327,145010,2.7,20,0,0,0,0,0
NGM5 FUT NYMEX 10000,20150327,145024,2.7,5,0,0,0,0,0
NGM5 FUT NYMEX 10000,20150327,145030,2.701,2,0,0,0,0,0
NGM5 FUT NYMEX 10000,20150327,145149,2.699,1,0,0,0,0,0
NGM5 FUT NYMEX 10000,20150327,145225,2.698,1,0,0,0,0,0
NGM5 FUT NYMEX 10000,20150327,145245,2.698,1,0,0,0,0,0
NGM5 FUT NYMEX 10000,20150327,145356,2.7,1,0,0,0,0,0
NGM5 FUT NYMEX 10000,20150327,145418,2.698,1,0,0,0,0,0
NGM5 FUT NYMEX 10000,20150327,145619,2.699,1,0,0,0,0,0
NGM5 FUT NYMEX 10000,20150327,145711,2.697,7,0,0,0,0,0
NGM5 FUT NYMEX 10000,20150327,145721,2.697,5,0,0,0,0,0
NGM5 FUT NYMEX 10000,20150327,145801,2.697,1,0,0,0,0,0
NGM5 FUT NYMEX 10000,20150327,145831,2.698,3,0,0,0,0,0
NGM5 FUT NYMEX 10000,20150327,150008,2.697,1,0,0,0,0,0
NGM5 FUT NYMEX 10000,20150327,150148,2.698,1,0,0,0,0,0
NGM5 FUT NYMEX 10000,20150327,150300,2.697,2,0,0,0,0,0
NGM5 FUT NYMEX 10000,20150327,150405,2.698,8,0,0,0,0,0
NGM5 FUT NYMEX 10000,20150327,150516,2.701,2,0,0,0,0,0
NGM5 FUT NYMEX 10000,20150327,150653,2.699,5,0,0,0,0,0
NGM5 FUT NYMEX 10000,20150327,150744,2.699,1,0,0,0,0,0
NGM5 FUT NYMEX 10000,20150327,150756,2.698,1,0,0,0,0,0
NGM5 FUT NYMEX 10000,20150327,150824,2.699,1,0,0,0,0,0
NGM5 FUT NYMEX 10000,20150327,151104,2.699,10,0,0,0,0,0
NGM5 FUT NYMEX 10000,20150327,151131,2.698,1,0,0,0,0,0
NGM5 FUT NYMEX 10000,20150327,151329,2.7,1,0,0,0,0,0
NGM5 FUT NYMEX 10000,20150327,151415,2.701,2,0,0,0,0,0
NGM5 FUT NYMEX 10000,20150327,151504,2.702,1,0,0,0,0,0
NGM5 FUT NYMEX 10000,20150327,151605,2.7,1,0,0,0,0,0
NGM5 FUT NYMEX 10000,20150327,151634,2.699,1,0,0,0,0,0
NGM5 FUT NYMEX 10000,20150327,151654,2.698,1,0,0,0,0,0
NGM5 FUT NYMEX 10000,20150327,151922,2.697,2,0,0,0,0,0
NGM5 FUT NYMEX 10000,20150327,152004,2.7,2,0,0,0,0,0
NGM5 FUT NYMEX 10000,20150327,152135,2.698,1,0,0,0,0,0
NGM5 FUT NYMEX 10000,20150327,152256,2.697,2,0,0,0,0,0
NGM5 FUT NYMEX 10000,20150327,152401,2.696,1,0,0,0,0,0
NGM5 FUT NYMEX 10000,20150327,152431,2.697,1,0,0,0,0,0
NGM5 FUT NYMEX 10000,20150327,152439,2.699,4,0,0,0,0,0
NGM5 FUT NYMEX 10000,20150327,152549,2.699,1,0,0,0,0,0
NGM5 FUT NYMEX 10000,20150327,152616,2.698,7,0,0,0,0,0
NGM5 FUT NYMEX 10000,20150327,152707,2.7,1,0,0,0,0,0
NGM5 FUT NYMEX 10000,20150327,152849,2.701,1,0,0,0,0,0
NGM5 FUT NYMEX 10000,20150327,152859,2.7,1,0,0,0,0,0
NGM5 FUT NYMEX 10000,20150327,153048,2.701,1,0,0,0,0,0
NGM5 FUT NYMEX 10000,20150327,153331,2.701,8,0,0,0,0,0
NGM5 FUT NYMEX 10000,20150327,154000,2.701,1,0,0,0,0,0
NGM5 FUT NYMEX 10000,20150327,154037,2.7,2,0,0,0,0,0
NGM5 FUT NYMEX 10000,20150327,154046,2.7,2,0,0,0,0,0
NGM5 FUT NYMEX 10000,20150327,154057,2.699,1,0,0,0,0,0
NGM5 FUT NYMEX 10000,20150327,154106,2.699,1,0,0,0,0,0
NGM5 FUT NYMEX 10000,20150327,154119,2.699,8,0,0,0,0,0
NGM5 FUT NYMEX 10000,20150327,154124,2.699,1,0,0,0,0,0
NGM5 FUT NYMEX 10000,20150327,154225,2.699,8,0,0,0,0,0
NGM5 FUT NYMEX 10000,20150327,154252,2.7,1,0,0,0,0,0
NGM5 FUT NYMEX 10000,20150327,154558,2.702,2,0,0,0,0,0
NGM5 FUT NYMEX 10000,20150327,154648,2.702,1,0,0,0,0,0
NGM5 FUT NYMEX 10000,20150327,154812,2.701,1,0,0,0,0,0
NGM5 FUT NYMEX 10000,20150327,154837,2.702,1,0,0,0,0,0
NGM5 FUT NYMEX 10000,20150327,155112,2.703,1,0,0,0,0,0
NGM5 FUT NYMEX 10000,20150327,155327,2.704,4,0,0,0,0,0
NGM5 FUT NYMEX 10000,20150327,155346,2.705,7,0,0,0,0,0
NGM5 FUT NYMEX 10000,20150327,155436,2.704,1,0,0,0,0,0
NGM5 FUT NYMEX 10000,20150327,155511,2.702,1,0,0,0,0,0
NGM5 FUT NYMEX 10000,20150327,155526,2.703,1,0,0,0,0,0
NGM5 FUT NYMEX 10000,20150327,155617,2.702,1,0,0,0,0,0
NGM5 FUT NYMEX 10000,20150327,155636,2.701,1,0,0,0,0,0
NGM5 FUT NYMEX 10000,20150327,155843,2.702,1,0,0,0,0,0
NGM5 FUT NYMEX 10000,20150327,160028,2.699,1,0,0,0,0,0
NGM5 FUT NYMEX 10000,20150327,160116,2.699,2,0,0,0,0,0
NGM5 FUT NYMEX 10000,20150327,160132,2.699,1,0,0,0,0,0
NGM5 FUT NYMEX 10000,20150327,160208,2.704,8,0,0,0,0,0
NGM5 FUT NYMEX 10000,20150327,160329,2.703,3,0,0,0,0,0
NGM5 FUT NYMEX 10000,20150327,160411,2.704,1,0,0,0,0,0
NGM5 FUT NYMEX 10000,20150327,160503,2.702,3,0,0,0,0,0
NGM5 FUT NYMEX 10000,20150327,160750,2.704,2,0,0,0,0,0
NGM5 FUT NYMEX 10000,20150327,162324,2.706,1,0,0,0,0,0
NGM5 FUT NYMEX 10000,20150327,162428,2.705,2,0,0,0,0,0
NGM5 FUT NYMEX 10000,20150327,162805,2.708,1,0,0,0,0,0
NGM5 FUT NYMEX 10000,20150327,162925,2.706,1,0,0,0,0,0
NGM5 FUT NYMEX 10000,20150327,163337,2.705,3,0,0,0,0,0
NGM5 FUT NYMEX 10000,20150327,163637,2.706,1,0,0,0,0,0
NGM5 FUT NYMEX 10000,20150327,164450,2.706,2,0,0,0,0,0
NGM5 FUT NYMEX 10000,20150327,171236,2.707,5,0,0,0,0,0
NGM5 FUT NYMEX 10000,20150327,171441,2.708,1,0,0,0,0,0
