1410                
SLB STK SMART,20150327,80009,83.1,1,0,0,0,0,0
SLB STK SMART,20150327,83848,83.15,2,0,0,0,0,0
SLB STK SMART,20150327,90650,83.1,1,0,0,0,0,0
SLB STK SMART,20150327,90743,83,1,0,0,0,0,0
SLB STK SMART,20150327,90757,83,1,0,0,0,0,0
SLB STK SMART,20150327,90810,82.9,1,0,0,0,0,0
SLB STK SMART,20150327,92727,83.1,1,0,0,0,0,0
SLB STK SMART,20150327,92758,83.05,1,0,0,0,0,0
SLB STK SMART,20150327,92959,82.91,2,0,0,0,0,0
SLB STK SMART,20150327,93008,82.94,2,0,0,0,0,0
SLB STK SMART,20150327,93027,82.92,1,0,0,0,0,0
SLB STK SMART,20150327,93042,82.9,1,0,0,0,0,0
SLB STK SMART,20150327,93051,82.89,1,0,0,0,0,0
SLB STK SMART,20150327,93058,82.86,1,0,0,0,0,0
SLB STK SMART,20150327,93103,82.8,1,0,0,0,0,0
SLB STK SMART,20150327,93113,82.87,1,0,0,0,0,0
SLB STK SMART,20150327,93127,82.8,1,0,0,0,0,0
SLB STK SMART,20150327,93135,82.83,1,0,0,0,0,0
SLB STK SMART,20150327,93147,82.82,1,0,0,0,0,0
SLB STK SMART,20150327,93155,82.79,1,0,0,0,0,0
SLB STK SMART,20150327,93212,82.77,1,0,0,0,0,0
SLB STK SMART,20150327,93213,82.75,1,0,0,0,0,0
SLB STK SMART,20150327,93242,82.78,1,0,0,0,0,0
SLB STK SMART,20150327,93300,82.9,2,0,0,0,0,0
SLB STK SMART,20150327,93307,82.86,1,0,0,0,0,0
SLB STK SMART,20150327,93313,82.88,1,0,0,0,0,0
SLB STK SMART,20150327,93330,82.95,1,0,0,0,0,0
SLB STK SMART,20150327,93341,82.86,1,0,0,0,0,0
SLB STK SMART,20150327,93344,82.85,1,0,0,0,0,0
SLB STK SMART,20150327,93431,82.91,1,0,0,0,0,0
SLB STK SMART,20150327,93434,82.94,4,0,0,0,0,0
SLB STK SMART,20150327,93502,82.93,1,0,0,0,0,0
SLB STK SMART,20150327,93512,82.81,2,0,0,0,0,0
SLB STK SMART,20150327,93515,82.79,1,0,0,0,0,0
SLB STK SMART,20150327,93532,82.74,1,0,0,0,0,0
SLB STK SMART,20150327,93537,82.69,1,0,0,0,0,0
SLB STK SMART,20150327,93550,82.65,1,0,0,0,0,0
SLB STK SMART,20150327,93603,82.62,1,0,0,0,0,0
SLB STK SMART,20150327,93616,82.62,1,0,0,0,0,0
SLB STK SMART,20150327,93637,82.72,1,0,0,0,0,0
SLB STK SMART,20150327,93710,82.68,1,0,0,0,0,0
SLB STK SMART,20150327,93715,82.7,1,0,0,0,0,0
SLB STK SMART,20150327,93724,82.7,1,0,0,0,0,0
SLB STK SMART,20150327,93742,82.63,1,0,0,0,0,0
SLB STK SMART,20150327,93755,82.62,1,0,0,0,0,0
SLB STK SMART,20150327,93827,82.63,1,0,0,0,0,0
SLB STK SMART,20150327,93846,82.66,1,0,0,0,0,0
SLB STK SMART,20150327,93855,82.66,1,0,0,0,0,0
SLB STK SMART,20150327,93920,82.69,1,0,0,0,0,0
SLB STK SMART,20150327,93928,82.7,1,0,0,0,0,0
SLB STK SMART,20150327,93952,82.75,2,0,0,0,0,0
SLB STK SMART,20150327,94002,82.7,1,0,0,0,0,0
SLB STK SMART,20150327,94011,82.7,4,0,0,0,0,0
SLB STK SMART,20150327,94018,82.67,1,0,0,0,0,0
SLB STK SMART,20150327,94032,82.61,3,0,0,0,0,0
SLB STK SMART,20150327,94034,82.62,1,0,0,0,0,0
SLB STK SMART,20150327,94046,82.57,1,0,0,0,0,0
SLB STK SMART,20150327,94101,82.62,1,0,0,0,0,0
SLB STK SMART,20150327,94123,82.7,1,0,0,0,0,0
SLB STK SMART,20150327,94134,82.67,1,0,0,0,0,0
SLB STK SMART,20150327,94153,82.65,2,0,0,0,0,0
SLB STK SMART,20150327,94155,82.63,1,0,0,0,0,0
SLB STK SMART,20150327,94221,82.57,1,0,0,0,0,0
SLB STK SMART,20150327,94229,82.56,1,0,0,0,0,0
SLB STK SMART,20150327,94240,82.55,1,0,0,0,0,0
SLB STK SMART,20150327,94257,82.53,1,0,0,0,0,0
SLB STK SMART,20150327,94309,82.56,1,0,0,0,0,0
SLB STK SMART,20150327,94322,82.58,1,0,0,0,0,0
SLB STK SMART,20150327,94323,82.6,1,0,0,0,0,0
SLB STK SMART,20150327,94334,82.63,2,0,0,0,0,0
SLB STK SMART,20150327,94352,82.54,1,0,0,0,0,0
SLB STK SMART,20150327,94402,82.59,1,0,0,0,0,0
SLB STK SMART,20150327,94413,82.63,1,0,0,0,0,0
SLB STK SMART,20150327,94433,82.57,1,0,0,0,0,0
SLB STK SMART,20150327,94439,82.49,1,0,0,0,0,0
SLB STK SMART,20150327,94450,82.54,1,0,0,0,0,0
SLB STK SMART,20150327,94509,82.57,1,0,0,0,0,0
SLB STK SMART,20150327,94518,82.6,1,0,0,0,0,0
SLB STK SMART,20150327,94526,82.58,1,0,0,0,0,0
SLB STK SMART,20150327,94550,82.54,1,0,0,0,0,0
SLB STK SMART,20150327,94557,82.49,1,0,0,0,0,0
SLB STK SMART,20150327,94609,82.41,1,0,0,0,0,0
SLB STK SMART,20150327,94627,82.45,1,0,0,0,0,0
SLB STK SMART,20150327,94638,82.47,1,0,0,0,0,0
SLB STK SMART,20150327,94646,82.46,1,0,0,0,0,0
SLB STK SMART,20150327,94655,82.45,1,0,0,0,0,0
SLB STK SMART,20150327,94712,82.49,1,0,0,0,0,0
SLB STK SMART,20150327,94735,82.47,1,0,0,0,0,0
SLB STK SMART,20150327,94750,82.49,1,0,0,0,0,0
SLB STK SMART,20150327,94803,82.4,2,0,0,0,0,0
SLB STK SMART,20150327,94807,82.4,3,0,0,0,0,0
SLB STK SMART,20150327,94822,82.4,1,0,0,0,0,0
SLB STK SMART,20150327,94826,82.43,1,0,0,0,0,0
SLB STK SMART,20150327,94905,82.44,1,0,0,0,0,0
SLB STK SMART,20150327,94923,82.5,1,0,0,0,0,0
SLB STK SMART,20150327,94932,82.47,1,0,0,0,0,0
SLB STK SMART,20150327,94949,82.51,1,0,0,0,0,0
SLB STK SMART,20150327,95002,82.5,1,0,0,0,0,0
SLB STK SMART,20150327,95013,82.45,1,0,0,0,0,0
SLB STK SMART,20150327,95019,82.43,1,0,0,0,0,0
SLB STK SMART,20150327,95029,82.4,1,0,0,0,0,0
SLB STK SMART,20150327,95040,82.32,1,0,0,0,0,0
SLB STK SMART,20150327,95047,82.39,1,0,0,0,0,0
SLB STK SMART,20150327,95054,82.37,1,0,0,0,0,0
SLB STK SMART,20150327,95122,82.37,1,0,0,0,0,0
SLB STK SMART,20150327,95142,82.4,1,0,0,0,0,0
SLB STK SMART,20150327,95153,82.39,1,0,0,0,0,0
SLB STK SMART,20150327,95200,82.4,1,0,0,0,0,0
SLB STK SMART,20150327,95241,82.41,1,0,0,0,0,0
SLB STK SMART,20150327,95301,82.52,1,0,0,0,0,0
SLB STK SMART,20150327,95309,82.56,1,0,0,0,0,0
SLB STK SMART,20150327,95317,82.59,1,0,0,0,0,0
SLB STK SMART,20150327,95332,82.52,1,0,0,0,0,0
SLB STK SMART,20150327,95338,82.49,1,0,0,0,0,0
SLB STK SMART,20150327,95351,82.55,1,0,0,0,0,0
SLB STK SMART,20150327,95411,82.54,1,0,0,0,0,0
SLB STK SMART,20150327,95420,82.6,1,0,0,0,0,0
SLB STK SMART,20150327,95432,82.63,1,0,0,0,0,0
SLB STK SMART,20150327,95443,82.59,1,0,0,0,0,0
SLB STK SMART,20150327,95454,82.58,4,0,0,0,0,0
SLB STK SMART,20150327,95458,82.58,4,0,0,0,0,0
SLB STK SMART,20150327,95512,82.56,1,0,0,0,0,0
SLB STK SMART,20150327,95519,82.58,1,0,0,0,0,0
SLB STK SMART,20150327,95531,82.58,1,0,0,0,0,0
SLB STK SMART,20150327,95543,82.53,1,0,0,0,0,0
SLB STK SMART,20150327,95547,82.56,1,0,0,0,0,0
SLB STK SMART,20150327,95602,82.53,1,0,0,0,0,0
SLB STK SMART,20150327,95621,82.59,1,0,0,0,0,0
SLB STK SMART,20150327,95632,82.68,1,0,0,0,0,0
SLB STK SMART,20150327,95645,82.69,1,0,0,0,0,0
SLB STK SMART,20150327,95702,82.7,1,0,0,0,0,0
SLB STK SMART,20150327,95713,82.65,1,0,0,0,0,0
SLB STK SMART,20150327,95715,82.64,1,0,0,0,0,0
SLB STK SMART,20150327,95740,82.68,1,0,0,0,0,0
SLB STK SMART,20150327,95836,82.61,1,0,0,0,0,0
SLB STK SMART,20150327,95919,82.66,1,0,0,0,0,0
SLB STK SMART,20150327,95945,82.73,1,0,0,0,0,0
SLB STK SMART,20150327,95958,82.67,1,0,0,0,0,0
SLB STK SMART,20150327,100006,82.65,1,0,0,0,0,0
SLB STK SMART,20150327,100030,82.69,1,0,0,0,0,0
SLB STK SMART,20150327,100040,82.66,1,0,0,0,0,0
SLB STK SMART,20150327,100049,82.6,1,0,0,0,0,0
SLB STK SMART,20150327,100120,82.61,1,0,0,0,0,0
SLB STK SMART,20150327,100145,82.6,1,0,0,0,0,0
SLB STK SMART,20150327,100156,82.58,1,0,0,0,0,0
SLB STK SMART,20150327,100209,82.58,1,0,0,0,0,0
SLB STK SMART,20150327,100220,82.63,1,0,0,0,0,0
SLB STK SMART,20150327,100232,82.6,1,0,0,0,0,0
SLB STK SMART,20150327,100235,82.63,1,0,0,0,0,0
SLB STK SMART,20150327,100249,82.59,1,0,0,0,0,0
SLB STK SMART,20150327,100300,82.61,1,0,0,0,0,0
SLB STK SMART,20150327,100306,82.62,1,0,0,0,0,0
SLB STK SMART,20150327,100324,82.62,2,0,0,0,0,0
SLB STK SMART,20150327,100324,82.62,1,0,0,0,0,0
SLB STK SMART,20150327,100347,82.61,1,0,0,0,0,0
SLB STK SMART,20150327,100357,82.62,1,0,0,0,0,0
SLB STK SMART,20150327,100427,82.66,1,0,0,0,0,0
SLB STK SMART,20150327,100452,82.67,1,0,0,0,0,0
SLB STK SMART,20150327,100456,82.61,1,0,0,0,0,0
SLB STK SMART,20150327,100505,82.58,1,0,0,0,0,0
SLB STK SMART,20150327,100533,82.63,1,0,0,0,0,0
SLB STK SMART,20150327,100542,82.6,4,0,0,0,0,0
SLB STK SMART,20150327,100553,82.55,1,0,0,0,0,0
SLB STK SMART,20150327,100606,82.53,1,0,0,0,0,0
SLB STK SMART,20150327,100623,82.56,1,0,0,0,0,0
SLB STK SMART,20150327,100634,82.5,1,0,0,0,0,0
SLB STK SMART,20150327,100644,82.46,1,0,0,0,0,0
SLB STK SMART,20150327,100646,82.49,1,0,0,0,0,0
SLB STK SMART,20150327,100657,82.45,1,0,0,0,0,0
SLB STK SMART,20150327,100707,82.46,1,0,0,0,0,0
SLB STK SMART,20150327,100722,82.44,1,0,0,0,0,0
SLB STK SMART,20150327,100727,82.43,1,0,0,0,0,0
SLB STK SMART,20150327,100737,82.43,1,0,0,0,0,0
SLB STK SMART,20150327,100752,82.52,1,0,0,0,0,0
SLB STK SMART,20150327,100804,82.5,1,0,0,0,0,0
SLB STK SMART,20150327,100816,82.45,1,0,0,0,0,0
SLB STK SMART,20150327,100827,82.45,1,0,0,0,0,0
SLB STK SMART,20150327,100837,82.45,1,0,0,0,0,0
SLB STK SMART,20150327,100849,82.43,1,0,0,0,0,0
SLB STK SMART,20150327,100902,82.46,1,0,0,0,0,0
SLB STK SMART,20150327,100906,82.48,1,0,0,0,0,0
SLB STK SMART,20150327,100932,82.5,1,0,0,0,0,0
SLB STK SMART,20150327,100942,82.5,1,0,0,0,0,0
SLB STK SMART,20150327,100947,82.49,1,0,0,0,0,0
SLB STK SMART,20150327,101001,82.57,1,0,0,0,0,0
SLB STK SMART,20150327,101015,82.66,1,0,0,0,0,0
SLB STK SMART,20150327,101034,82.75,1,0,0,0,0,0
SLB STK SMART,20150327,101041,82.69,1,0,0,0,0,0
SLB STK SMART,20150327,101050,82.76,1,0,0,0,0,0
SLB STK SMART,20150327,101101,82.79,1,0,0,0,0,0
SLB STK SMART,20150327,101114,82.75,1,0,0,0,0,0
SLB STK SMART,20150327,101116,82.77,1,0,0,0,0,0
SLB STK SMART,20150327,101131,82.7,1,0,0,0,0,0
SLB STK SMART,20150327,101136,82.74,1,0,0,0,0,0
SLB STK SMART,20150327,101147,82.72,1,0,0,0,0,0
SLB STK SMART,20150327,101202,82.67,1,0,0,0,0,0
SLB STK SMART,20150327,101209,82.69,1,0,0,0,0,0
SLB STK SMART,20150327,101234,82.67,1,0,0,0,0,0
SLB STK SMART,20150327,101241,82.66,1,0,0,0,0,0
SLB STK SMART,20150327,101252,82.55,1,0,0,0,0,0
SLB STK SMART,20150327,101303,82.61,1,0,0,0,0,0
SLB STK SMART,20150327,101310,82.61,1,0,0,0,0,0
SLB STK SMART,20150327,101324,82.62,1,0,0,0,0,0
SLB STK SMART,20150327,101325,82.6,1,0,0,0,0,0
SLB STK SMART,20150327,101343,82.73,1,0,0,0,0,0
SLB STK SMART,20150327,101354,82.76,1,0,0,0,0,0
SLB STK SMART,20150327,101404,82.73,1,0,0,0,0,0
SLB STK SMART,20150327,101413,82.76,1,0,0,0,0,0
SLB STK SMART,20150327,101422,82.81,1,0,0,0,0,0
SLB STK SMART,20150327,101442,82.83,1,0,0,0,0,0
SLB STK SMART,20150327,101502,82.89,1,0,0,0,0,0
SLB STK SMART,20150327,101506,82.9,1,0,0,0,0,0
SLB STK SMART,20150327,101523,82.85,1,0,0,0,0,0
SLB STK SMART,20150327,101530,82.82,1,0,0,0,0,0
SLB STK SMART,20150327,101536,82.79,1,0,0,0,0,0
SLB STK SMART,20150327,101554,82.75,4,0,0,0,0,0
SLB STK SMART,20150327,101558,82.76,1,0,0,0,0,0
SLB STK SMART,20150327,101622,82.73,1,0,0,0,0,0
SLB STK SMART,20150327,101635,82.75,1,0,0,0,0,0
SLB STK SMART,20150327,101635,82.72,1,0,0,0,0,0
SLB STK SMART,20150327,101652,82.75,1,0,0,0,0,0
SLB STK SMART,20150327,101703,82.7,1,0,0,0,0,0
SLB STK SMART,20150327,101723,82.66,1,0,0,0,0,0
SLB STK SMART,20150327,101728,82.69,1,0,0,0,0,0
SLB STK SMART,20150327,101752,82.63,1,0,0,0,0,0
SLB STK SMART,20150327,101807,82.67,1,0,0,0,0,0
SLB STK SMART,20150327,101820,82.68,1,0,0,0,0,0
SLB STK SMART,20150327,101855,82.77,1,0,0,0,0,0
SLB STK SMART,20150327,101856,82.74,1,0,0,0,0,0
SLB STK SMART,20150327,101935,82.77,1,0,0,0,0,0
SLB STK SMART,20150327,101939,82.8,1,0,0,0,0,0
SLB STK SMART,20150327,101954,82.85,1,0,0,0,0,0
SLB STK SMART,20150327,102001,82.87,1,0,0,0,0,0
SLB STK SMART,20150327,102035,83.01,1,0,0,0,0,0
SLB STK SMART,20150327,102045,82.93,2,0,0,0,0,0
SLB STK SMART,20150327,102054,82.96,1,0,0,0,0,0
SLB STK SMART,20150327,102109,82.92,1,0,0,0,0,0
SLB STK SMART,20150327,102122,82.93,1,0,0,0,0,0
SLB STK SMART,20150327,102145,82.86,1,0,0,0,0,0
SLB STK SMART,20150327,102204,82.92,1,0,0,0,0,0
SLB STK SMART,20150327,102215,82.91,1,0,0,0,0,0
SLB STK SMART,20150327,102225,82.89,1,0,0,0,0,0
SLB STK SMART,20150327,102231,82.97,1,0,0,0,0,0
SLB STK SMART,20150327,102243,82.98,1,0,0,0,0,0
SLB STK SMART,20150327,102252,82.97,1,0,0,0,0,0
SLB STK SMART,20150327,102301,83.02,1,0,0,0,0,0
SLB STK SMART,20150327,102325,83,3,0,0,0,0,0
SLB STK SMART,20150327,102331,83.05,1,0,0,0,0,0
SLB STK SMART,20150327,102341,83.05,1,0,0,0,0,0
SLB STK SMART,20150327,102353,83.05,1,0,0,0,0,0
SLB STK SMART,20150327,102401,83.04,1,0,0,0,0,0
SLB STK SMART,20150327,102407,83.05,1,0,0,0,0,0
SLB STK SMART,20150327,102421,83.03,1,0,0,0,0,0
SLB STK SMART,20150327,102433,83.02,1,0,0,0,0,0
SLB STK SMART,20150327,102438,83,1,0,0,0,0,0
SLB STK SMART,20150327,102454,82.97,1,0,0,0,0,0
SLB STK SMART,20150327,102502,83.01,1,0,0,0,0,0
SLB STK SMART,20150327,102528,83.01,1,0,0,0,0,0
SLB STK SMART,20150327,102541,83,2,0,0,0,0,0
SLB STK SMART,20150327,102550,82.99,1,0,0,0,0,0
SLB STK SMART,20150327,102607,83.06,2,0,0,0,0,0
SLB STK SMART,20150327,102624,83.06,2,0,0,0,0,0
SLB STK SMART,20150327,102634,83.04,1,0,0,0,0,0
SLB STK SMART,20150327,102705,83.05,1,0,0,0,0,0
SLB STK SMART,20150327,102708,83.05,1,0,0,0,0,0
SLB STK SMART,20150327,102717,83.03,1,0,0,0,0,0
SLB STK SMART,20150327,102736,83.05,2,0,0,0,0,0
SLB STK SMART,20150327,102752,83.07,1,0,0,0,0,0
SLB STK SMART,20150327,102804,83.03,1,0,0,0,0,0
SLB STK SMART,20150327,102809,83.02,1,0,0,0,0,0
SLB STK SMART,20150327,102823,83.03,1,0,0,0,0,0
SLB STK SMART,20150327,102835,83,1,0,0,0,0,0
SLB STK SMART,20150327,102841,83.03,1,0,0,0,0,0
SLB STK SMART,20150327,102918,83.01,1,0,0,0,0,0
SLB STK SMART,20150327,102945,83.02,1,0,0,0,0,0
SLB STK SMART,20150327,102951,83.02,1,0,0,0,0,0
SLB STK SMART,20150327,102957,83.02,1,0,0,0,0,0
SLB STK SMART,20150327,103015,83.01,2,0,0,0,0,0
SLB STK SMART,20150327,103023,83.03,1,0,0,0,0,0
SLB STK SMART,20150327,103033,83.02,1,0,0,0,0,0
SLB STK SMART,20150327,103050,83,1,0,0,0,0,0
SLB STK SMART,20150327,103104,83.01,1,0,0,0,0,0
SLB STK SMART,20150327,103107,83.03,1,0,0,0,0,0
SLB STK SMART,20150327,103120,83.02,1,0,0,0,0,0
SLB STK SMART,20150327,103131,83.01,1,0,0,0,0,0
SLB STK SMART,20150327,103145,82.99,1,0,0,0,0,0
SLB STK SMART,20150327,103147,82.98,1,0,0,0,0,0
SLB STK SMART,20150327,103201,82.95,1,0,0,0,0,0
SLB STK SMART,20150327,103212,82.9,1,0,0,0,0,0
SLB STK SMART,20150327,103232,82.88,1,0,0,0,0,0
SLB STK SMART,20150327,103240,82.88,1,0,0,0,0,0
SLB STK SMART,20150327,103247,82.89,1,0,0,0,0,0
SLB STK SMART,20150327,103302,82.88,1,0,0,0,0,0
SLB STK SMART,20150327,103315,82.87,1,0,0,0,0,0
SLB STK SMART,20150327,103326,82.85,1,0,0,0,0,0
SLB STK SMART,20150327,103345,82.89,1,0,0,0,0,0
SLB STK SMART,20150327,103400,82.84,1,0,0,0,0,0
SLB STK SMART,20150327,103420,82.83,1,0,0,0,0,0
SLB STK SMART,20150327,103426,82.8,1,0,0,0,0,0
SLB STK SMART,20150327,103454,82.77,1,0,0,0,0,0
SLB STK SMART,20150327,103505,82.79,1,0,0,0,0,0
SLB STK SMART,20150327,103515,82.84,1,0,0,0,0,0
SLB STK SMART,20150327,103525,82.79,1,0,0,0,0,0
SLB STK SMART,20150327,103535,82.77,1,0,0,0,0,0
SLB STK SMART,20150327,103556,82.8,1,0,0,0,0,0
SLB STK SMART,20150327,103559,82.78,1,0,0,0,0,0
SLB STK SMART,20150327,103612,82.76,1,0,0,0,0,0
SLB STK SMART,20150327,103620,82.78,1,0,0,0,0,0
SLB STK SMART,20150327,103638,82.76,1,0,0,0,0,0
SLB STK SMART,20150327,103655,82.79,2,0,0,0,0,0
SLB STK SMART,20150327,103703,82.8,1,0,0,0,0,0
SLB STK SMART,20150327,103735,82.76,1,0,0,0,0,0
SLB STK SMART,20150327,103742,82.74,1,0,0,0,0,0
SLB STK SMART,20150327,103753,82.76,1,0,0,0,0,0
SLB STK SMART,20150327,103814,82.8,1,0,0,0,0,0
SLB STK SMART,20150327,103821,82.83,1,0,0,0,0,0
SLB STK SMART,20150327,103842,82.9,1,0,0,0,0,0
SLB STK SMART,20150327,103854,82.93,1,0,0,0,0,0
SLB STK SMART,20150327,103903,82.91,1,0,0,0,0,0
SLB STK SMART,20150327,103924,82.96,1,0,0,0,0,0
SLB STK SMART,20150327,103929,82.94,1,0,0,0,0,0
SLB STK SMART,20150327,103943,82.92,1,0,0,0,0,0
SLB STK SMART,20150327,103955,82.87,1,0,0,0,0,0
SLB STK SMART,20150327,104003,82.88,1,0,0,0,0,0
SLB STK SMART,20150327,104022,82.96,1,0,0,0,0,0
SLB STK SMART,20150327,104028,82.94,1,0,0,0,0,0
SLB STK SMART,20150327,104054,82.9,2,0,0,0,0,0
SLB STK SMART,20150327,104116,82.92,1,0,0,0,0,0
SLB STK SMART,20150327,104116,82.91,1,0,0,0,0,0
SLB STK SMART,20150327,104129,82.89,1,0,0,0,0,0
SLB STK SMART,20150327,104146,82.87,1,0,0,0,0,0
SLB STK SMART,20150327,104155,82.83,1,0,0,0,0,0
SLB STK SMART,20150327,104224,82.86,1,0,0,0,0,0
SLB STK SMART,20150327,104255,82.83,1,0,0,0,0,0
SLB STK SMART,20150327,104257,82.84,1,0,0,0,0,0
SLB STK SMART,20150327,104312,82.85,1,0,0,0,0,0
SLB STK SMART,20150327,104323,82.87,1,0,0,0,0,0
SLB STK SMART,20150327,104326,82.86,1,0,0,0,0,0
SLB STK SMART,20150327,104406,82.9,1,0,0,0,0,0
SLB STK SMART,20150327,104407,82.91,1,0,0,0,0,0
SLB STK SMART,20150327,104420,82.92,1,0,0,0,0,0
SLB STK SMART,20150327,104436,82.93,1,0,0,0,0,0
SLB STK SMART,20150327,104441,82.94,1,0,0,0,0,0
SLB STK SMART,20150327,104453,82.95,1,0,0,0,0,0
SLB STK SMART,20150327,104505,82.93,1,0,0,0,0,0
SLB STK SMART,20150327,104508,82.9,1,0,0,0,0,0
SLB STK SMART,20150327,104522,82.89,1,0,0,0,0,0
SLB STK SMART,20150327,104533,82.88,1,0,0,0,0,0
SLB STK SMART,20150327,104537,82.9,1,0,0,0,0,0
SLB STK SMART,20150327,104609,82.93,1,0,0,0,0,0
SLB STK SMART,20150327,104623,82.95,1,0,0,0,0,0
SLB STK SMART,20150327,104655,82.95,1,0,0,0,0,0
SLB STK SMART,20150327,104709,82.96,1,0,0,0,0,0
SLB STK SMART,20150327,104802,82.99,1,0,0,0,0,0
SLB STK SMART,20150327,104813,82.99,1,0,0,0,0,0
SLB STK SMART,20150327,104836,82.96,1,0,0,0,0,0
SLB STK SMART,20150327,104851,82.96,2,0,0,0,0,0
SLB STK SMART,20150327,104903,82.98,1,0,0,0,0,0
SLB STK SMART,20150327,104920,83.02,1,0,0,0,0,0
SLB STK SMART,20150327,104931,83.03,1,0,0,0,0,0
SLB STK SMART,20150327,104946,83.02,1,0,0,0,0,0
SLB STK SMART,20150327,104953,83.03,1,0,0,0,0,0
SLB STK SMART,20150327,105006,83.05,2,0,0,0,0,0
SLB STK SMART,20150327,105013,83.04,1,0,0,0,0,0
SLB STK SMART,20150327,105039,83.05,1,0,0,0,0,0
SLB STK SMART,20150327,105116,83.1,3,0,0,0,0,0
SLB STK SMART,20150327,105125,83.1,2,0,0,0,0,0
SLB STK SMART,20150327,105136,83.08,1,0,0,0,0,0
SLB STK SMART,20150327,105137,83.08,1,0,0,0,0,0
SLB STK SMART,20150327,105154,83.1,2,0,0,0,0,0
SLB STK SMART,20150327,105204,83.17,1,0,0,0,0,0
SLB STK SMART,20150327,105236,83.15,1,0,0,0,0,0
SLB STK SMART,20150327,105246,83.15,1,0,0,0,0,0
SLB STK SMART,20150327,105259,83.14,1,0,0,0,0,0
SLB STK SMART,20150327,105321,83.17,1,0,0,0,0,0
SLB STK SMART,20150327,105341,83.18,1,0,0,0,0,0
SLB STK SMART,20150327,105355,83.15,1,0,0,0,0,0
SLB STK SMART,20150327,105402,83.16,1,0,0,0,0,0
SLB STK SMART,20150327,105412,83.23,1,0,0,0,0,0
SLB STK SMART,20150327,105421,83.21,1,0,0,0,0,0
SLB STK SMART,20150327,105433,83.17,1,0,0,0,0,0
SLB STK SMART,20150327,105456,83.21,1,0,0,0,0,0
SLB STK SMART,20150327,105524,83.23,1,0,0,0,0,0
SLB STK SMART,20150327,105529,83.24,1,0,0,0,0,0
SLB STK SMART,20150327,105537,83.25,2,0,0,0,0,0
SLB STK SMART,20150327,105606,83.24,1,0,0,0,0,0
SLB STK SMART,20150327,105614,83.29,1,0,0,0,0,0
SLB STK SMART,20150327,105619,83.28,1,0,0,0,0,0
SLB STK SMART,20150327,105637,83.3,1,0,0,0,0,0
SLB STK SMART,20150327,105649,83.31,1,0,0,0,0,0
SLB STK SMART,20150327,105743,83.25,1,0,0,0,0,0
SLB STK SMART,20150327,105758,83.29,1,0,0,0,0,0
SLB STK SMART,20150327,105826,83.29,3,0,0,0,0,0
SLB STK SMART,20150327,105831,83.29,1,0,0,0,0,0
SLB STK SMART,20150327,105841,83.28,2,0,0,0,0,0
SLB STK SMART,20150327,105857,83.28,1,0,0,0,0,0
SLB STK SMART,20150327,105907,83.27,1,0,0,0,0,0
SLB STK SMART,20150327,105922,83.26,1,0,0,0,0,0
SLB STK SMART,20150327,105952,83.22,1,0,0,0,0,0
SLB STK SMART,20150327,110000,83.2,1,0,0,0,0,0
SLB STK SMART,20150327,110017,83.15,1,0,0,0,0,0
SLB STK SMART,20150327,110017,83.14,1,0,0,0,0,0
SLB STK SMART,20150327,110036,83.18,1,0,0,0,0,0
SLB STK SMART,20150327,110053,83.12,1,0,0,0,0,0
SLB STK SMART,20150327,110153,83.11,1,0,0,0,0,0
SLB STK SMART,20150327,110201,83.1,1,0,0,0,0,0
SLB STK SMART,20150327,110221,83.14,1,0,0,0,0,0
SLB STK SMART,20150327,110249,83.12,1,0,0,0,0,0
SLB STK SMART,20150327,110334,83.16,1,0,0,0,0,0
SLB STK SMART,20150327,110351,83.14,1,0,0,0,0,0
SLB STK SMART,20150327,110404,83.1,2,0,0,0,0,0
SLB STK SMART,20150327,110407,83.07,1,0,0,0,0,0
SLB STK SMART,20150327,110422,83.07,1,0,0,0,0,0
SLB STK SMART,20150327,110433,83.03,1,0,0,0,0,0
SLB STK SMART,20150327,110448,83.04,1,0,0,0,0,0
SLB STK SMART,20150327,110516,83.03,1,0,0,0,0,0
SLB STK SMART,20150327,110523,83.01,1,0,0,0,0,0
SLB STK SMART,20150327,110534,83,1,0,0,0,0,0
SLB STK SMART,20150327,110603,83,1,0,0,0,0,0
SLB STK SMART,20150327,110614,83.01,1,0,0,0,0,0
SLB STK SMART,20150327,110622,83.01,1,0,0,0,0,0
SLB STK SMART,20150327,110637,83.01,1,0,0,0,0,0
SLB STK SMART,20150327,110657,83.07,1,0,0,0,0,0
SLB STK SMART,20150327,110716,83.07,1,0,0,0,0,0
SLB STK SMART,20150327,110718,83.04,1,0,0,0,0,0
SLB STK SMART,20150327,110802,83.01,1,0,0,0,0,0
SLB STK SMART,20150327,110813,83,1,0,0,0,0,0
SLB STK SMART,20150327,110834,82.98,1,0,0,0,0,0
SLB STK SMART,20150327,110841,82.98,1,0,0,0,0,0
SLB STK SMART,20150327,110856,82.99,1,0,0,0,0,0
SLB STK SMART,20150327,110907,82.99,1,0,0,0,0,0
SLB STK SMART,20150327,110937,83.03,5,0,0,0,0,0
SLB STK SMART,20150327,110946,83,1,0,0,0,0,0
SLB STK SMART,20150327,110957,82.98,5,0,0,0,0,0
SLB STK SMART,20150327,111007,82.96,1,0,0,0,0,0
SLB STK SMART,20150327,111021,82.92,1,0,0,0,0,0
SLB STK SMART,20150327,111034,82.91,1,0,0,0,0,0
SLB STK SMART,20150327,111055,82.88,1,0,0,0,0,0
SLB STK SMART,20150327,111102,82.86,1,0,0,0,0,0
SLB STK SMART,20150327,111111,82.85,1,0,0,0,0,0
SLB STK SMART,20150327,111127,82.88,1,0,0,0,0,0
SLB STK SMART,20150327,111137,82.84,1,0,0,0,0,0
SLB STK SMART,20150327,111147,82.83,1,0,0,0,0,0
SLB STK SMART,20150327,111150,82.82,1,0,0,0,0,0
SLB STK SMART,20150327,111212,82.86,1,0,0,0,0,0
SLB STK SMART,20150327,111236,82.85,1,0,0,0,0,0
SLB STK SMART,20150327,111242,82.83,1,0,0,0,0,0
SLB STK SMART,20150327,111257,82.82,1,0,0,0,0,0
SLB STK SMART,20150327,111258,82.84,1,0,0,0,0,0
SLB STK SMART,20150327,111327,82.87,1,0,0,0,0,0
SLB STK SMART,20150327,111333,82.88,1,0,0,0,0,0
SLB STK SMART,20150327,111403,82.92,1,0,0,0,0,0
SLB STK SMART,20150327,111413,82.93,1,0,0,0,0,0
SLB STK SMART,20150327,111419,82.95,1,0,0,0,0,0
SLB STK SMART,20150327,111545,83.01,1,0,0,0,0,0
SLB STK SMART,20150327,111558,83.02,1,0,0,0,0,0
SLB STK SMART,20150327,111625,82.96,1,0,0,0,0,0
SLB STK SMART,20150327,111642,82.95,1,0,0,0,0,0
SLB STK SMART,20150327,111658,82.9,1,0,0,0,0,0
SLB STK SMART,20150327,111737,82.85,1,0,0,0,0,0
SLB STK SMART,20150327,111753,82.89,1,0,0,0,0,0
SLB STK SMART,20150327,111818,82.9,1,0,0,0,0,0
SLB STK SMART,20150327,111830,82.89,1,0,0,0,0,0
SLB STK SMART,20150327,111847,82.94,1,0,0,0,0,0
SLB STK SMART,20150327,111851,82.96,1,0,0,0,0,0
SLB STK SMART,20150327,111926,82.93,1,0,0,0,0,0
SLB STK SMART,20150327,111948,82.91,1,0,0,0,0,0
SLB STK SMART,20150327,111954,82.92,1,0,0,0,0,0
SLB STK SMART,20150327,112023,82.93,1,0,0,0,0,0
SLB STK SMART,20150327,112041,82.95,1,0,0,0,0,0
SLB STK SMART,20150327,112115,82.98,1,0,0,0,0,0
SLB STK SMART,20150327,112147,82.98,1,0,0,0,0,0
SLB STK SMART,20150327,112212,83,2,0,0,0,0,0
SLB STK SMART,20150327,112221,82.99,1,0,0,0,0,0
SLB STK SMART,20150327,112240,82.95,1,0,0,0,0,0
SLB STK SMART,20150327,112321,82.96,1,0,0,0,0,0
SLB STK SMART,20150327,112355,82.91,4,0,0,0,0,0
SLB STK SMART,20150327,112404,82.88,1,0,0,0,0,0
SLB STK SMART,20150327,112427,82.88,3,0,0,0,0,0
SLB STK SMART,20150327,112438,82.89,1,0,0,0,0,0
SLB STK SMART,20150327,112448,82.9,1,0,0,0,0,0
SLB STK SMART,20150327,112458,82.91,1,0,0,0,0,0
SLB STK SMART,20150327,112515,82.93,1,0,0,0,0,0
SLB STK SMART,20150327,112528,82.93,1,0,0,0,0,0
SLB STK SMART,20150327,112542,82.95,1,0,0,0,0,0
SLB STK SMART,20150327,112555,82.97,1,0,0,0,0,0
SLB STK SMART,20150327,112612,82.95,1,0,0,0,0,0
SLB STK SMART,20150327,112620,82.96,1,0,0,0,0,0
SLB STK SMART,20150327,112648,82.94,1,0,0,0,0,0
SLB STK SMART,20150327,112649,82.93,1,0,0,0,0,0
SLB STK SMART,20150327,112737,82.94,1,0,0,0,0,0
SLB STK SMART,20150327,112807,82.93,1,0,0,0,0,0
SLB STK SMART,20150327,112816,82.91,1,0,0,0,0,0
SLB STK SMART,20150327,112827,82.92,1,0,0,0,0,0
SLB STK SMART,20150327,112835,82.92,2,0,0,0,0,0
SLB STK SMART,20150327,112846,82.92,1,0,0,0,0,0
SLB STK SMART,20150327,112851,82.9,1,0,0,0,0,0
SLB STK SMART,20150327,112859,82.86,2,0,0,0,0,0
SLB STK SMART,20150327,112922,82.84,3,0,0,0,0,0
SLB STK SMART,20150327,113003,82.82,1,0,0,0,0,0
SLB STK SMART,20150327,113012,82.84,1,0,0,0,0,0
SLB STK SMART,20150327,113106,82.88,1,0,0,0,0,0
SLB STK SMART,20150327,113147,82.88,1,0,0,0,0,0
SLB STK SMART,20150327,113155,82.85,1,0,0,0,0,0
SLB STK SMART,20150327,113244,82.9,1,0,0,0,0,0
SLB STK SMART,20150327,113314,82.86,1,0,0,0,0,0
SLB STK SMART,20150327,113337,82.84,1,0,0,0,0,0
SLB STK SMART,20150327,113339,82.82,1,0,0,0,0,0
SLB STK SMART,20150327,113402,82.83,1,0,0,0,0,0
SLB STK SMART,20150327,113439,82.86,1,0,0,0,0,0
SLB STK SMART,20150327,113455,82.89,1,0,0,0,0,0
SLB STK SMART,20150327,113504,82.88,1,0,0,0,0,0
SLB STK SMART,20150327,113510,82.87,1,0,0,0,0,0
SLB STK SMART,20150327,113526,82.86,1,0,0,0,0,0
SLB STK SMART,20150327,113534,82.88,1,0,0,0,0,0
SLB STK SMART,20150327,113557,82.88,1,0,0,0,0,0
SLB STK SMART,20150327,113605,82.88,1,0,0,0,0,0
SLB STK SMART,20150327,113615,82.85,1,0,0,0,0,0
SLB STK SMART,20150327,113627,82.81,1,0,0,0,0,0
SLB STK SMART,20150327,113643,82.83,1,0,0,0,0,0
SLB STK SMART,20150327,113656,82.81,1,0,0,0,0,0
SLB STK SMART,20150327,113659,82.82,1,0,0,0,0,0
SLB STK SMART,20150327,113716,82.81,1,0,0,0,0,0
SLB STK SMART,20150327,113727,82.82,1,0,0,0,0,0
SLB STK SMART,20150327,113734,82.83,1,0,0,0,0,0
SLB STK SMART,20150327,113813,82.92,1,0,0,0,0,0
SLB STK SMART,20150327,113825,82.9,1,0,0,0,0,0
SLB STK SMART,20150327,113837,82.91,1,0,0,0,0,0
SLB STK SMART,20150327,113847,82.92,1,0,0,0,0,0
SLB STK SMART,20150327,113856,82.94,1,0,0,0,0,0
SLB STK SMART,20150327,113905,82.93,1,0,0,0,0,0
SLB STK SMART,20150327,113937,82.96,1,0,0,0,0,0
SLB STK SMART,20150327,113947,82.99,1,0,0,0,0,0
SLB STK SMART,20150327,113956,83.03,1,0,0,0,0,0
SLB STK SMART,20150327,114008,83.02,1,0,0,0,0,0
SLB STK SMART,20150327,114035,83.03,1,0,0,0,0,0
SLB STK SMART,20150327,114046,83.02,1,0,0,0,0,0
SLB STK SMART,20150327,114058,83.01,1,0,0,0,0,0
SLB STK SMART,20150327,114112,83,1,0,0,0,0,0
SLB STK SMART,20150327,114126,83.02,1,0,0,0,0,0
SLB STK SMART,20150327,114138,83.03,1,0,0,0,0,0
SLB STK SMART,20150327,114206,83,1,0,0,0,0,0
SLB STK SMART,20150327,114215,82.97,1,0,0,0,0,0
SLB STK SMART,20150327,114245,82.92,1,0,0,0,0,0
SLB STK SMART,20150327,114306,82.98,1,0,0,0,0,0
SLB STK SMART,20150327,114309,82.99,1,0,0,0,0,0
SLB STK SMART,20150327,114319,82.98,1,0,0,0,0,0
SLB STK SMART,20150327,114331,82.97,1,0,0,0,0,0
SLB STK SMART,20150327,114349,83.01,1,0,0,0,0,0
SLB STK SMART,20150327,114357,82.99,1,0,0,0,0,0
SLB STK SMART,20150327,114401,83.03,1,0,0,0,0,0
SLB STK SMART,20150327,114453,83.05,3,0,0,0,0,0
SLB STK SMART,20150327,114508,83.05,1,0,0,0,0,0
SLB STK SMART,20150327,114529,83.03,1,0,0,0,0,0
SLB STK SMART,20150327,114612,83.07,1,0,0,0,0,0
SLB STK SMART,20150327,114640,83.11,1,0,0,0,0,0
SLB STK SMART,20150327,114717,83.13,1,0,0,0,0,0
SLB STK SMART,20150327,114722,83.12,1,0,0,0,0,0
SLB STK SMART,20150327,114756,83.13,1,0,0,0,0,0
SLB STK SMART,20150327,114826,83.15,1,0,0,0,0,0
SLB STK SMART,20150327,114858,83.16,1,0,0,0,0,0
SLB STK SMART,20150327,114901,83.17,1,0,0,0,0,0
SLB STK SMART,20150327,114913,83.21,1,0,0,0,0,0
SLB STK SMART,20150327,114933,83.2,1,0,0,0,0,0
SLB STK SMART,20150327,114959,83.2,1,0,0,0,0,0
SLB STK SMART,20150327,115038,83.25,1,0,0,0,0,0
SLB STK SMART,20150327,115059,83.23,1,0,0,0,0,0
SLB STK SMART,20150327,115107,83.26,1,0,0,0,0,0
SLB STK SMART,20150327,115140,83.23,1,0,0,0,0,0
SLB STK SMART,20150327,115150,83.22,1,0,0,0,0,0
SLB STK SMART,20150327,115213,83.23,1,0,0,0,0,0
SLB STK SMART,20150327,115238,83.23,1,0,0,0,0,0
SLB STK SMART,20150327,115246,83.24,1,0,0,0,0,0
SLB STK SMART,20150327,115327,83.24,2,0,0,0,0,0
SLB STK SMART,20150327,115332,83.24,1,0,0,0,0,0
SLB STK SMART,20150327,115343,83.2,1,0,0,0,0,0
SLB STK SMART,20150327,115405,83.19,1,0,0,0,0,0
SLB STK SMART,20150327,115418,83.16,1,0,0,0,0,0
SLB STK SMART,20150327,115421,83.18,1,0,0,0,0,0
SLB STK SMART,20150327,115438,83.17,1,0,0,0,0,0
SLB STK SMART,20150327,115455,83.18,1,0,0,0,0,0
SLB STK SMART,20150327,115506,83.17,1,0,0,0,0,0
SLB STK SMART,20150327,115517,83.19,2,0,0,0,0,0
SLB STK SMART,20150327,115548,83.17,2,0,0,0,0,0
SLB STK SMART,20150327,115555,83.2,1,0,0,0,0,0
SLB STK SMART,20150327,115631,83.25,1,0,0,0,0,0
SLB STK SMART,20150327,115645,83.26,1,0,0,0,0,0
SLB STK SMART,20150327,115659,83.28,7,0,0,0,0,0
SLB STK SMART,20150327,115705,83.3,5,0,0,0,0,0
SLB STK SMART,20150327,115714,83.28,1,0,0,0,0,0
SLB STK SMART,20150327,115737,83.35,1,0,0,0,0,0
SLB STK SMART,20150327,115748,83.39,1,0,0,0,0,0
SLB STK SMART,20150327,115810,83.35,1,0,0,0,0,0
SLB STK SMART,20150327,115825,83.33,2,0,0,0,0,0
SLB STK SMART,20150327,115839,83.32,1,0,0,0,0,0
SLB STK SMART,20150327,115844,83.3,1,0,0,0,0,0
SLB STK SMART,20150327,115859,83.29,1,0,0,0,0,0
SLB STK SMART,20150327,115900,83.28,1,0,0,0,0,0
SLB STK SMART,20150327,115937,83.27,2,0,0,0,0,0
SLB STK SMART,20150327,115946,83.27,1,0,0,0,0,0
SLB STK SMART,20150327,120017,83.26,1,0,0,0,0,0
SLB STK SMART,20150327,120022,83.27,1,0,0,0,0,0
SLB STK SMART,20150327,120037,83.24,1,0,0,0,0,0
SLB STK SMART,20150327,120047,83.21,1,0,0,0,0,0
SLB STK SMART,20150327,120059,83.23,1,0,0,0,0,0
SLB STK SMART,20150327,120121,83.21,1,0,0,0,0,0
SLB STK SMART,20150327,120149,83.22,1,0,0,0,0,0
SLB STK SMART,20150327,120150,83.2,1,0,0,0,0,0
SLB STK SMART,20150327,120213,83.17,1,0,0,0,0,0
SLB STK SMART,20150327,120222,83.16,1,0,0,0,0,0
SLB STK SMART,20150327,120243,83.15,1,0,0,0,0,0
SLB STK SMART,20150327,120253,83.15,1,0,0,0,0,0
SLB STK SMART,20150327,120314,83.11,1,0,0,0,0,0
SLB STK SMART,20150327,120327,83.12,1,0,0,0,0,0
SLB STK SMART,20150327,120336,83.13,1,0,0,0,0,0
SLB STK SMART,20150327,120359,83.13,1,0,0,0,0,0
SLB STK SMART,20150327,120404,83.12,1,0,0,0,0,0
SLB STK SMART,20150327,120447,83.07,1,0,0,0,0,0
SLB STK SMART,20150327,120506,83.08,1,0,0,0,0,0
SLB STK SMART,20150327,120529,83.06,1,0,0,0,0,0
SLB STK SMART,20150327,120535,83.07,1,0,0,0,0,0
SLB STK SMART,20150327,120617,83.05,1,0,0,0,0,0
SLB STK SMART,20150327,120646,83.06,1,0,0,0,0,0
SLB STK SMART,20150327,120706,83.03,1,0,0,0,0,0
SLB STK SMART,20150327,120746,83.02,1,0,0,0,0,0
SLB STK SMART,20150327,120757,83.04,1,0,0,0,0,0
SLB STK SMART,20150327,120836,83,3,0,0,0,0,0
SLB STK SMART,20150327,120846,83.03,1,0,0,0,0,0
SLB STK SMART,20150327,120910,83.04,1,0,0,0,0,0
SLB STK SMART,20150327,120916,83.05,1,0,0,0,0,0
SLB STK SMART,20150327,121004,83.13,1,0,0,0,0,0
SLB STK SMART,20150327,121020,83.14,1,0,0,0,0,0
SLB STK SMART,20150327,121033,83.14,1,0,0,0,0,0
SLB STK SMART,20150327,121048,83.16,1,0,0,0,0,0
SLB STK SMART,20150327,121059,83.16,1,0,0,0,0,0
SLB STK SMART,20150327,121127,83.09,1,0,0,0,0,0
SLB STK SMART,20150327,121156,83.12,1,0,0,0,0,0
SLB STK SMART,20150327,121205,83.11,1,0,0,0,0,0
SLB STK SMART,20150327,121218,83.13,1,0,0,0,0,0
SLB STK SMART,20150327,121239,83.1,1,0,0,0,0,0
SLB STK SMART,20150327,121244,83.09,1,0,0,0,0,0
SLB STK SMART,20150327,121309,83.08,1,0,0,0,0,0
SLB STK SMART,20150327,121328,83.07,1,0,0,0,0,0
SLB STK SMART,20150327,121337,83.06,1,0,0,0,0,0
SLB STK SMART,20150327,121347,83.06,1,0,0,0,0,0
SLB STK SMART,20150327,121351,83.05,1,0,0,0,0,0
SLB STK SMART,20150327,121415,83.01,1,0,0,0,0,0
SLB STK SMART,20150327,121427,83,1,0,0,0,0,0
SLB STK SMART,20150327,121448,83.03,1,0,0,0,0,0
SLB STK SMART,20150327,121501,83.05,1,0,0,0,0,0
SLB STK SMART,20150327,121506,83.04,1,0,0,0,0,0
SLB STK SMART,20150327,121519,83.08,1,0,0,0,0,0
SLB STK SMART,20150327,121528,83.07,1,0,0,0,0,0
SLB STK SMART,20150327,121535,83.04,1,0,0,0,0,0
SLB STK SMART,20150327,121546,83.09,1,0,0,0,0,0
SLB STK SMART,20150327,121554,83.12,1,0,0,0,0,0
SLB STK SMART,20150327,121602,83.11,1,0,0,0,0,0
SLB STK SMART,20150327,121619,83.09,1,0,0,0,0,0
SLB STK SMART,20150327,121702,83.1,1,0,0,0,0,0
SLB STK SMART,20150327,121712,83.09,1,0,0,0,0,0
SLB STK SMART,20150327,121727,83.06,1,0,0,0,0,0
SLB STK SMART,20150327,121747,83.05,1,0,0,0,0,0
SLB STK SMART,20150327,121810,83.04,1,0,0,0,0,0
SLB STK SMART,20150327,121827,83,1,0,0,0,0,0
SLB STK SMART,20150327,121835,83.04,1,0,0,0,0,0
SLB STK SMART,20150327,121849,83.02,1,0,0,0,0,0
SLB STK SMART,20150327,121907,83.01,1,0,0,0,0,0
SLB STK SMART,20150327,121911,83,1,0,0,0,0,0
SLB STK SMART,20150327,121924,82.98,5,0,0,0,0,0
SLB STK SMART,20150327,121939,82.93,1,0,0,0,0,0
SLB STK SMART,20150327,121946,82.96,1,0,0,0,0,0
SLB STK SMART,20150327,122021,82.97,1,0,0,0,0,0
SLB STK SMART,20150327,122034,82.96,1,0,0,0,0,0
SLB STK SMART,20150327,122114,82.93,1,0,0,0,0,0
SLB STK SMART,20150327,122134,82.94,1,0,0,0,0,0
SLB STK SMART,20150327,122147,82.95,1,0,0,0,0,0
SLB STK SMART,20150327,122249,82.93,1,0,0,0,0,0
SLB STK SMART,20150327,122335,82.92,1,0,0,0,0,0
SLB STK SMART,20150327,122350,82.87,1,0,0,0,0,0
SLB STK SMART,20150327,122358,82.88,1,0,0,0,0,0
SLB STK SMART,20150327,122410,82.86,1,0,0,0,0,0
SLB STK SMART,20150327,122429,82.87,1,0,0,0,0,0
SLB STK SMART,20150327,122510,82.9,1,0,0,0,0,0
SLB STK SMART,20150327,122533,82.93,1,0,0,0,0,0
SLB STK SMART,20150327,122546,82.95,1,0,0,0,0,0
SLB STK SMART,20150327,122609,82.99,1,0,0,0,0,0
SLB STK SMART,20150327,122628,83.03,1,0,0,0,0,0
SLB STK SMART,20150327,122636,83.04,1,0,0,0,0,0
SLB STK SMART,20150327,122652,83.02,1,0,0,0,0,0
SLB STK SMART,20150327,122707,83.01,1,0,0,0,0,0
SLB STK SMART,20150327,122740,82.99,1,0,0,0,0,0
SLB STK SMART,20150327,122754,82.97,1,0,0,0,0,0
SLB STK SMART,20150327,122803,82.96,1,0,0,0,0,0
SLB STK SMART,20150327,122818,82.91,2,0,0,0,0,0
SLB STK SMART,20150327,122831,82.92,1,0,0,0,0,0
SLB STK SMART,20150327,122841,82.91,1,0,0,0,0,0
SLB STK SMART,20150327,122847,82.89,2,0,0,0,0,0
SLB STK SMART,20150327,122854,82.9,1,0,0,0,0,0
SLB STK SMART,20150327,122907,82.92,2,0,0,0,0,0
SLB STK SMART,20150327,122918,82.96,1,0,0,0,0,0
SLB STK SMART,20150327,122930,82.98,1,0,0,0,0,0
SLB STK SMART,20150327,122934,83,1,0,0,0,0,0
SLB STK SMART,20150327,122941,82.99,1,0,0,0,0,0
SLB STK SMART,20150327,123000,83,1,0,0,0,0,0
SLB STK SMART,20150327,123020,83.06,1,0,0,0,0,0
SLB STK SMART,20150327,123025,83.05,1,0,0,0,0,0
SLB STK SMART,20150327,123050,83.09,1,0,0,0,0,0
SLB STK SMART,20150327,123107,83.09,1,0,0,0,0,0
SLB STK SMART,20150327,123131,83.13,1,0,0,0,0,0
SLB STK SMART,20150327,123200,83.14,1,0,0,0,0,0
SLB STK SMART,20150327,123204,83.13,1,0,0,0,0,0
SLB STK SMART,20150327,123215,83.18,1,0,0,0,0,0
SLB STK SMART,20150327,123241,83.21,1,0,0,0,0,0
SLB STK SMART,20150327,123244,83.23,1,0,0,0,0,0
SLB STK SMART,20150327,123257,83.24,1,0,0,0,0,0
SLB STK SMART,20150327,123305,83.26,1,0,0,0,0,0
SLB STK SMART,20150327,123318,83.24,1,0,0,0,0,0
SLB STK SMART,20150327,123329,83.26,1,0,0,0,0,0
SLB STK SMART,20150327,123332,83.25,1,0,0,0,0,0
SLB STK SMART,20150327,123408,83.22,1,0,0,0,0,0
SLB STK SMART,20150327,123418,83.2,1,0,0,0,0,0
SLB STK SMART,20150327,123424,83.18,1,0,0,0,0,0
SLB STK SMART,20150327,123435,83.15,1,0,0,0,0,0
SLB STK SMART,20150327,123442,83.14,1,0,0,0,0,0
SLB STK SMART,20150327,123454,83.11,1,0,0,0,0,0
SLB STK SMART,20150327,123529,83.1,1,0,0,0,0,0
SLB STK SMART,20150327,123548,83.12,1,0,0,0,0,0
SLB STK SMART,20150327,123554,83.1,1,0,0,0,0,0
SLB STK SMART,20150327,123618,83.07,1,0,0,0,0,0
SLB STK SMART,20150327,123629,83.09,1,0,0,0,0,0
SLB STK SMART,20150327,123701,83.08,1,0,0,0,0,0
SLB STK SMART,20150327,123705,83.12,1,0,0,0,0,0
SLB STK SMART,20150327,123731,83.11,1,0,0,0,0,0
SLB STK SMART,20150327,123742,83.1,1,0,0,0,0,0
SLB STK SMART,20150327,123756,83.09,1,0,0,0,0,0
SLB STK SMART,20150327,123804,83.08,1,0,0,0,0,0
SLB STK SMART,20150327,123815,83.08,1,0,0,0,0,0
SLB STK SMART,20150327,123839,83.08,1,0,0,0,0,0
SLB STK SMART,20150327,123929,83.12,1,0,0,0,0,0
SLB STK SMART,20150327,124018,83.13,1,0,0,0,0,0
SLB STK SMART,20150327,124045,83.15,1,0,0,0,0,0
SLB STK SMART,20150327,124129,83.14,1,0,0,0,0,0
SLB STK SMART,20150327,124142,83.17,1,0,0,0,0,0
SLB STK SMART,20150327,124354,83.2,1,0,0,0,0,0
SLB STK SMART,20150327,124410,83.19,1,0,0,0,0,0
SLB STK SMART,20150327,124414,83.18,1,0,0,0,0,0
SLB STK SMART,20150327,124429,83.11,1,0,0,0,0,0
SLB STK SMART,20150327,124448,83.1,1,0,0,0,0,0
SLB STK SMART,20150327,124510,83.06,1,0,0,0,0,0
SLB STK SMART,20150327,124526,83.07,1,0,0,0,0,0
SLB STK SMART,20150327,124535,83.05,3,0,0,0,0,0
SLB STK SMART,20150327,124550,83.07,1,0,0,0,0,0
SLB STK SMART,20150327,124632,83.11,1,0,0,0,0,0
SLB STK SMART,20150327,124706,83.1,1,0,0,0,0,0
SLB STK SMART,20150327,124715,83.09,4,0,0,0,0,0
SLB STK SMART,20150327,124735,83.09,1,0,0,0,0,0
SLB STK SMART,20150327,124801,83.07,1,0,0,0,0,0
SLB STK SMART,20150327,124812,83.07,1,0,0,0,0,0
SLB STK SMART,20150327,124822,83.08,1,0,0,0,0,0
SLB STK SMART,20150327,124909,83.03,1,0,0,0,0,0
SLB STK SMART,20150327,124912,83.02,1,0,0,0,0,0
SLB STK SMART,20150327,124928,83.06,1,0,0,0,0,0
SLB STK SMART,20150327,125010,83.02,1,0,0,0,0,0
SLB STK SMART,20150327,125016,83.03,1,0,0,0,0,0
SLB STK SMART,20150327,125032,82.98,1,0,0,0,0,0
SLB STK SMART,20150327,125034,82.99,1,0,0,0,0,0
SLB STK SMART,20150327,125051,83,1,0,0,0,0,0
SLB STK SMART,20150327,125111,83.01,1,0,0,0,0,0
SLB STK SMART,20150327,125120,83.03,1,0,0,0,0,0
SLB STK SMART,20150327,125200,83.05,1,0,0,0,0,0
SLB STK SMART,20150327,125205,83.04,1,0,0,0,0,0
SLB STK SMART,20150327,125221,83.09,1,0,0,0,0,0
SLB STK SMART,20150327,125251,83.1,1,0,0,0,0,0
SLB STK SMART,20150327,125301,83.06,1,0,0,0,0,0
SLB STK SMART,20150327,125305,83.04,1,0,0,0,0,0
SLB STK SMART,20150327,125317,83.05,1,0,0,0,0,0
SLB STK SMART,20150327,125332,83.04,1,0,0,0,0,0
SLB STK SMART,20150327,125356,83.05,1,0,0,0,0,0
SLB STK SMART,20150327,125521,83.09,1,0,0,0,0,0
SLB STK SMART,20150327,125532,83.08,1,0,0,0,0,0
SLB STK SMART,20150327,125536,83.09,1,0,0,0,0,0
SLB STK SMART,20150327,125614,83.08,1,0,0,0,0,0
SLB STK SMART,20150327,125646,83.06,1,0,0,0,0,0
SLB STK SMART,20150327,125703,83.05,1,0,0,0,0,0
SLB STK SMART,20150327,125722,83.07,1,0,0,0,0,0
SLB STK SMART,20150327,125728,83.04,1,0,0,0,0,0
SLB STK SMART,20150327,125757,83.03,1,0,0,0,0,0
SLB STK SMART,20150327,125821,83.01,1,0,0,0,0,0
SLB STK SMART,20150327,125830,83,1,0,0,0,0,0
SLB STK SMART,20150327,125858,82.99,1,0,0,0,0,0
SLB STK SMART,20150327,125907,83,1,0,0,0,0,0
SLB STK SMART,20150327,125919,83.03,1,0,0,0,0,0
SLB STK SMART,20150327,130017,83.04,1,0,0,0,0,0
SLB STK SMART,20150327,130044,83.06,1,0,0,0,0,0
SLB STK SMART,20150327,130137,83,1,0,0,0,0,0
SLB STK SMART,20150327,130152,83.01,1,0,0,0,0,0
SLB STK SMART,20150327,130232,83,1,0,0,0,0,0
SLB STK SMART,20150327,130300,82.97,1,0,0,0,0,0
SLB STK SMART,20150327,130311,82.98,1,0,0,0,0,0
SLB STK SMART,20150327,130318,82.95,1,0,0,0,0,0
SLB STK SMART,20150327,130328,82.94,1,0,0,0,0,0
SLB STK SMART,20150327,130341,82.99,1,0,0,0,0,0
SLB STK SMART,20150327,130354,83,1,0,0,0,0,0
SLB STK SMART,20150327,130411,82.98,1,0,0,0,0,0
SLB STK SMART,20150327,130501,83.06,1,0,0,0,0,0
SLB STK SMART,20150327,130542,83.03,1,0,0,0,0,0
SLB STK SMART,20150327,130618,83.03,1,0,0,0,0,0
SLB STK SMART,20150327,130627,83.05,1,0,0,0,0,0
SLB STK SMART,20150327,130643,83.03,1,0,0,0,0,0
SLB STK SMART,20150327,130703,83.04,1,0,0,0,0,0
SLB STK SMART,20150327,130747,83.03,1,0,0,0,0,0
SLB STK SMART,20150327,130756,83.04,1,0,0,0,0,0
SLB STK SMART,20150327,130823,83.05,1,0,0,0,0,0
SLB STK SMART,20150327,130841,83,1,0,0,0,0,0
SLB STK SMART,20150327,130853,83.01,1,0,0,0,0,0
SLB STK SMART,20150327,130912,83.02,1,0,0,0,0,0
SLB STK SMART,20150327,130933,83.03,1,0,0,0,0,0
SLB STK SMART,20150327,130957,83,1,0,0,0,0,0
SLB STK SMART,20150327,131008,82.99,1,0,0,0,0,0
SLB STK SMART,20150327,131014,82.98,1,0,0,0,0,0
SLB STK SMART,20150327,131111,83.06,1,0,0,0,0,0
SLB STK SMART,20150327,131115,83.05,1,0,0,0,0,0
SLB STK SMART,20150327,131135,83.04,1,0,0,0,0,0
SLB STK SMART,20150327,131315,83.05,1,0,0,0,0,0
SLB STK SMART,20150327,131340,83.04,1,0,0,0,0,0
SLB STK SMART,20150327,131344,83.06,1,0,0,0,0,0
SLB STK SMART,20150327,131408,83.04,1,0,0,0,0,0
SLB STK SMART,20150327,131419,83.04,1,0,0,0,0,0
SLB STK SMART,20150327,131530,83.06,1,0,0,0,0,0
SLB STK SMART,20150327,131550,83.12,1,0,0,0,0,0
SLB STK SMART,20150327,131637,83.11,1,0,0,0,0,0
SLB STK SMART,20150327,131704,83.07,1,0,0,0,0,0
SLB STK SMART,20150327,131738,83.04,1,0,0,0,0,0
SLB STK SMART,20150327,131749,83.09,1,0,0,0,0,0
SLB STK SMART,20150327,131821,83.08,2,0,0,0,0,0
SLB STK SMART,20150327,131857,83.07,1,0,0,0,0,0
SLB STK SMART,20150327,131941,83.09,1,0,0,0,0,0
SLB STK SMART,20150327,132024,83.08,1,0,0,0,0,0
SLB STK SMART,20150327,132043,83.07,1,0,0,0,0,0
SLB STK SMART,20150327,132126,83.06,1,0,0,0,0,0
SLB STK SMART,20150327,132157,83.1,1,0,0,0,0,0
SLB STK SMART,20150327,132254,83.11,1,0,0,0,0,0
SLB STK SMART,20150327,132324,83.12,1,0,0,0,0,0
SLB STK SMART,20150327,132332,83.1,1,0,0,0,0,0
SLB STK SMART,20150327,132336,83.1,3,0,0,0,0,0
SLB STK SMART,20150327,132405,83.1,1,0,0,0,0,0
SLB STK SMART,20150327,132449,83.11,1,0,0,0,0,0
SLB STK SMART,20150327,132504,83.13,1,0,0,0,0,0
SLB STK SMART,20150327,132527,83.14,1,0,0,0,0,0
SLB STK SMART,20150327,132539,83.16,1,0,0,0,0,0
SLB STK SMART,20150327,132554,83.14,1,0,0,0,0,0
SLB STK SMART,20150327,132607,83.12,1,0,0,0,0,0
SLB STK SMART,20150327,132617,83.13,1,0,0,0,0,0
SLB STK SMART,20150327,132646,83.16,1,0,0,0,0,0
SLB STK SMART,20150327,132657,83.14,1,0,0,0,0,0
SLB STK SMART,20150327,132734,83.16,1,0,0,0,0,0
SLB STK SMART,20150327,132744,83.15,1,0,0,0,0,0
SLB STK SMART,20150327,132754,83.13,1,0,0,0,0,0
SLB STK SMART,20150327,132824,83.14,1,0,0,0,0,0
SLB STK SMART,20150327,132826,83.13,1,0,0,0,0,0
SLB STK SMART,20150327,132848,83.12,6,0,0,0,0,0
SLB STK SMART,20150327,132904,83.11,2,0,0,0,0,0
SLB STK SMART,20150327,132943,83.13,1,0,0,0,0,0
SLB STK SMART,20150327,133011,83.1,1,0,0,0,0,0
SLB STK SMART,20150327,133041,83.08,1,0,0,0,0,0
SLB STK SMART,20150327,133052,83.1,1,0,0,0,0,0
SLB STK SMART,20150327,133110,83.11,1,0,0,0,0,0
SLB STK SMART,20150327,133125,83.1,1,0,0,0,0,0
SLB STK SMART,20150327,133136,83.11,1,0,0,0,0,0
SLB STK SMART,20150327,133204,83.13,1,0,0,0,0,0
SLB STK SMART,20150327,133252,83.12,1,0,0,0,0,0
SLB STK SMART,20150327,133256,83.1,1,0,0,0,0,0
SLB STK SMART,20150327,133310,83.07,1,0,0,0,0,0
SLB STK SMART,20150327,133318,83.06,1,0,0,0,0,0
SLB STK SMART,20150327,133349,83.07,1,0,0,0,0,0
SLB STK SMART,20150327,133401,83.06,1,0,0,0,0,0
SLB STK SMART,20150327,133412,83.08,1,0,0,0,0,0
SLB STK SMART,20150327,133431,83.09,1,0,0,0,0,0
SLB STK SMART,20150327,133504,83.08,1,0,0,0,0,0
SLB STK SMART,20150327,133513,83.08,1,0,0,0,0,0
SLB STK SMART,20150327,133517,83.09,1,0,0,0,0,0
SLB STK SMART,20150327,133533,83.1,1,0,0,0,0,0
SLB STK SMART,20150327,133557,83.09,1,0,0,0,0,0
SLB STK SMART,20150327,133621,83.08,1,0,0,0,0,0
SLB STK SMART,20150327,133702,83.12,1,0,0,0,0,0
SLB STK SMART,20150327,133711,83.15,1,0,0,0,0,0
SLB STK SMART,20150327,133741,83.17,1,0,0,0,0,0
SLB STK SMART,20150327,133747,83.15,1,0,0,0,0,0
SLB STK SMART,20150327,133758,83.14,1,0,0,0,0,0
SLB STK SMART,20150327,133824,83.21,1,0,0,0,0,0
SLB STK SMART,20150327,133830,83.19,1,0,0,0,0,0
SLB STK SMART,20150327,133855,83.17,1,0,0,0,0,0
SLB STK SMART,20150327,133905,83.16,1,0,0,0,0,0
SLB STK SMART,20150327,133906,83.16,1,0,0,0,0,0
SLB STK SMART,20150327,133915,83.15,1,0,0,0,0,0
SLB STK SMART,20150327,133953,83.16,1,0,0,0,0,0
SLB STK SMART,20150327,134035,83.18,1,0,0,0,0,0
SLB STK SMART,20150327,134101,83.24,1,0,0,0,0,0
SLB STK SMART,20150327,134119,83.25,1,0,0,0,0,0
SLB STK SMART,20150327,134144,83.28,1,0,0,0,0,0
SLB STK SMART,20150327,134149,83.29,1,0,0,0,0,0
SLB STK SMART,20150327,134212,83.3,1,0,0,0,0,0
SLB STK SMART,20150327,134235,83.33,1,0,0,0,0,0
SLB STK SMART,20150327,134243,83.32,1,0,0,0,0,0
SLB STK SMART,20150327,134252,83.35,1,0,0,0,0,0
SLB STK SMART,20150327,134257,83.37,1,0,0,0,0,0
SLB STK SMART,20150327,134315,83.36,2,0,0,0,0,0
SLB STK SMART,20150327,134321,83.33,1,0,0,0,0,0
SLB STK SMART,20150327,134332,83.31,1,0,0,0,0,0
SLB STK SMART,20150327,134345,83.33,1,0,0,0,0,0
SLB STK SMART,20150327,134354,83.34,1,0,0,0,0,0
SLB STK SMART,20150327,134411,83.32,1,0,0,0,0,0
SLB STK SMART,20150327,134426,83.3,1,0,0,0,0,0
SLB STK SMART,20150327,134447,83.29,1,0,0,0,0,0
SLB STK SMART,20150327,134518,83.26,1,0,0,0,0,0
SLB STK SMART,20150327,134546,83.22,1,0,0,0,0,0
SLB STK SMART,20150327,134601,83.2,1,0,0,0,0,0
SLB STK SMART,20150327,134612,83.2,1,0,0,0,0,0
SLB STK SMART,20150327,134628,83.18,1,0,0,0,0,0
SLB STK SMART,20150327,134712,83.17,1,0,0,0,0,0
SLB STK SMART,20150327,134724,83.14,1,0,0,0,0,0
SLB STK SMART,20150327,134726,83.13,1,0,0,0,0,0
SLB STK SMART,20150327,134745,83.11,1,0,0,0,0,0
SLB STK SMART,20150327,134751,83.1,1,0,0,0,0,0
SLB STK SMART,20150327,134810,83.12,1,0,0,0,0,0
SLB STK SMART,20150327,134846,83.14,1,0,0,0,0,0
SLB STK SMART,20150327,134910,83.2,1,0,0,0,0,0
SLB STK SMART,20150327,134922,83.23,1,0,0,0,0,0
SLB STK SMART,20150327,134933,83.25,1,0,0,0,0,0
SLB STK SMART,20150327,134940,83.24,1,0,0,0,0,0
SLB STK SMART,20150327,134955,83.26,1,0,0,0,0,0
SLB STK SMART,20150327,135001,83.29,1,0,0,0,0,0
SLB STK SMART,20150327,135013,83.3,1,0,0,0,0,0
SLB STK SMART,20150327,135019,83.29,1,0,0,0,0,0
SLB STK SMART,20150327,135026,83.28,1,0,0,0,0,0
SLB STK SMART,20150327,135118,83.31,1,0,0,0,0,0
SLB STK SMART,20150327,135216,83.27,1,0,0,0,0,0
SLB STK SMART,20150327,135242,83.3,1,0,0,0,0,0
SLB STK SMART,20150327,135303,83.34,1,0,0,0,0,0
SLB STK SMART,20150327,135315,83.32,1,0,0,0,0,0
SLB STK SMART,20150327,135318,83.31,1,0,0,0,0,0
SLB STK SMART,20150327,135331,83.3,1,0,0,0,0,0
SLB STK SMART,20150327,135345,83.26,1,0,0,0,0,0
SLB STK SMART,20150327,135346,83.25,1,0,0,0,0,0
SLB STK SMART,20150327,135402,83.26,1,0,0,0,0,0
SLB STK SMART,20150327,135415,83.25,1,0,0,0,0,0
SLB STK SMART,20150327,135422,83.27,1,0,0,0,0,0
SLB STK SMART,20150327,135431,83.26,1,0,0,0,0,0
SLB STK SMART,20150327,135448,83.25,1,0,0,0,0,0
SLB STK SMART,20150327,135500,83.24,1,0,0,0,0,0
SLB STK SMART,20150327,135516,83.25,1,0,0,0,0,0
SLB STK SMART,20150327,135530,83.24,1,0,0,0,0,0
SLB STK SMART,20150327,135545,83.28,1,0,0,0,0,0
SLB STK SMART,20150327,135555,83.3,1,0,0,0,0,0
SLB STK SMART,20150327,135604,83.27,2,0,0,0,0,0
SLB STK SMART,20150327,135613,83.24,1,0,0,0,0,0
SLB STK SMART,20150327,135617,83.24,1,0,0,0,0,0
SLB STK SMART,20150327,135644,83.2,1,0,0,0,0,0
SLB STK SMART,20150327,135652,83.18,1,0,0,0,0,0
SLB STK SMART,20150327,135701,83.17,1,0,0,0,0,0
SLB STK SMART,20150327,135715,83.19,1,0,0,0,0,0
SLB STK SMART,20150327,135718,83.19,1,0,0,0,0,0
SLB STK SMART,20150327,135730,83.24,1,0,0,0,0,0
SLB STK SMART,20150327,135819,83.27,1,0,0,0,0,0
SLB STK SMART,20150327,135905,83.25,1,0,0,0,0,0
SLB STK SMART,20150327,135931,83.25,1,0,0,0,0,0
SLB STK SMART,20150327,135943,83.26,1,0,0,0,0,0
SLB STK SMART,20150327,135959,83.27,2,0,0,0,0,0
SLB STK SMART,20150327,140014,83.28,1,0,0,0,0,0
SLB STK SMART,20150327,140023,83.26,2,0,0,0,0,0
SLB STK SMART,20150327,140029,83.26,1,0,0,0,0,0
SLB STK SMART,20150327,140100,83.3,1,0,0,0,0,0
SLB STK SMART,20150327,140113,83.35,1,0,0,0,0,0
SLB STK SMART,20150327,140126,83.34,1,0,0,0,0,0
SLB STK SMART,20150327,140141,83.34,1,0,0,0,0,0
SLB STK SMART,20150327,140151,83.36,3,0,0,0,0,0
SLB STK SMART,20150327,140156,83.34,1,0,0,0,0,0
SLB STK SMART,20150327,140224,83.33,1,0,0,0,0,0
SLB STK SMART,20150327,140235,83.37,1,0,0,0,0,0
SLB STK SMART,20150327,140300,83.35,1,0,0,0,0,0
SLB STK SMART,20150327,140314,83.37,1,0,0,0,0,0
SLB STK SMART,20150327,140326,83.4,1,0,0,0,0,0
SLB STK SMART,20150327,140327,83.39,1,0,0,0,0,0
SLB STK SMART,20150327,140340,83.4,1,0,0,0,0,0
SLB STK SMART,20150327,140413,83.43,2,0,0,0,0,0
SLB STK SMART,20150327,140423,83.45,3,0,0,0,0,0
SLB STK SMART,20150327,140430,83.45,1,0,0,0,0,0
SLB STK SMART,20150327,140503,83.44,1,0,0,0,0,0
SLB STK SMART,20150327,140523,83.42,1,0,0,0,0,0
SLB STK SMART,20150327,140531,83.43,1,0,0,0,0,0
SLB STK SMART,20150327,140540,83.41,1,0,0,0,0,0
SLB STK SMART,20150327,140618,83.4,1,0,0,0,0,0
SLB STK SMART,20150327,140633,83.39,1,0,0,0,0,0
SLB STK SMART,20150327,140722,83.4,1,0,0,0,0,0
SLB STK SMART,20150327,140736,83.38,1,0,0,0,0,0
SLB STK SMART,20150327,140744,83.39,3,0,0,0,0,0
SLB STK SMART,20150327,140800,83.38,1,0,0,0,0,0
SLB STK SMART,20150327,140807,83.37,1,0,0,0,0,0
SLB STK SMART,20150327,140834,83.38,1,0,0,0,0,0
SLB STK SMART,20150327,140906,83.37,2,0,0,0,0,0
SLB STK SMART,20150327,140907,83.37,1,0,0,0,0,0
SLB STK SMART,20150327,140941,83.35,1,0,0,0,0,0
SLB STK SMART,20150327,140948,83.36,1,0,0,0,0,0
SLB STK SMART,20150327,141000,83.37,1,0,0,0,0,0
SLB STK SMART,20150327,141016,83.37,1,0,0,0,0,0
SLB STK SMART,20150327,141046,83.35,1,0,0,0,0,0
SLB STK SMART,20150327,141048,83.34,2,0,0,0,0,0
SLB STK SMART,20150327,141105,83.32,1,0,0,0,0,0
SLB STK SMART,20150327,141118,83.33,1,0,0,0,0,0
SLB STK SMART,20150327,141131,83.36,1,0,0,0,0,0
SLB STK SMART,20150327,141143,83.35,1,0,0,0,0,0
SLB STK SMART,20150327,141202,83.34,1,0,0,0,0,0
SLB STK SMART,20150327,141240,83.34,1,0,0,0,0,0
SLB STK SMART,20150327,141314,83.36,2,0,0,0,0,0
SLB STK SMART,20150327,141318,83.35,1,0,0,0,0,0
SLB STK SMART,20150327,141354,83.39,1,0,0,0,0,0
SLB STK SMART,20150327,141402,83.41,1,0,0,0,0,0
SLB STK SMART,20150327,141410,83.39,3,0,0,0,0,0
SLB STK SMART,20150327,141426,83.35,1,0,0,0,0,0
SLB STK SMART,20150327,141436,83.32,1,0,0,0,0,0
SLB STK SMART,20150327,141446,83.31,1,0,0,0,0,0
SLB STK SMART,20150327,141456,83.29,7,0,0,0,0,0
SLB STK SMART,20150327,141459,83.29,1,0,0,0,0,0
SLB STK SMART,20150327,141513,83.26,1,0,0,0,0,0
SLB STK SMART,20150327,141517,83.23,1,0,0,0,0,0
SLB STK SMART,20150327,141535,83.24,1,0,0,0,0,0
SLB STK SMART,20150327,141604,83.24,1,0,0,0,0,0
SLB STK SMART,20150327,141616,83.27,1,0,0,0,0,0
SLB STK SMART,20150327,141631,83.3,1,0,0,0,0,0
SLB STK SMART,20150327,141653,83.32,1,0,0,0,0,0
SLB STK SMART,20150327,141721,83.27,1,0,0,0,0,0
SLB STK SMART,20150327,141741,83.26,1,0,0,0,0,0
SLB STK SMART,20150327,141751,83.28,1,0,0,0,0,0
SLB STK SMART,20150327,141806,83.23,1,0,0,0,0,0
SLB STK SMART,20150327,141812,83.2,1,0,0,0,0,0
SLB STK SMART,20150327,141828,83.23,1,0,0,0,0,0
SLB STK SMART,20150327,141920,83.21,1,0,0,0,0,0
SLB STK SMART,20150327,141956,83.19,1,0,0,0,0,0
SLB STK SMART,20150327,142006,83.15,1,0,0,0,0,0
SLB STK SMART,20150327,142017,83.14,1,0,0,0,0,0
SLB STK SMART,20150327,142049,83.12,1,0,0,0,0,0
SLB STK SMART,20150327,142101,83.16,1,0,0,0,0,0
SLB STK SMART,20150327,142109,83.15,2,0,0,0,0,0
SLB STK SMART,20150327,142122,83.2,1,0,0,0,0,0
SLB STK SMART,20150327,142133,83.21,1,0,0,0,0,0
SLB STK SMART,20150327,142144,83.23,1,0,0,0,0,0
SLB STK SMART,20150327,142150,83.22,1,0,0,0,0,0
SLB STK SMART,20150327,142205,83.24,2,0,0,0,0,0
SLB STK SMART,20150327,142208,83.27,1,0,0,0,0,0
SLB STK SMART,20150327,142240,83.29,1,0,0,0,0,0
SLB STK SMART,20150327,142255,83.28,1,0,0,0,0,0
SLB STK SMART,20150327,142353,83.31,1,0,0,0,0,0
SLB STK SMART,20150327,142430,83.28,1,0,0,0,0,0
SLB STK SMART,20150327,142455,83.23,1,0,0,0,0,0
SLB STK SMART,20150327,142458,83.21,1,0,0,0,0,0
SLB STK SMART,20150327,142509,83.22,1,0,0,0,0,0
SLB STK SMART,20150327,142526,83.22,1,0,0,0,0,0
SLB STK SMART,20150327,142545,83.2,1,0,0,0,0,0
SLB STK SMART,20150327,142602,83.18,1,0,0,0,0,0
SLB STK SMART,20150327,142646,83.16,1,0,0,0,0,0
SLB STK SMART,20150327,142740,83.1,1,0,0,0,0,0
SLB STK SMART,20150327,142757,83.13,1,0,0,0,0,0
SLB STK SMART,20150327,142801,83.11,1,0,0,0,0,0
SLB STK SMART,20150327,142814,83.09,1,0,0,0,0,0
SLB STK SMART,20150327,142823,83.07,2,0,0,0,0,0
SLB STK SMART,20150327,142830,83.07,1,0,0,0,0,0
SLB STK SMART,20150327,142846,83.06,1,0,0,0,0,0
SLB STK SMART,20150327,142858,83.07,1,0,0,0,0,0
SLB STK SMART,20150327,142927,83.04,1,0,0,0,0,0
SLB STK SMART,20150327,142932,83.03,1,0,0,0,0,0
SLB STK SMART,20150327,143014,83.09,1,0,0,0,0,0
SLB STK SMART,20150327,143019,83.11,1,0,0,0,0,0
SLB STK SMART,20150327,143035,83.12,1,0,0,0,0,0
SLB STK SMART,20150327,143045,83.08,1,0,0,0,0,0
SLB STK SMART,20150327,143057,83.05,1,0,0,0,0,0
SLB STK SMART,20150327,143107,83.06,2,0,0,0,0,0
SLB STK SMART,20150327,143122,83.05,1,0,0,0,0,0
SLB STK SMART,20150327,143128,83.06,1,0,0,0,0,0
SLB STK SMART,20150327,143226,83.09,1,0,0,0,0,0
SLB STK SMART,20150327,143230,83.12,1,0,0,0,0,0
SLB STK SMART,20150327,143310,83.07,1,0,0,0,0,0
SLB STK SMART,20150327,143327,83.06,1,0,0,0,0,0
SLB STK SMART,20150327,143336,83.05,1,0,0,0,0,0
SLB STK SMART,20150327,143351,83.07,1,0,0,0,0,0
SLB STK SMART,20150327,143458,83.03,1,0,0,0,0,0
SLB STK SMART,20150327,143529,83.02,1,0,0,0,0,0
SLB STK SMART,20150327,143549,83.03,1,0,0,0,0,0
SLB STK SMART,20150327,143606,83.02,1,0,0,0,0,0
SLB STK SMART,20150327,143608,83.01,1,0,0,0,0,0
SLB STK SMART,20150327,143618,83.02,1,0,0,0,0,0
SLB STK SMART,20150327,143647,83.05,1,0,0,0,0,0
SLB STK SMART,20150327,143703,83.03,1,0,0,0,0,0
SLB STK SMART,20150327,143709,83.02,1,0,0,0,0,0
SLB STK SMART,20150327,143726,83,1,0,0,0,0,0
SLB STK SMART,20150327,143741,82.98,1,0,0,0,0,0
SLB STK SMART,20150327,143757,82.96,1,0,0,0,0,0
SLB STK SMART,20150327,143804,82.95,1,0,0,0,0,0
SLB STK SMART,20150327,143812,82.94,1,0,0,0,0,0
SLB STK SMART,20150327,143905,83.01,1,0,0,0,0,0
SLB STK SMART,20150327,143918,83,1,0,0,0,0,0
SLB STK SMART,20150327,143954,83.02,1,0,0,0,0,0
SLB STK SMART,20150327,143958,83.01,1,0,0,0,0,0
SLB STK SMART,20150327,144036,83.02,1,0,0,0,0,0
SLB STK SMART,20150327,144041,83.03,1,0,0,0,0,0
SLB STK SMART,20150327,144119,83.04,1,0,0,0,0,0
SLB STK SMART,20150327,144219,83.07,1,0,0,0,0,0
SLB STK SMART,20150327,144247,83.09,1,0,0,0,0,0
SLB STK SMART,20150327,144253,83.07,1,0,0,0,0,0
SLB STK SMART,20150327,144259,83.09,1,0,0,0,0,0
SLB STK SMART,20150327,144315,83.07,1,0,0,0,0,0
SLB STK SMART,20150327,144319,83.08,1,0,0,0,0,0
SLB STK SMART,20150327,144333,83.1,1,0,0,0,0,0
SLB STK SMART,20150327,144349,83.06,1,0,0,0,0,0
SLB STK SMART,20150327,144516,83.03,1,0,0,0,0,0
SLB STK SMART,20150327,144536,83.06,1,0,0,0,0,0
SLB STK SMART,20150327,144601,83.02,1,0,0,0,0,0
SLB STK SMART,20150327,144618,83.01,1,0,0,0,0,0
SLB STK SMART,20150327,144702,83.05,1,0,0,0,0,0
SLB STK SMART,20150327,144710,83.04,1,0,0,0,0,0
SLB STK SMART,20150327,144753,83.03,1,0,0,0,0,0
SLB STK SMART,20150327,144808,83,1,0,0,0,0,0
SLB STK SMART,20150327,144815,82.99,1,0,0,0,0,0
SLB STK SMART,20150327,144822,82.98,1,0,0,0,0,0
SLB STK SMART,20150327,144830,82.99,1,0,0,0,0,0
SLB STK SMART,20150327,144900,82.98,1,0,0,0,0,0
SLB STK SMART,20150327,144927,82.96,2,0,0,0,0,0
SLB STK SMART,20150327,144937,82.97,1,0,0,0,0,0
SLB STK SMART,20150327,145002,83,2,0,0,0,0,0
SLB STK SMART,20150327,145026,83,1,0,0,0,0,0
SLB STK SMART,20150327,145106,83,1,0,0,0,0,0
SLB STK SMART,20150327,145109,83.01,1,0,0,0,0,0
SLB STK SMART,20150327,145157,83.04,1,0,0,0,0,0
SLB STK SMART,20150327,145208,83.02,1,0,0,0,0,0
SLB STK SMART,20150327,145218,83.05,1,0,0,0,0,0
SLB STK SMART,20150327,145224,83.03,1,0,0,0,0,0
SLB STK SMART,20150327,145241,83.05,1,0,0,0,0,0
SLB STK SMART,20150327,145313,83.02,1,0,0,0,0,0
SLB STK SMART,20150327,145325,83.03,1,0,0,0,0,0
SLB STK SMART,20150327,145340,83.05,1,0,0,0,0,0
SLB STK SMART,20150327,145401,83.08,1,0,0,0,0,0
SLB STK SMART,20150327,145413,83.11,1,0,0,0,0,0
SLB STK SMART,20150327,145427,83.1,1,0,0,0,0,0
SLB STK SMART,20150327,145433,83.09,1,0,0,0,0,0
SLB STK SMART,20150327,145507,83.1,1,0,0,0,0,0
SLB STK SMART,20150327,145611,83.08,1,0,0,0,0,0
SLB STK SMART,20150327,145651,83.04,1,0,0,0,0,0
SLB STK SMART,20150327,145715,83.05,1,0,0,0,0,0
SLB STK SMART,20150327,145741,83.04,1,0,0,0,0,0
SLB STK SMART,20150327,145811,83.06,1,0,0,0,0,0
SLB STK SMART,20150327,145917,83.07,1,0,0,0,0,0
SLB STK SMART,20150327,145947,83.1,1,0,0,0,0,0
SLB STK SMART,20150327,145959,83.12,1,0,0,0,0,0
SLB STK SMART,20150327,150022,83.09,1,0,0,0,0,0
SLB STK SMART,20150327,150055,83.07,1,0,0,0,0,0
SLB STK SMART,20150327,150103,83.05,1,0,0,0,0,0
SLB STK SMART,20150327,150112,83.04,1,0,0,0,0,0
SLB STK SMART,20150327,150133,83.09,1,0,0,0,0,0
SLB STK SMART,20150327,150202,83.08,1,0,0,0,0,0
SLB STK SMART,20150327,150223,83.07,1,0,0,0,0,0
SLB STK SMART,20150327,150236,83.09,1,0,0,0,0,0
SLB STK SMART,20150327,150257,83.12,1,0,0,0,0,0
SLB STK SMART,20150327,150306,83.13,1,0,0,0,0,0
SLB STK SMART,20150327,150325,83.14,1,0,0,0,0,0
SLB STK SMART,20150327,150348,83.2,1,0,0,0,0,0
SLB STK SMART,20150327,150353,83.18,1,0,0,0,0,0
SLB STK SMART,20150327,150406,83.14,1,0,0,0,0,0
SLB STK SMART,20150327,150414,83.1,1,0,0,0,0,0
SLB STK SMART,20150327,150427,83.11,1,0,0,0,0,0
SLB STK SMART,20150327,150454,83.13,1,0,0,0,0,0
SLB STK SMART,20150327,150509,83.15,1,0,0,0,0,0
SLB STK SMART,20150327,150512,83.16,1,0,0,0,0,0
SLB STK SMART,20150327,150547,83.16,2,0,0,0,0,0
SLB STK SMART,20150327,150606,83.16,1,0,0,0,0,0
SLB STK SMART,20150327,150613,83.18,1,0,0,0,0,0
SLB STK SMART,20150327,150626,83.16,1,0,0,0,0,0
SLB STK SMART,20150327,150638,83.15,1,0,0,0,0,0
SLB STK SMART,20150327,150644,83.14,1,0,0,0,0,0
SLB STK SMART,20150327,150654,83.13,1,0,0,0,0,0
SLB STK SMART,20150327,150729,83.09,1,0,0,0,0,0
SLB STK SMART,20150327,150739,83.09,1,0,0,0,0,0
SLB STK SMART,20150327,150745,83.1,1,0,0,0,0,0
SLB STK SMART,20150327,150751,83.13,1,0,0,0,0,0
SLB STK SMART,20150327,150819,83.08,2,0,0,0,0,0
SLB STK SMART,20150327,150823,83.09,1,0,0,0,0,0
SLB STK SMART,20150327,150859,83.07,1,0,0,0,0,0
SLB STK SMART,20150327,150909,83.09,1,0,0,0,0,0
SLB STK SMART,20150327,150927,83.11,1,0,0,0,0,0
SLB STK SMART,20150327,150933,83.14,1,0,0,0,0,0
SLB STK SMART,20150327,151012,83.13,1,0,0,0,0,0
SLB STK SMART,20150327,151039,83.12,1,0,0,0,0,0
SLB STK SMART,20150327,151051,83.13,1,0,0,0,0,0
SLB STK SMART,20150327,151108,83.14,1,0,0,0,0,0
SLB STK SMART,20150327,151113,83.15,1,0,0,0,0,0
SLB STK SMART,20150327,151120,83.16,1,0,0,0,0,0
SLB STK SMART,20150327,151138,83.17,1,0,0,0,0,0
SLB STK SMART,20150327,151149,83.15,1,0,0,0,0,0
SLB STK SMART,20150327,151154,83.14,1,0,0,0,0,0
SLB STK SMART,20150327,151227,83.15,1,0,0,0,0,0
SLB STK SMART,20150327,151238,83.15,1,0,0,0,0,0
SLB STK SMART,20150327,151248,83.18,4,0,0,0,0,0
SLB STK SMART,20150327,151255,83.16,1,0,0,0,0,0
SLB STK SMART,20150327,151318,83.15,1,0,0,0,0,0
SLB STK SMART,20150327,151324,83.15,1,0,0,0,0,0
SLB STK SMART,20150327,151355,83.16,1,0,0,0,0,0
SLB STK SMART,20150327,151400,83.15,1,0,0,0,0,0
SLB STK SMART,20150327,151422,83.14,1,0,0,0,0,0
SLB STK SMART,20150327,151430,83.12,1,0,0,0,0,0
SLB STK SMART,20150327,151447,83.09,1,0,0,0,0,0
SLB STK SMART,20150327,151456,83.1,1,0,0,0,0,0
SLB STK SMART,20150327,151549,83.12,1,0,0,0,0,0
SLB STK SMART,20150327,151558,83.09,1,0,0,0,0,0
SLB STK SMART,20150327,151606,83.09,1,0,0,0,0,0
SLB STK SMART,20150327,151617,83.1,1,0,0,0,0,0
SLB STK SMART,20150327,151632,83.11,1,0,0,0,0,0
SLB STK SMART,20150327,151648,83.12,1,0,0,0,0,0
SLB STK SMART,20150327,151652,83.11,1,0,0,0,0,0
SLB STK SMART,20150327,151701,83.11,1,0,0,0,0,0
SLB STK SMART,20150327,151715,83.12,1,0,0,0,0,0
SLB STK SMART,20150327,151728,83.11,1,0,0,0,0,0
SLB STK SMART,20150327,151742,83.13,1,0,0,0,0,0
SLB STK SMART,20150327,151810,83.14,1,0,0,0,0,0
SLB STK SMART,20150327,151813,83.13,1,0,0,0,0,0
SLB STK SMART,20150327,151838,83.13,1,0,0,0,0,0
SLB STK SMART,20150327,151925,83.15,1,0,0,0,0,0
SLB STK SMART,20150327,151950,83.11,1,0,0,0,0,0
SLB STK SMART,20150327,152000,83.1,1,0,0,0,0,0
SLB STK SMART,20150327,152001,83.11,1,0,0,0,0,0
SLB STK SMART,20150327,152025,83.13,1,0,0,0,0,0
SLB STK SMART,20150327,152055,83.12,1,0,0,0,0,0
SLB STK SMART,20150327,152135,83.12,1,0,0,0,0,0
SLB STK SMART,20150327,152141,83.13,1,0,0,0,0,0
SLB STK SMART,20150327,152200,83.1,1,0,0,0,0,0
SLB STK SMART,20150327,152205,83.11,1,0,0,0,0,0
SLB STK SMART,20150327,152219,83.1,1,0,0,0,0,0
SLB STK SMART,20150327,152239,83.12,1,0,0,0,0,0
SLB STK SMART,20150327,152248,83.1,1,0,0,0,0,0
SLB STK SMART,20150327,152300,83.1,1,0,0,0,0,0
SLB STK SMART,20150327,152303,83.09,1,0,0,0,0,0
SLB STK SMART,20150327,152312,83.08,1,0,0,0,0,0
SLB STK SMART,20150327,152325,83.07,1,0,0,0,0,0
SLB STK SMART,20150327,152403,83.08,1,0,0,0,0,0
SLB STK SMART,20150327,152418,83.05,1,0,0,0,0,0
SLB STK SMART,20150327,152422,83.06,1,0,0,0,0,0
SLB STK SMART,20150327,152440,83.07,1,0,0,0,0,0
SLB STK SMART,20150327,152458,83.05,1,0,0,0,0,0
SLB STK SMART,20150327,152515,83.04,1,0,0,0,0,0
SLB STK SMART,20150327,152526,83.04,1,0,0,0,0,0
SLB STK SMART,20150327,152549,83.04,1,0,0,0,0,0
SLB STK SMART,20150327,152557,83.03,1,0,0,0,0,0
SLB STK SMART,20150327,152614,83.05,1,0,0,0,0,0
SLB STK SMART,20150327,152630,83.06,2,0,0,0,0,0
SLB STK SMART,20150327,152632,83.04,2,0,0,0,0,0
SLB STK SMART,20150327,152700,83.04,1,0,0,0,0,0
SLB STK SMART,20150327,152706,83.05,1,0,0,0,0,0
SLB STK SMART,20150327,152710,83.06,1,0,0,0,0,0
SLB STK SMART,20150327,152728,83.05,1,0,0,0,0,0
SLB STK SMART,20150327,152739,83.06,1,0,0,0,0,0
SLB STK SMART,20150327,152745,83.08,1,0,0,0,0,0
SLB STK SMART,20150327,152753,83.09,1,0,0,0,0,0
SLB STK SMART,20150327,152827,83.07,1,0,0,0,0,0
SLB STK SMART,20150327,152843,83.04,1,0,0,0,0,0
SLB STK SMART,20150327,152851,83.03,1,0,0,0,0,0
SLB STK SMART,20150327,152911,83.04,1,0,0,0,0,0
SLB STK SMART,20150327,152938,83.05,1,0,0,0,0,0
SLB STK SMART,20150327,152943,83.04,1,0,0,0,0,0
SLB STK SMART,20150327,152958,83.04,4,0,0,0,0,0
SLB STK SMART,20150327,153001,83.05,1,0,0,0,0,0
SLB STK SMART,20150327,153020,83.06,1,0,0,0,0,0
SLB STK SMART,20150327,153023,83.07,1,0,0,0,0,0
SLB STK SMART,20150327,153048,83.09,1,0,0,0,0,0
SLB STK SMART,20150327,153053,83.08,1,0,0,0,0,0
SLB STK SMART,20150327,153109,83.06,1,0,0,0,0,0
SLB STK SMART,20150327,153130,83.07,1,0,0,0,0,0
SLB STK SMART,20150327,153140,83.06,1,0,0,0,0,0
SLB STK SMART,20150327,153147,83.04,1,0,0,0,0,0
SLB STK SMART,20150327,153158,83.03,1,0,0,0,0,0
SLB STK SMART,20150327,153206,83.02,1,0,0,0,0,0
SLB STK SMART,20150327,153213,83.03,1,0,0,0,0,0
SLB STK SMART,20150327,153229,83.02,1,0,0,0,0,0
SLB STK SMART,20150327,153238,83.04,1,0,0,0,0,0
SLB STK SMART,20150327,153246,82.99,1,0,0,0,0,0
SLB STK SMART,20150327,153300,83,1,0,0,0,0,0
SLB STK SMART,20150327,153306,83.03,1,0,0,0,0,0
SLB STK SMART,20150327,153328,83.04,1,0,0,0,0,0
SLB STK SMART,20150327,153347,83.03,1,0,0,0,0,0
SLB STK SMART,20150327,153359,83.04,1,0,0,0,0,0
SLB STK SMART,20150327,153410,83.04,1,0,0,0,0,0
SLB STK SMART,20150327,153430,83.04,1,0,0,0,0,0
SLB STK SMART,20150327,153436,83.07,1,0,0,0,0,0
SLB STK SMART,20150327,153507,83.05,1,0,0,0,0,0
SLB STK SMART,20150327,153520,83.05,1,0,0,0,0,0
SLB STK SMART,20150327,153523,83.04,1,0,0,0,0,0
SLB STK SMART,20150327,153531,83.02,1,0,0,0,0,0
SLB STK SMART,20150327,153548,83.01,1,0,0,0,0,0
SLB STK SMART,20150327,153603,82.97,1,0,0,0,0,0
SLB STK SMART,20150327,153623,82.97,1,0,0,0,0,0
SLB STK SMART,20150327,153635,82.98,1,0,0,0,0,0
SLB STK SMART,20150327,153650,82.97,1,0,0,0,0,0
SLB STK SMART,20150327,153659,82.94,1,0,0,0,0,0
SLB STK SMART,20150327,153712,82.94,4,0,0,0,0,0
SLB STK SMART,20150327,153725,82.94,1,0,0,0,0,0
SLB STK SMART,20150327,153740,82.99,1,0,0,0,0,0
SLB STK SMART,20150327,153745,82.99,1,0,0,0,0,0
SLB STK SMART,20150327,153755,83,1,0,0,0,0,0
SLB STK SMART,20150327,153807,83.03,1,0,0,0,0,0
SLB STK SMART,20150327,153813,83.08,1,0,0,0,0,0
SLB STK SMART,20150327,153847,83.03,3,0,0,0,0,0
SLB STK SMART,20150327,153858,83.03,1,0,0,0,0,0
SLB STK SMART,20150327,153920,83.08,1,0,0,0,0,0
SLB STK SMART,20150327,153929,83.06,1,0,0,0,0,0
SLB STK SMART,20150327,153936,83.07,1,0,0,0,0,0
SLB STK SMART,20150327,153943,83.06,1,0,0,0,0,0
SLB STK SMART,20150327,153957,83.04,1,0,0,0,0,0
SLB STK SMART,20150327,154009,83.03,1,0,0,0,0,0
SLB STK SMART,20150327,154047,83.03,2,0,0,0,0,0
SLB STK SMART,20150327,154100,83.03,1,0,0,0,0,0
SLB STK SMART,20150327,154103,83.04,1,0,0,0,0,0
SLB STK SMART,20150327,154120,83.06,1,0,0,0,0,0
SLB STK SMART,20150327,154136,83.08,1,0,0,0,0,0
SLB STK SMART,20150327,154201,83.09,1,0,0,0,0,0
SLB STK SMART,20150327,154203,83.08,1,0,0,0,0,0
SLB STK SMART,20150327,154220,83.11,1,0,0,0,0,0
SLB STK SMART,20150327,154239,83.12,1,0,0,0,0,0
SLB STK SMART,20150327,154300,83.1,1,0,0,0,0,0
SLB STK SMART,20150327,154308,83.09,1,0,0,0,0,0
SLB STK SMART,20150327,154318,83.08,1,0,0,0,0,0
SLB STK SMART,20150327,154340,83.08,1,0,0,0,0,0
SLB STK SMART,20150327,154356,83.09,1,0,0,0,0,0
SLB STK SMART,20150327,154408,83.12,1,0,0,0,0,0
SLB STK SMART,20150327,154420,83.08,1,0,0,0,0,0
SLB STK SMART,20150327,154450,83.06,1,0,0,0,0,0
SLB STK SMART,20150327,154501,83.01,1,0,0,0,0,0
SLB STK SMART,20150327,154511,83.03,1,0,0,0,0,0
SLB STK SMART,20150327,154512,83.05,1,0,0,0,0,0
SLB STK SMART,20150327,154531,83.01,1,0,0,0,0,0
SLB STK SMART,20150327,154551,83.05,1,0,0,0,0,0
SLB STK SMART,20150327,154559,83.06,1,0,0,0,0,0
SLB STK SMART,20150327,154607,83.06,1,0,0,0,0,0
SLB STK SMART,20150327,154613,83.06,1,0,0,0,0,0
SLB STK SMART,20150327,154626,83.1,1,0,0,0,0,0
SLB STK SMART,20150327,154641,83.11,1,0,0,0,0,0
SLB STK SMART,20150327,154645,83.1,1,0,0,0,0,0
SLB STK SMART,20150327,154701,83.09,1,0,0,0,0,0
SLB STK SMART,20150327,154718,83.11,1,0,0,0,0,0
SLB STK SMART,20150327,154751,83.13,1,0,0,0,0,0
SLB STK SMART,20150327,154802,83.14,1,0,0,0,0,0
SLB STK SMART,20150327,154818,83.13,1,0,0,0,0,0
SLB STK SMART,20150327,154830,83.13,4,0,0,0,0,0
SLB STK SMART,20150327,154839,83.14,1,0,0,0,0,0
SLB STK SMART,20150327,154848,83.13,1,0,0,0,0,0
SLB STK SMART,20150327,154901,83.14,1,0,0,0,0,0
SLB STK SMART,20150327,154912,83.11,1,0,0,0,0,0
SLB STK SMART,20150327,154928,83.11,1,0,0,0,0,0
SLB STK SMART,20150327,154935,83.12,1,0,0,0,0,0
SLB STK SMART,20150327,154947,83.14,1,0,0,0,0,0
SLB STK SMART,20150327,155000,83.15,1,0,0,0,0,0
SLB STK SMART,20150327,155003,83.16,1,0,0,0,0,0
SLB STK SMART,20150327,155021,83.18,1,0,0,0,0,0
SLB STK SMART,20150327,155040,83.2,1,0,0,0,0,0
SLB STK SMART,20150327,155044,83.21,1,0,0,0,0,0
SLB STK SMART,20150327,155056,83.2,1,0,0,0,0,0
SLB STK SMART,20150327,155111,83.19,1,0,0,0,0,0
SLB STK SMART,20150327,155130,83.19,1,0,0,0,0,0
SLB STK SMART,20150327,155135,83.21,1,0,0,0,0,0
SLB STK SMART,20150327,155150,83.21,1,0,0,0,0,0
SLB STK SMART,20150327,155219,83.22,1,0,0,0,0,0
SLB STK SMART,20150327,155229,83.22,1,0,0,0,0,0
SLB STK SMART,20150327,155236,83.22,1,0,0,0,0,0
SLB STK SMART,20150327,155247,83.22,1,0,0,0,0,0
SLB STK SMART,20150327,155301,83.23,1,0,0,0,0,0
SLB STK SMART,20150327,155304,83.23,1,0,0,0,0,0
SLB STK SMART,20150327,155331,83.25,2,0,0,0,0,0
SLB STK SMART,20150327,155337,83.24,1,0,0,0,0,0
SLB STK SMART,20150327,155348,83.24,1,0,0,0,0,0
SLB STK SMART,20150327,155359,83.23,1,0,0,0,0,0
SLB STK SMART,20150327,155409,83.22,1,0,0,0,0,0
SLB STK SMART,20150327,155421,83.23,1,0,0,0,0,0
SLB STK SMART,20150327,155426,83.25,1,0,0,0,0,0
SLB STK SMART,20150327,155439,83.24,1,0,0,0,0,0
SLB STK SMART,20150327,155450,83.25,1,0,0,0,0,0
SLB STK SMART,20150327,155455,83.25,1,0,0,0,0,0
SLB STK SMART,20150327,155510,83.26,1,0,0,0,0,0
SLB STK SMART,20150327,155521,83.26,1,0,0,0,0,0
SLB STK SMART,20150327,155531,83.29,1,0,0,0,0,0
SLB STK SMART,20150327,155552,83.3,1,0,0,0,0,0
SLB STK SMART,20150327,155558,83.29,1,0,0,0,0,0
SLB STK SMART,20150327,155611,83.31,1,0,0,0,0,0
SLB STK SMART,20150327,155614,83.31,1,0,0,0,0,0
SLB STK SMART,20150327,155631,83.32,1,0,0,0,0,0
SLB STK SMART,20150327,155638,83.34,1,0,0,0,0,0
SLB STK SMART,20150327,155652,83.38,1,0,0,0,0,0
SLB STK SMART,20150327,155655,83.37,1,0,0,0,0,0
SLB STK SMART,20150327,155709,83.35,1,0,0,0,0,0
SLB STK SMART,20150327,155721,83.35,1,0,0,0,0,0
SLB STK SMART,20150327,155726,83.33,1,0,0,0,0,0
SLB STK SMART,20150327,155741,83.34,1,0,0,0,0,0
SLB STK SMART,20150327,155747,83.33,1,0,0,0,0,0
SLB STK SMART,20150327,155757,83.33,1,0,0,0,0,0
SLB STK SMART,20150327,155810,83.32,1,0,0,0,0,0
SLB STK SMART,20150327,155820,83.32,1,0,0,0,0,0
SLB STK SMART,20150327,155829,83.34,1,0,0,0,0,0
SLB STK SMART,20150327,155841,83.33,1,0,0,0,0,0
SLB STK SMART,20150327,155848,83.34,1,0,0,0,0,0
SLB STK SMART,20150327,155902,83.34,1,0,0,0,0,0
SLB STK SMART,20150327,155912,83.3,1,0,0,0,0,0
SLB STK SMART,20150327,155921,83.31,1,0,0,0,0,0
SLB STK SMART,20150327,155932,83.37,1,0,0,0,0,0
SLB STK SMART,20150327,155941,83.35,1,0,0,0,0,0
SLB STK SMART,20150327,155951,83.35,1,0,0,0,0,0
SLB STK SMART,20150327,155956,83.3,2,0,0,0,0,0
