1211                
XLU STK SMART,20150327,93005,43.7,1,0,0,0,0,0
XLU STK SMART,20150327,93016,43.7,9,0,0,0,0,0
XLU STK SMART,20150327,93039,43.73,1,0,0,0,0,0
XLU STK SMART,20150327,93049,43.76,1,0,0,0,0,0
XLU STK SMART,20150327,93058,43.77,1,0,0,0,0,0
XLU STK SMART,20150327,93105,43.76,4,0,0,0,0,0
XLU STK SMART,20150327,93114,43.84,1,0,0,0,0,0
XLU STK SMART,20150327,93126,43.83,1,0,0,0,0,0
XLU STK SMART,20150327,93139,43.82,1,0,0,0,0,0
XLU STK SMART,20150327,93141,43.81,1,0,0,0,0,0
XLU STK SMART,20150327,93159,43.78,2,0,0,0,0,0
XLU STK SMART,20150327,93209,43.71,2,0,0,0,0,0
XLU STK SMART,20150327,93218,43.68,4,0,0,0,0,0
XLU STK SMART,20150327,93229,43.65,1,0,0,0,0,0
XLU STK SMART,20150327,93239,43.58,1,0,0,0,0,0
XLU STK SMART,20150327,93247,43.63,1,0,0,0,0,0
XLU STK SMART,20150327,93300,43.64,4,0,0,0,0,0
XLU STK SMART,20150327,93309,43.66,2,0,0,0,0,0
XLU STK SMART,20150327,93319,43.67,1,0,0,0,0,0
XLU STK SMART,20150327,93320,43.67,3,0,0,0,0,0
XLU STK SMART,20150327,93358,43.74,1,0,0,0,0,0
XLU STK SMART,20150327,93406,43.74,1,0,0,0,0,0
XLU STK SMART,20150327,93414,43.75,8,0,0,0,0,0
XLU STK SMART,20150327,93428,43.76,1,0,0,0,0,0
XLU STK SMART,20150327,93439,43.68,2,0,0,0,0,0
XLU STK SMART,20150327,93449,43.62,4,0,0,0,0,0
XLU STK SMART,20150327,93459,43.66,2,0,0,0,0,0
XLU STK SMART,20150327,93509,43.62,1,0,0,0,0,0
XLU STK SMART,20150327,93519,43.62,1,0,0,0,0,0
XLU STK SMART,20150327,93529,43.65,1,0,0,0,0,0
XLU STK SMART,20150327,93540,43.61,1,0,0,0,0,0
XLU STK SMART,20150327,93549,43.61,1,0,0,0,0,0
XLU STK SMART,20150327,93600,43.63,1,0,0,0,0,0
XLU STK SMART,20150327,93610,43.61,2,0,0,0,0,0
XLU STK SMART,20150327,93620,43.61,3,0,0,0,0,0
XLU STK SMART,20150327,93625,43.6,1,0,0,0,0,0
XLU STK SMART,20150327,93634,43.61,1,0,0,0,0,0
XLU STK SMART,20150327,93710,43.63,8,0,0,0,0,0
XLU STK SMART,20150327,93719,43.63,2,0,0,0,0,0
XLU STK SMART,20150327,93729,43.62,1,0,0,0,0,0
XLU STK SMART,20150327,93734,43.65,2,0,0,0,0,0
XLU STK SMART,20150327,93745,43.64,1,0,0,0,0,0
XLU STK SMART,20150327,93758,43.68,2,0,0,0,0,0
XLU STK SMART,20150327,93802,43.67,4,0,0,0,0,0
XLU STK SMART,20150327,93820,43.67,1,0,0,0,0,0
XLU STK SMART,20150327,93830,43.68,2,0,0,0,0,0
XLU STK SMART,20150327,93839,43.68,2,0,0,0,0,0
XLU STK SMART,20150327,93846,43.68,1,0,0,0,0,0
XLU STK SMART,20150327,93854,43.68,1,0,0,0,0,0
XLU STK SMART,20150327,93903,43.68,1,0,0,0,0,0
XLU STK SMART,20150327,93919,43.71,2,0,0,0,0,0
XLU STK SMART,20150327,93930,43.7,2,0,0,0,0,0
XLU STK SMART,20150327,93940,43.7,1,0,0,0,0,0
XLU STK SMART,20150327,94000,43.74,1,0,0,0,0,0
XLU STK SMART,20150327,94002,43.76,1,0,0,0,0,0
XLU STK SMART,20150327,94012,43.75,1,0,0,0,0,0
XLU STK SMART,20150327,94050,43.73,1,0,0,0,0,0
XLU STK SMART,20150327,94056,43.74,1,0,0,0,0,0
XLU STK SMART,20150327,94116,43.74,2,0,0,0,0,0
XLU STK SMART,20150327,94121,43.74,1,0,0,0,0,0
XLU STK SMART,20150327,94137,43.72,1,0,0,0,0,0
XLU STK SMART,20150327,94146,43.73,1,0,0,0,0,0
XLU STK SMART,20150327,94156,43.72,1,0,0,0,0,0
XLU STK SMART,20150327,94206,43.74,1,0,0,0,0,0
XLU STK SMART,20150327,94220,43.73,2,0,0,0,0,0
XLU STK SMART,20150327,94225,43.72,1,0,0,0,0,0
XLU STK SMART,20150327,94242,43.71,1,0,0,0,0,0
XLU STK SMART,20150327,94333,43.73,1,0,0,0,0,0
XLU STK SMART,20150327,94343,43.74,1,0,0,0,0,0
XLU STK SMART,20150327,94359,43.73,1,0,0,0,0,0
XLU STK SMART,20150327,94410,43.67,2,0,0,0,0,0
XLU STK SMART,20150327,94420,43.68,2,0,0,0,0,0
XLU STK SMART,20150327,94430,43.66,1,0,0,0,0,0
XLU STK SMART,20150327,94439,43.65,3,0,0,0,0,0
XLU STK SMART,20150327,94444,43.66,4,0,0,0,0,0
XLU STK SMART,20150327,94500,43.68,1,0,0,0,0,0
XLU STK SMART,20150327,94507,43.68,2,0,0,0,0,0
XLU STK SMART,20150327,94513,43.67,1,0,0,0,0,0
XLU STK SMART,20150327,94530,43.67,1,0,0,0,0,0
XLU STK SMART,20150327,94539,43.69,4,0,0,0,0,0
XLU STK SMART,20150327,94550,43.68,2,0,0,0,0,0
XLU STK SMART,20150327,94557,43.7,5,0,0,0,0,0
XLU STK SMART,20150327,94605,43.69,2,0,0,0,0,0
XLU STK SMART,20150327,94620,43.69,1,0,0,0,0,0
XLU STK SMART,20150327,94640,43.7,1,0,0,0,0,0
XLU STK SMART,20150327,94649,43.71,1,0,0,0,0,0
XLU STK SMART,20150327,94656,43.76,4,0,0,0,0,0
XLU STK SMART,20150327,94702,43.76,4,0,0,0,0,0
XLU STK SMART,20150327,94720,43.77,1,0,0,0,0,0
XLU STK SMART,20150327,94735,43.78,1,0,0,0,0,0
XLU STK SMART,20150327,94756,43.77,2,0,0,0,0,0
XLU STK SMART,20150327,94810,43.78,2,0,0,0,0,0
XLU STK SMART,20150327,94824,43.78,1,0,0,0,0,0
XLU STK SMART,20150327,94838,43.76,2,0,0,0,0,0
XLU STK SMART,20150327,94845,43.75,1,0,0,0,0,0
XLU STK SMART,20150327,94910,43.77,5,0,0,0,0,0
XLU STK SMART,20150327,94912,43.77,1,0,0,0,0,0
XLU STK SMART,20150327,94923,43.77,1,0,0,0,0,0
XLU STK SMART,20150327,95000,43.77,1,0,0,0,0,0
XLU STK SMART,20150327,95010,43.77,2,0,0,0,0,0
XLU STK SMART,20150327,95012,43.78,2,0,0,0,0,0
XLU STK SMART,20150327,95030,43.79,1,0,0,0,0,0
XLU STK SMART,20150327,95040,43.78,2,0,0,0,0,0
XLU STK SMART,20150327,95041,43.78,1,0,0,0,0,0
XLU STK SMART,20150327,95106,43.79,2,0,0,0,0,0
XLU STK SMART,20150327,95120,43.81,3,0,0,0,0,0
XLU STK SMART,20150327,95127,43.8,1,0,0,0,0,0
XLU STK SMART,20150327,95137,43.8,2,0,0,0,0,0
XLU STK SMART,20150327,95210,43.84,1,0,0,0,0,0
XLU STK SMART,20150327,95216,43.87,1,0,0,0,0,0
XLU STK SMART,20150327,95230,43.88,1,0,0,0,0,0
XLU STK SMART,20150327,95240,43.83,12,0,0,0,0,0
XLU STK SMART,20150327,95246,43.83,2,0,0,0,0,0
XLU STK SMART,20150327,95307,43.84,4,0,0,0,0,0
XLU STK SMART,20150327,95319,43.85,2,0,0,0,0,0
XLU STK SMART,20150327,95322,43.85,3,0,0,0,0,0
XLU STK SMART,20150327,95341,43.9,2,0,0,0,0,0
XLU STK SMART,20150327,95350,43.9,4,0,0,0,0,0
XLU STK SMART,20150327,95355,43.91,4,0,0,0,0,0
XLU STK SMART,20150327,95408,43.89,1,0,0,0,0,0
XLU STK SMART,20150327,95420,43.84,1,0,0,0,0,0
XLU STK SMART,20150327,95430,43.86,2,0,0,0,0,0
XLU STK SMART,20150327,95441,43.87,3,0,0,0,0,0
XLU STK SMART,20150327,95444,43.86,2,0,0,0,0,0
XLU STK SMART,20150327,95501,43.85,1,0,0,0,0,0
XLU STK SMART,20150327,95510,43.88,2,0,0,0,0,0
XLU STK SMART,20150327,95527,43.89,1,0,0,0,0,0
XLU STK SMART,20150327,95540,43.89,2,0,0,0,0,0
XLU STK SMART,20150327,95549,43.89,1,0,0,0,0,0
XLU STK SMART,20150327,95619,43.89,2,0,0,0,0,0
XLU STK SMART,20150327,95627,43.87,1,0,0,0,0,0
XLU STK SMART,20150327,95639,43.87,1,0,0,0,0,0
XLU STK SMART,20150327,95648,43.89,3,0,0,0,0,0
XLU STK SMART,20150327,95652,43.88,1,0,0,0,0,0
XLU STK SMART,20150327,95706,43.88,1,0,0,0,0,0
XLU STK SMART,20150327,95738,43.87,1,0,0,0,0,0
XLU STK SMART,20150327,95747,43.89,1,0,0,0,0,0
XLU STK SMART,20150327,95810,43.92,13,0,0,0,0,0
XLU STK SMART,20150327,95821,43.94,8,0,0,0,0,0
XLU STK SMART,20150327,95821,43.94,2,0,0,0,0,0
XLU STK SMART,20150327,95838,43.93,1,0,0,0,0,0
XLU STK SMART,20150327,95848,43.93,1,0,0,0,0,0
XLU STK SMART,20150327,95941,43.96,1,0,0,0,0,0
XLU STK SMART,20150327,95948,43.94,5,0,0,0,0,0
XLU STK SMART,20150327,95958,43.94,1,0,0,0,0,0
XLU STK SMART,20150327,100007,43.94,5,0,0,0,0,0
XLU STK SMART,20150327,100014,43.96,1,0,0,0,0,0
XLU STK SMART,20150327,100030,43.97,5,0,0,0,0,0
XLU STK SMART,20150327,100041,43.97,1,0,0,0,0,0
XLU STK SMART,20150327,100045,43.97,3,0,0,0,0,0
XLU STK SMART,20150327,100105,43.98,1,0,0,0,0,0
XLU STK SMART,20150327,100121,43.96,2,0,0,0,0,0
XLU STK SMART,20150327,100125,43.96,1,0,0,0,0,0
XLU STK SMART,20150327,100139,43.96,1,0,0,0,0,0
XLU STK SMART,20150327,100158,43.95,1,0,0,0,0,0
XLU STK SMART,20150327,100220,43.97,2,0,0,0,0,0
XLU STK SMART,20150327,100227,43.97,1,0,0,0,0,0
XLU STK SMART,20150327,100248,43.97,5,0,0,0,0,0
XLU STK SMART,20150327,100255,43.96,1,0,0,0,0,0
XLU STK SMART,20150327,100308,43.96,2,0,0,0,0,0
XLU STK SMART,20150327,100327,43.97,1,0,0,0,0,0
XLU STK SMART,20150327,100401,43.98,1,0,0,0,0,0
XLU STK SMART,20150327,100410,44.01,1,0,0,0,0,0
XLU STK SMART,20150327,100421,44.03,2,0,0,0,0,0
XLU STK SMART,20150327,100423,44.03,1,0,0,0,0,0
XLU STK SMART,20150327,100450,44.03,1,0,0,0,0,0
XLU STK SMART,20150327,100507,44.04,1,0,0,0,0,0
XLU STK SMART,20150327,100519,44.03,1,0,0,0,0,0
XLU STK SMART,20150327,100531,44.02,3,0,0,0,0,0
XLU STK SMART,20150327,100538,44.03,1,0,0,0,0,0
XLU STK SMART,20150327,100601,44.03,1,0,0,0,0,0
XLU STK SMART,20150327,100611,44.01,1,0,0,0,0,0
XLU STK SMART,20150327,100616,44.02,1,0,0,0,0,0
XLU STK SMART,20150327,100624,44.03,1,0,0,0,0,0
XLU STK SMART,20150327,100634,44.03,9,0,0,0,0,0
XLU STK SMART,20150327,100651,44.03,2,0,0,0,0,0
XLU STK SMART,20150327,100701,44.02,1,0,0,0,0,0
XLU STK SMART,20150327,100711,44.02,1,0,0,0,0,0
XLU STK SMART,20150327,100718,44.03,1,0,0,0,0,0
XLU STK SMART,20150327,100738,44.02,2,0,0,0,0,0
XLU STK SMART,20150327,100751,44.01,1,0,0,0,0,0
XLU STK SMART,20150327,100754,44.01,1,0,0,0,0,0
XLU STK SMART,20150327,100830,44.01,4,0,0,0,0,0
XLU STK SMART,20150327,100834,44.01,1,0,0,0,0,0
XLU STK SMART,20150327,100851,43.98,10,0,0,0,0,0
XLU STK SMART,20150327,100854,43.99,1,0,0,0,0,0
XLU STK SMART,20150327,100911,43.99,3,0,0,0,0,0
XLU STK SMART,20150327,100912,43.99,1,0,0,0,0,0
XLU STK SMART,20150327,100952,43.99,1,0,0,0,0,0
XLU STK SMART,20150327,101007,43.98,1,0,0,0,0,0
XLU STK SMART,20150327,101020,43.98,1,0,0,0,0,0
XLU STK SMART,20150327,101030,43.99,1,0,0,0,0,0
XLU STK SMART,20150327,101041,43.99,2,0,0,0,0,0
XLU STK SMART,20150327,101051,43.98,8,0,0,0,0,0
XLU STK SMART,20150327,101052,43.98,1,0,0,0,0,0
XLU STK SMART,20150327,101109,43.97,4,0,0,0,0,0
XLU STK SMART,20150327,101126,43.97,2,0,0,0,0,0
XLU STK SMART,20150327,101133,43.97,1,0,0,0,0,0
XLU STK SMART,20150327,101149,43.96,1,0,0,0,0,0
XLU STK SMART,20150327,101202,43.94,1,0,0,0,0,0
XLU STK SMART,20150327,101215,43.93,1,0,0,0,0,0
XLU STK SMART,20150327,101231,43.92,2,0,0,0,0,0
XLU STK SMART,20150327,101236,43.9,1,0,0,0,0,0
XLU STK SMART,20150327,101251,43.87,5,0,0,0,0,0
XLU STK SMART,20150327,101255,43.88,1,0,0,0,0,0
XLU STK SMART,20150327,101309,43.87,4,0,0,0,0,0
XLU STK SMART,20150327,101321,43.86,1,0,0,0,0,0
XLU STK SMART,20150327,101329,43.86,4,0,0,0,0,0
XLU STK SMART,20150327,101340,43.86,4,0,0,0,0,0
XLU STK SMART,20150327,101350,43.85,2,0,0,0,0,0
XLU STK SMART,20150327,101401,43.85,5,0,0,0,0,0
XLU STK SMART,20150327,101412,43.85,1,0,0,0,0,0
XLU STK SMART,20150327,101428,43.87,2,0,0,0,0,0
XLU STK SMART,20150327,101437,43.87,2,0,0,0,0,0
XLU STK SMART,20150327,101458,43.87,1,0,0,0,0,0
XLU STK SMART,20150327,101516,43.88,1,0,0,0,0,0
XLU STK SMART,20150327,101529,43.89,2,0,0,0,0,0
XLU STK SMART,20150327,101541,43.89,3,0,0,0,0,0
XLU STK SMART,20150327,101557,43.89,1,0,0,0,0,0
XLU STK SMART,20150327,101611,43.88,1,0,0,0,0,0
XLU STK SMART,20150327,101617,43.87,2,0,0,0,0,0
XLU STK SMART,20150327,101629,43.87,1,0,0,0,0,0
XLU STK SMART,20150327,101639,43.87,2,0,0,0,0,0
XLU STK SMART,20150327,101658,43.87,1,0,0,0,0,0
XLU STK SMART,20150327,101710,43.85,1,0,0,0,0,0
XLU STK SMART,20150327,101731,43.84,1,0,0,0,0,0
XLU STK SMART,20150327,101741,43.84,1,0,0,0,0,0
XLU STK SMART,20150327,101752,43.85,1,0,0,0,0,0
XLU STK SMART,20150327,101814,43.85,5,0,0,0,0,0
XLU STK SMART,20150327,101827,43.86,1,0,0,0,0,0
XLU STK SMART,20150327,101834,43.87,1,0,0,0,0,0
XLU STK SMART,20150327,101849,43.89,1,0,0,0,0,0
XLU STK SMART,20150327,101910,43.9,1,0,0,0,0,0
XLU STK SMART,20150327,101916,43.91,1,0,0,0,0,0
XLU STK SMART,20150327,101930,43.92,1,0,0,0,0,0
XLU STK SMART,20150327,101942,43.92,4,0,0,0,0,0
XLU STK SMART,20150327,101942,43.92,2,0,0,0,0,0
XLU STK SMART,20150327,101958,43.91,1,0,0,0,0,0
XLU STK SMART,20150327,102004,43.92,2,0,0,0,0,0
XLU STK SMART,20150327,102015,43.92,4,0,0,0,0,0
XLU STK SMART,20150327,102029,43.93,1,0,0,0,0,0
XLU STK SMART,20150327,102059,43.94,11,0,0,0,0,0
XLU STK SMART,20150327,102112,43.94,1,0,0,0,0,0
XLU STK SMART,20150327,102124,43.94,4,0,0,0,0,0
XLU STK SMART,20150327,102132,43.94,1,0,0,0,0,0
XLU STK SMART,20150327,102147,43.95,1,0,0,0,0,0
XLU STK SMART,20150327,102220,43.91,5,0,0,0,0,0
XLU STK SMART,20150327,102225,43.91,1,0,0,0,0,0
XLU STK SMART,20150327,102241,43.92,1,0,0,0,0,0
XLU STK SMART,20150327,102252,43.92,4,0,0,0,0,0
XLU STK SMART,20150327,102255,43.93,1,0,0,0,0,0
XLU STK SMART,20150327,102316,43.94,1,0,0,0,0,0
XLU STK SMART,20150327,102341,43.95,1,0,0,0,0,0
XLU STK SMART,20150327,102431,43.96,1,0,0,0,0,0
XLU STK SMART,20150327,102440,43.94,10,0,0,0,0,0
XLU STK SMART,20150327,102452,43.94,1,0,0,0,0,0
XLU STK SMART,20150327,102453,43.94,1,0,0,0,0,0
XLU STK SMART,20150327,102514,43.95,1,0,0,0,0,0
XLU STK SMART,20150327,102526,43.95,5,0,0,0,0,0
XLU STK SMART,20150327,102538,43.92,1,0,0,0,0,0
XLU STK SMART,20150327,102551,43.91,1,0,0,0,0,0
XLU STK SMART,20150327,102608,43.93,5,0,0,0,0,0
XLU STK SMART,20150327,102618,43.92,4,0,0,0,0,0
XLU STK SMART,20150327,102624,43.92,1,0,0,0,0,0
XLU STK SMART,20150327,102714,43.91,1,0,0,0,0,0
XLU STK SMART,20150327,102732,43.91,2,0,0,0,0,0
XLU STK SMART,20150327,102745,43.91,1,0,0,0,0,0
XLU STK SMART,20150327,102826,43.91,1,0,0,0,0,0
XLU STK SMART,20150327,102842,43.9,2,0,0,0,0,0
XLU STK SMART,20150327,102846,43.9,1,0,0,0,0,0
XLU STK SMART,20150327,102857,43.89,2,0,0,0,0,0
XLU STK SMART,20150327,102911,43.89,1,0,0,0,0,0
XLU STK SMART,20150327,102939,43.92,1,0,0,0,0,0
XLU STK SMART,20150327,102951,43.94,3,0,0,0,0,0
XLU STK SMART,20150327,103002,43.92,2,0,0,0,0,0
XLU STK SMART,20150327,103031,43.91,1,0,0,0,0,0
XLU STK SMART,20150327,103050,43.9,1,0,0,0,0,0
XLU STK SMART,20150327,103106,43.89,1,0,0,0,0,0
XLU STK SMART,20150327,103120,43.88,1,0,0,0,0,0
XLU STK SMART,20150327,103151,43.87,1,0,0,0,0,0
XLU STK SMART,20150327,103231,43.86,2,0,0,0,0,0
XLU STK SMART,20150327,103242,43.83,1,0,0,0,0,0
XLU STK SMART,20150327,103332,43.81,1,0,0,0,0,0
XLU STK SMART,20150327,103341,43.81,3,0,0,0,0,0
XLU STK SMART,20150327,103345,43.81,10,0,0,0,0,0
XLU STK SMART,20150327,103402,43.8,1,0,0,0,0,0
XLU STK SMART,20150327,103413,43.78,5,0,0,0,0,0
XLU STK SMART,20150327,103418,43.77,1,0,0,0,0,0
XLU STK SMART,20150327,103431,43.77,1,0,0,0,0,0
XLU STK SMART,20150327,103436,43.77,3,0,0,0,0,0
XLU STK SMART,20150327,103447,43.76,1,0,0,0,0,0
XLU STK SMART,20150327,103454,43.76,9,0,0,0,0,0
XLU STK SMART,20150327,103512,43.78,4,0,0,0,0,0
XLU STK SMART,20150327,103521,43.81,1,0,0,0,0,0
XLU STK SMART,20150327,103542,43.8,1,0,0,0,0,0
XLU STK SMART,20150327,103552,43.81,1,0,0,0,0,0
XLU STK SMART,20150327,103609,43.81,8,0,0,0,0,0
XLU STK SMART,20150327,103616,43.81,2,0,0,0,0,0
XLU STK SMART,20150327,103633,43.82,2,0,0,0,0,0
XLU STK SMART,20150327,103641,43.84,1,0,0,0,0,0
XLU STK SMART,20150327,103700,43.86,3,0,0,0,0,0
XLU STK SMART,20150327,103719,43.85,4,0,0,0,0,0
XLU STK SMART,20150327,103731,43.85,1,0,0,0,0,0
XLU STK SMART,20150327,103812,43.86,1,0,0,0,0,0
XLU STK SMART,20150327,103819,43.86,1,0,0,0,0,0
XLU STK SMART,20150327,103829,43.86,1,0,0,0,0,0
XLU STK SMART,20150327,103853,43.89,2,0,0,0,0,0
XLU STK SMART,20150327,103903,43.89,5,0,0,0,0,0
XLU STK SMART,20150327,103912,43.87,1,0,0,0,0,0
XLU STK SMART,20150327,103921,43.87,1,0,0,0,0,0
XLU STK SMART,20150327,104009,43.88,1,0,0,0,0,0
XLU STK SMART,20150327,104043,43.88,2,0,0,0,0,0
XLU STK SMART,20150327,104044,43.88,3,0,0,0,0,0
XLU STK SMART,20150327,104108,43.87,1,0,0,0,0,0
XLU STK SMART,20150327,104129,43.88,4,0,0,0,0,0
XLU STK SMART,20150327,104149,43.87,2,0,0,0,0,0
XLU STK SMART,20150327,104203,43.86,1,0,0,0,0,0
XLU STK SMART,20150327,104208,43.85,1,0,0,0,0,0
XLU STK SMART,20150327,104230,43.85,7,0,0,0,0,0
XLU STK SMART,20150327,104242,43.85,1,0,0,0,0,0
XLU STK SMART,20150327,104247,43.85,6,0,0,0,0,0
XLU STK SMART,20150327,104338,43.87,1,0,0,0,0,0
XLU STK SMART,20150327,104402,43.88,2,0,0,0,0,0
XLU STK SMART,20150327,104410,43.9,1,0,0,0,0,0
XLU STK SMART,20150327,104459,43.89,1,0,0,0,0,0
XLU STK SMART,20150327,104525,43.89,4,0,0,0,0,0
XLU STK SMART,20150327,104549,43.89,1,0,0,0,0,0
XLU STK SMART,20150327,104602,43.89,2,0,0,0,0,0
XLU STK SMART,20150327,104612,43.91,1,0,0,0,0,0
XLU STK SMART,20150327,104623,43.93,1,0,0,0,0,0
XLU STK SMART,20150327,104648,43.92,1,0,0,0,0,0
XLU STK SMART,20150327,104709,43.92,1,0,0,0,0,0
XLU STK SMART,20150327,104751,43.93,3,0,0,0,0,0
XLU STK SMART,20150327,104759,43.93,1,0,0,0,0,0
XLU STK SMART,20150327,104807,43.91,1,0,0,0,0,0
XLU STK SMART,20150327,104819,43.9,1,0,0,0,0,0
XLU STK SMART,20150327,104841,43.89,1,0,0,0,0,0
XLU STK SMART,20150327,104845,43.9,1,0,0,0,0,0
XLU STK SMART,20150327,104901,43.89,1,0,0,0,0,0
XLU STK SMART,20150327,104907,43.9,1,0,0,0,0,0
XLU STK SMART,20150327,104920,43.91,1,0,0,0,0,0
XLU STK SMART,20150327,104935,43.92,1,0,0,0,0,0
XLU STK SMART,20150327,104952,43.92,1,0,0,0,0,0
XLU STK SMART,20150327,105002,43.92,1,0,0,0,0,0
XLU STK SMART,20150327,105022,43.92,1,0,0,0,0,0
XLU STK SMART,20150327,105034,43.92,1,0,0,0,0,0
XLU STK SMART,20150327,105047,43.93,1,0,0,0,0,0
XLU STK SMART,20150327,105106,43.92,2,0,0,0,0,0
XLU STK SMART,20150327,105132,43.93,2,0,0,0,0,0
XLU STK SMART,20150327,105140,43.93,3,0,0,0,0,0
XLU STK SMART,20150327,105147,43.93,1,0,0,0,0,0
XLU STK SMART,20150327,105228,43.91,4,0,0,0,0,0
XLU STK SMART,20150327,105235,43.9,2,0,0,0,0,0
XLU STK SMART,20150327,105310,43.88,1,0,0,0,0,0
XLU STK SMART,20150327,105348,43.87,1,0,0,0,0,0
XLU STK SMART,20150327,105402,43.86,2,0,0,0,0,0
XLU STK SMART,20150327,105409,43.87,1,0,0,0,0,0
XLU STK SMART,20150327,105530,43.89,1,0,0,0,0,0
XLU STK SMART,20150327,105542,43.89,1,0,0,0,0,0
XLU STK SMART,20150327,105545,43.9,1,0,0,0,0,0
XLU STK SMART,20150327,105603,43.89,1,0,0,0,0,0
XLU STK SMART,20150327,105605,43.9,1,0,0,0,0,0
XLU STK SMART,20150327,105619,43.91,1,0,0,0,0,0
XLU STK SMART,20150327,105627,43.9,1,0,0,0,0,0
XLU STK SMART,20150327,105650,43.92,1,0,0,0,0,0
XLU STK SMART,20150327,105702,43.92,2,0,0,0,0,0
XLU STK SMART,20150327,105717,43.92,1,0,0,0,0,0
XLU STK SMART,20150327,105730,43.92,3,0,0,0,0,0
XLU STK SMART,20150327,105744,43.92,4,0,0,0,0,0
XLU STK SMART,20150327,105802,43.92,6,0,0,0,0,0
XLU STK SMART,20150327,105833,43.92,1,0,0,0,0,0
XLU STK SMART,20150327,105835,43.92,2,0,0,0,0,0
XLU STK SMART,20150327,105846,43.91,1,0,0,0,0,0
XLU STK SMART,20150327,105910,43.9,2,0,0,0,0,0
XLU STK SMART,20150327,105919,43.91,2,0,0,0,0,0
XLU STK SMART,20150327,105941,43.92,5,0,0,0,0,0
XLU STK SMART,20150327,105951,43.91,1,0,0,0,0,0
XLU STK SMART,20150327,105955,43.9,7,0,0,0,0,0
XLU STK SMART,20150327,110010,43.89,1,0,0,0,0,0
XLU STK SMART,20150327,110020,43.9,1,0,0,0,0,0
XLU STK SMART,20150327,110037,43.89,1,0,0,0,0,0
XLU STK SMART,20150327,110050,43.89,4,0,0,0,0,0
XLU STK SMART,20150327,110113,43.9,1,0,0,0,0,0
XLU STK SMART,20150327,110117,43.89,1,0,0,0,0,0
XLU STK SMART,20150327,110142,43.9,2,0,0,0,0,0
XLU STK SMART,20150327,110148,43.91,1,0,0,0,0,0
XLU STK SMART,20150327,110201,43.93,1,0,0,0,0,0
XLU STK SMART,20150327,110218,43.95,1,0,0,0,0,0
XLU STK SMART,20150327,110246,43.97,2,0,0,0,0,0
XLU STK SMART,20150327,110321,43.96,2,0,0,0,0,0
XLU STK SMART,20150327,110330,43.96,2,0,0,0,0,0
XLU STK SMART,20150327,110350,43.96,1,0,0,0,0,0
XLU STK SMART,20150327,110359,43.96,1,0,0,0,0,0
XLU STK SMART,20150327,110423,43.95,2,0,0,0,0,0
XLU STK SMART,20150327,110443,43.96,1,0,0,0,0,0
XLU STK SMART,20150327,110451,43.95,4,0,0,0,0,0
XLU STK SMART,20150327,110509,43.96,1,0,0,0,0,0
XLU STK SMART,20150327,110519,43.96,2,0,0,0,0,0
XLU STK SMART,20150327,110532,43.95,1,0,0,0,0,0
XLU STK SMART,20150327,110544,43.96,1,0,0,0,0,0
XLU STK SMART,20150327,110552,43.96,1,0,0,0,0,0
XLU STK SMART,20150327,110619,43.97,1,0,0,0,0,0
XLU STK SMART,20150327,110629,44,1,0,0,0,0,0
XLU STK SMART,20150327,110642,44.02,1,0,0,0,0,0
XLU STK SMART,20150327,110650,44.01,1,0,0,0,0,0
XLU STK SMART,20150327,110718,44.01,1,0,0,0,0,0
XLU STK SMART,20150327,110850,44,2,0,0,0,0,0
XLU STK SMART,20150327,110902,43.98,1,0,0,0,0,0
XLU STK SMART,20150327,110910,43.98,1,0,0,0,0,0
XLU STK SMART,20150327,110924,43.98,2,0,0,0,0,0
XLU STK SMART,20150327,110926,43.98,2,0,0,0,0,0
XLU STK SMART,20150327,110939,43.98,4,0,0,0,0,0
XLU STK SMART,20150327,111001,43.97,1,0,0,0,0,0
XLU STK SMART,20150327,111012,43.96,2,0,0,0,0,0
XLU STK SMART,20150327,111030,43.96,2,0,0,0,0,0
XLU STK SMART,20150327,111042,43.96,1,0,0,0,0,0
XLU STK SMART,20150327,111104,43.98,3,0,0,0,0,0
XLU STK SMART,20150327,111105,43.97,1,0,0,0,0,0
XLU STK SMART,20150327,111129,43.98,4,0,0,0,0,0
XLU STK SMART,20150327,111202,43.99,6,0,0,0,0,0
XLU STK SMART,20150327,111212,44,1,0,0,0,0,0
XLU STK SMART,20150327,111219,44.01,1,0,0,0,0,0
XLU STK SMART,20150327,111234,44.04,2,0,0,0,0,0
XLU STK SMART,20150327,111244,44.03,2,0,0,0,0,0
XLU STK SMART,20150327,111245,44.03,1,0,0,0,0,0
XLU STK SMART,20150327,111303,44.03,3,0,0,0,0,0
XLU STK SMART,20150327,111330,44.05,2,0,0,0,0,0
XLU STK SMART,20150327,111341,44.06,1,0,0,0,0,0
XLU STK SMART,20150327,111349,44.06,1,0,0,0,0,0
XLU STK SMART,20150327,111405,44.06,1,0,0,0,0,0
XLU STK SMART,20150327,111425,44.04,1,0,0,0,0,0
XLU STK SMART,20150327,111444,44.06,1,0,0,0,0,0
XLU STK SMART,20150327,111447,44.05,2,0,0,0,0,0
XLU STK SMART,20150327,111457,44.06,39,0,0,0,0,0
XLU STK SMART,20150327,111523,44.08,1,0,0,0,0,0
XLU STK SMART,20150327,111654,44.08,3,0,0,0,0,0
XLU STK SMART,20150327,111700,44.07,1,0,0,0,0,0
XLU STK SMART,20150327,111718,44.06,1,0,0,0,0,0
XLU STK SMART,20150327,111745,44.08,7,0,0,0,0,0
XLU STK SMART,20150327,111746,44.08,1,0,0,0,0,0
XLU STK SMART,20150327,111758,44.08,2,0,0,0,0,0
XLU STK SMART,20150327,111828,44.08,2,0,0,0,0,0
XLU STK SMART,20150327,111838,44.06,23,0,0,0,0,0
XLU STK SMART,20150327,111848,44.06,2,0,0,0,0,0
XLU STK SMART,20150327,111915,44.07,1,0,0,0,0,0
XLU STK SMART,20150327,111958,44.06,1,0,0,0,0,0
XLU STK SMART,20150327,112013,44.06,2,0,0,0,0,0
XLU STK SMART,20150327,112022,44.06,1,0,0,0,0,0
XLU STK SMART,20150327,112027,44.06,2,0,0,0,0,0
XLU STK SMART,20150327,112041,44.05,1,0,0,0,0,0
XLU STK SMART,20150327,112147,44.06,1,0,0,0,0,0
XLU STK SMART,20150327,112235,44.06,1,0,0,0,0,0
XLU STK SMART,20150327,112249,44.06,2,0,0,0,0,0
XLU STK SMART,20150327,112257,44.06,1,0,0,0,0,0
XLU STK SMART,20150327,112336,44.05,1,0,0,0,0,0
XLU STK SMART,20150327,112505,44.04,2,0,0,0,0,0
XLU STK SMART,20150327,112511,44.05,2,0,0,0,0,0
XLU STK SMART,20150327,112553,44.04,1,0,0,0,0,0
XLU STK SMART,20150327,112645,44.03,3,0,0,0,0,0
XLU STK SMART,20150327,112648,44.02,1,0,0,0,0,0
XLU STK SMART,20150327,112659,44.02,2,0,0,0,0,0
XLU STK SMART,20150327,112713,44.03,2,0,0,0,0,0
XLU STK SMART,20150327,112731,44.03,1,0,0,0,0,0
XLU STK SMART,20150327,112742,44.04,1,0,0,0,0,0
XLU STK SMART,20150327,112804,44.04,2,0,0,0,0,0
XLU STK SMART,20150327,112822,44.04,1,0,0,0,0,0
XLU STK SMART,20150327,112829,44.06,1,0,0,0,0,0
XLU STK SMART,20150327,112842,44.06,1,0,0,0,0,0
XLU STK SMART,20150327,112851,44.06,2,0,0,0,0,0
XLU STK SMART,20150327,112905,44.07,7,0,0,0,0,0
XLU STK SMART,20150327,112907,44.07,1,0,0,0,0,0
XLU STK SMART,20150327,112933,44.07,1,0,0,0,0,0
XLU STK SMART,20150327,112958,44.09,2,0,0,0,0,0
XLU STK SMART,20150327,113027,44.07,1,0,0,0,0,0
XLU STK SMART,20150327,113144,44.07,3,0,0,0,0,0
XLU STK SMART,20150327,113153,44.09,3,0,0,0,0,0
XLU STK SMART,20150327,113158,44.09,2,0,0,0,0,0
XLU STK SMART,20150327,113219,44.1,1,0,0,0,0,0
XLU STK SMART,20150327,113235,44.1,1,0,0,0,0,0
XLU STK SMART,20150327,113315,44.09,1,0,0,0,0,0
XLU STK SMART,20150327,113342,44.11,1,0,0,0,0,0
XLU STK SMART,20150327,113348,44.12,1,0,0,0,0,0
XLU STK SMART,20150327,113359,44.12,3,0,0,0,0,0
XLU STK SMART,20150327,113414,44.12,1,0,0,0,0,0
XLU STK SMART,20150327,113515,44.12,1,0,0,0,0,0
XLU STK SMART,20150327,113516,44.11,1,0,0,0,0,0
XLU STK SMART,20150327,113533,44.11,1,0,0,0,0,0
XLU STK SMART,20150327,113552,44.12,2,0,0,0,0,0
XLU STK SMART,20150327,113645,44.12,1,0,0,0,0,0
XLU STK SMART,20150327,113656,44.1,1,0,0,0,0,0
XLU STK SMART,20150327,113705,44.1,2,0,0,0,0,0
XLU STK SMART,20150327,113708,44.1,1,0,0,0,0,0
XLU STK SMART,20150327,113726,44.1,3,0,0,0,0,0
XLU STK SMART,20150327,113727,44.1,1,0,0,0,0,0
XLU STK SMART,20150327,113833,44.09,1,0,0,0,0,0
XLU STK SMART,20150327,113840,44.08,2,0,0,0,0,0
XLU STK SMART,20150327,113925,44.08,1,0,0,0,0,0
XLU STK SMART,20150327,113959,44.08,2,0,0,0,0,0
XLU STK SMART,20150327,114016,44.08,1,0,0,0,0,0
XLU STK SMART,20150327,114020,44.08,3,0,0,0,0,0
XLU STK SMART,20150327,114039,44.09,1,0,0,0,0,0
XLU STK SMART,20150327,114059,44.07,1,0,0,0,0,0
XLU STK SMART,20150327,114113,44.08,1,0,0,0,0,0
XLU STK SMART,20150327,114135,44.07,1,0,0,0,0,0
XLU STK SMART,20150327,114136,44.07,8,0,0,0,0,0
XLU STK SMART,20150327,114202,44.07,2,0,0,0,0,0
XLU STK SMART,20150327,114245,44.07,4,0,0,0,0,0
XLU STK SMART,20150327,114301,44.07,4,0,0,0,0,0
XLU STK SMART,20150327,114312,44.07,1,0,0,0,0,0
XLU STK SMART,20150327,114356,44.06,1,0,0,0,0,0
XLU STK SMART,20150327,114425,44.06,1,0,0,0,0,0
XLU STK SMART,20150327,114458,44.07,2,0,0,0,0,0
XLU STK SMART,20150327,114525,44.06,2,0,0,0,0,0
XLU STK SMART,20150327,114532,44.05,1,0,0,0,0,0
XLU STK SMART,20150327,114549,44.06,1,0,0,0,0,0
XLU STK SMART,20150327,114636,44.06,2,0,0,0,0,0
XLU STK SMART,20150327,114637,44.06,1,0,0,0,0,0
XLU STK SMART,20150327,114649,44.07,1,0,0,0,0,0
XLU STK SMART,20150327,114713,44.05,15,0,0,0,0,0
XLU STK SMART,20150327,114717,44.04,1,0,0,0,0,0
XLU STK SMART,20150327,114816,44.05,1,0,0,0,0,0
XLU STK SMART,20150327,114818,44.06,1,0,0,0,0,0
XLU STK SMART,20150327,114901,44.05,1,0,0,0,0,0
XLU STK SMART,20150327,114911,44.04,1,0,0,0,0,0
XLU STK SMART,20150327,114936,44.03,2,0,0,0,0,0
XLU STK SMART,20150327,114956,44.02,1,0,0,0,0,0
XLU STK SMART,20150327,115007,44,5,0,0,0,0,0
XLU STK SMART,20150327,115014,44.01,3,0,0,0,0,0
XLU STK SMART,20150327,115032,44.02,1,0,0,0,0,0
XLU STK SMART,20150327,115134,44.04,2,0,0,0,0,0
XLU STK SMART,20150327,115146,44.05,4,0,0,0,0,0
XLU STK SMART,20150327,115157,44.05,1,0,0,0,0,0
XLU STK SMART,20150327,115205,44.05,1,0,0,0,0,0
XLU STK SMART,20150327,115213,44.04,1,0,0,0,0,0
XLU STK SMART,20150327,115237,44.05,2,0,0,0,0,0
XLU STK SMART,20150327,115303,44.04,1,0,0,0,0,0
XLU STK SMART,20150327,115326,44.02,1,0,0,0,0,0
XLU STK SMART,20150327,115346,44.01,1,0,0,0,0,0
XLU STK SMART,20150327,115403,44,1,0,0,0,0,0
XLU STK SMART,20150327,115415,43.99,1,0,0,0,0,0
XLU STK SMART,20150327,115452,43.98,10,0,0,0,0,0
XLU STK SMART,20150327,115507,43.96,1,0,0,0,0,0
XLU STK SMART,20150327,115512,43.96,1,0,0,0,0,0
XLU STK SMART,20150327,115518,43.96,2,0,0,0,0,0
XLU STK SMART,20150327,115547,43.94,4,0,0,0,0,0
XLU STK SMART,20150327,115554,43.95,1,0,0,0,0,0
XLU STK SMART,20150327,115603,43.95,3,0,0,0,0,0
XLU STK SMART,20150327,115622,43.96,1,0,0,0,0,0
XLU STK SMART,20150327,115636,43.97,1,0,0,0,0,0
XLU STK SMART,20150327,115644,43.96,1,0,0,0,0,0
XLU STK SMART,20150327,115659,43.97,4,0,0,0,0,0
XLU STK SMART,20150327,115715,43.96,1,0,0,0,0,0
XLU STK SMART,20150327,115740,43.98,1,0,0,0,0,0
XLU STK SMART,20150327,115754,44,1,0,0,0,0,0
XLU STK SMART,20150327,115810,44,3,0,0,0,0,0
XLU STK SMART,20150327,115824,43.98,2,0,0,0,0,0
XLU STK SMART,20150327,115844,43.99,1,0,0,0,0,0
XLU STK SMART,20150327,115926,44.03,3,0,0,0,0,0
XLU STK SMART,20150327,115947,44.05,19,0,0,0,0,0
XLU STK SMART,20150327,115947,44.05,2,0,0,0,0,0
XLU STK SMART,20150327,120003,44.05,1,0,0,0,0,0
XLU STK SMART,20150327,120009,44.04,1,0,0,0,0,0
XLU STK SMART,20150327,120037,44.02,1,0,0,0,0,0
XLU STK SMART,20150327,120044,44.01,1,0,0,0,0,0
XLU STK SMART,20150327,120129,44.02,1,0,0,0,0,0
XLU STK SMART,20150327,120140,44.03,1,0,0,0,0,0
XLU STK SMART,20150327,120311,44.02,1,0,0,0,0,0
XLU STK SMART,20150327,120324,44.02,4,0,0,0,0,0
XLU STK SMART,20150327,120400,44.03,1,0,0,0,0,0
XLU STK SMART,20150327,120444,44.02,1,0,0,0,0,0
XLU STK SMART,20150327,120503,44.02,4,0,0,0,0,0
XLU STK SMART,20150327,120533,44.02,1,0,0,0,0,0
XLU STK SMART,20150327,120559,44.02,1,0,0,0,0,0
XLU STK SMART,20150327,120615,44.04,2,0,0,0,0,0
XLU STK SMART,20150327,120621,44.04,2,0,0,0,0,0
XLU STK SMART,20150327,120657,44.05,1,0,0,0,0,0
XLU STK SMART,20150327,120727,44.06,2,0,0,0,0,0
XLU STK SMART,20150327,120733,44.06,1,0,0,0,0,0
XLU STK SMART,20150327,120757,44.05,1,0,0,0,0,0
XLU STK SMART,20150327,120846,44.05,3,0,0,0,0,0
XLU STK SMART,20150327,120917,44.05,8,0,0,0,0,0
XLU STK SMART,20150327,120925,44.05,1,0,0,0,0,0
XLU STK SMART,20150327,120957,44.08,2,0,0,0,0,0
XLU STK SMART,20150327,121007,44.08,1,0,0,0,0,0
XLU STK SMART,20150327,121013,44.09,1,0,0,0,0,0
XLU STK SMART,20150327,121022,44.09,1,0,0,0,0,0
XLU STK SMART,20150327,121031,44.08,1,0,0,0,0,0
XLU STK SMART,20150327,121112,44.09,1,0,0,0,0,0
XLU STK SMART,20150327,121125,44.08,1,0,0,0,0,0
XLU STK SMART,20150327,121201,44.07,3,0,0,0,0,0
XLU STK SMART,20150327,121215,44.07,1,0,0,0,0,0
XLU STK SMART,20150327,121219,44.07,2,0,0,0,0,0
XLU STK SMART,20150327,121247,44.07,1,0,0,0,0,0
XLU STK SMART,20150327,121308,44.06,1,0,0,0,0,0
XLU STK SMART,20150327,121317,44.06,4,0,0,0,0,0
XLU STK SMART,20150327,121322,44.06,1,0,0,0,0,0
XLU STK SMART,20150327,121356,44.04,1,0,0,0,0,0
XLU STK SMART,20150327,121438,44.05,20,0,0,0,0,0
XLU STK SMART,20150327,121457,44.06,1,0,0,0,0,0
XLU STK SMART,20150327,121505,44.07,1,0,0,0,0,0
XLU STK SMART,20150327,121514,44.07,1,0,0,0,0,0
XLU STK SMART,20150327,121523,44.07,5,0,0,0,0,0
XLU STK SMART,20150327,121542,44.08,6,0,0,0,0,0
XLU STK SMART,20150327,121550,44.08,3,0,0,0,0,0
XLU STK SMART,20150327,121601,44.08,1,0,0,0,0,0
XLU STK SMART,20150327,121635,44.09,2,0,0,0,0,0
XLU STK SMART,20150327,121640,44.09,1,0,0,0,0,0
XLU STK SMART,20150327,121724,44.08,2,0,0,0,0,0
XLU STK SMART,20150327,121734,44.08,1,0,0,0,0,0
XLU STK SMART,20150327,121747,44.07,1,0,0,0,0,0
XLU STK SMART,20150327,121751,44.06,4,0,0,0,0,0
XLU STK SMART,20150327,121849,44.05,3,0,0,0,0,0
XLU STK SMART,20150327,121921,44.02,2,0,0,0,0,0
XLU STK SMART,20150327,121932,44.03,1,0,0,0,0,0
XLU STK SMART,20150327,122003,44.03,1,0,0,0,0,0
XLU STK SMART,20150327,122020,44.04,5,0,0,0,0,0
XLU STK SMART,20150327,122058,44.04,2,0,0,0,0,0
XLU STK SMART,20150327,122102,44.05,1,0,0,0,0,0
XLU STK SMART,20150327,122127,44.06,4,0,0,0,0,0
XLU STK SMART,20150327,122144,44.06,1,0,0,0,0,0
XLU STK SMART,20150327,122152,44.05,1,0,0,0,0,0
XLU STK SMART,20150327,122238,44.06,2,0,0,0,0,0
XLU STK SMART,20150327,122239,44.06,1,0,0,0,0,0
XLU STK SMART,20150327,122304,44.06,3,0,0,0,0,0
XLU STK SMART,20150327,122325,44.07,4,0,0,0,0,0
XLU STK SMART,20150327,122340,44.06,1,0,0,0,0,0
XLU STK SMART,20150327,122446,44.05,1,0,0,0,0,0
XLU STK SMART,20150327,122452,44.04,1,0,0,0,0,0
XLU STK SMART,20150327,122510,44.05,1,0,0,0,0,0
XLU STK SMART,20150327,122537,44.05,2,0,0,0,0,0
XLU STK SMART,20150327,122547,44.05,1,0,0,0,0,0
XLU STK SMART,20150327,122559,44.06,1,0,0,0,0,0
XLU STK SMART,20150327,122632,44.07,1,0,0,0,0,0
XLU STK SMART,20150327,122657,44.06,1,0,0,0,0,0
XLU STK SMART,20150327,122751,44.04,1,0,0,0,0,0
XLU STK SMART,20150327,122805,44.03,2,0,0,0,0,0
XLU STK SMART,20150327,122814,44.02,2,0,0,0,0,0
XLU STK SMART,20150327,122826,44.02,2,0,0,0,0,0
XLU STK SMART,20150327,122838,44.01,2,0,0,0,0,0
XLU STK SMART,20150327,122842,44.01,1,0,0,0,0,0
XLU STK SMART,20150327,122928,44,11,0,0,0,0,0
XLU STK SMART,20150327,122931,44.01,5,0,0,0,0,0
XLU STK SMART,20150327,122953,44.02,1,0,0,0,0,0
XLU STK SMART,20150327,123003,44.02,1,0,0,0,0,0
XLU STK SMART,20150327,123037,44.02,1,0,0,0,0,0
XLU STK SMART,20150327,123045,44.02,3,0,0,0,0,0
XLU STK SMART,20150327,123056,44.02,2,0,0,0,0,0
XLU STK SMART,20150327,123138,44.03,1,0,0,0,0,0
XLU STK SMART,20150327,123224,44.03,1,0,0,0,0,0
XLU STK SMART,20150327,123236,44.04,1,0,0,0,0,0
XLU STK SMART,20150327,123242,44.06,1,0,0,0,0,0
XLU STK SMART,20150327,123347,44.05,1,0,0,0,0,0
XLU STK SMART,20150327,123420,44.05,4,0,0,0,0,0
XLU STK SMART,20150327,123457,44.05,1,0,0,0,0,0
XLU STK SMART,20150327,123509,44.04,1,0,0,0,0,0
XLU STK SMART,20150327,123518,44.03,1,0,0,0,0,0
XLU STK SMART,20150327,123527,44.02,7,0,0,0,0,0
XLU STK SMART,20150327,123551,44.02,1,0,0,0,0,0
XLU STK SMART,20150327,123619,44.03,6,0,0,0,0,0
XLU STK SMART,20150327,123630,44.04,1,0,0,0,0,0
XLU STK SMART,20150327,123657,44.05,1,0,0,0,0,0
XLU STK SMART,20150327,123703,44.05,2,0,0,0,0,0
XLU STK SMART,20150327,123802,44.05,1,0,0,0,0,0
XLU STK SMART,20150327,123857,44.03,1,0,0,0,0,0
XLU STK SMART,20150327,123959,44.04,1,0,0,0,0,0
XLU STK SMART,20150327,124112,44.04,2,0,0,0,0,0
XLU STK SMART,20150327,124124,44.05,4,0,0,0,0,0
XLU STK SMART,20150327,124134,44.05,1,0,0,0,0,0
XLU STK SMART,20150327,124206,44.05,5,0,0,0,0,0
XLU STK SMART,20150327,124339,44.02,1,0,0,0,0,0
XLU STK SMART,20150327,124345,44.01,1,0,0,0,0,0
XLU STK SMART,20150327,124354,44.02,1,0,0,0,0,0
XLU STK SMART,20150327,124407,44.01,2,0,0,0,0,0
XLU STK SMART,20150327,124424,44,1,0,0,0,0,0
XLU STK SMART,20150327,124441,43.99,1,0,0,0,0,0
XLU STK SMART,20150327,124529,43.99,2,0,0,0,0,0
XLU STK SMART,20150327,124539,43.96,1,0,0,0,0,0
XLU STK SMART,20150327,124548,43.97,1,0,0,0,0,0
XLU STK SMART,20150327,124603,43.97,2,0,0,0,0,0
XLU STK SMART,20150327,124615,43.95,1,0,0,0,0,0
XLU STK SMART,20150327,124636,43.95,1,0,0,0,0,0
XLU STK SMART,20150327,124646,43.95,2,0,0,0,0,0
XLU STK SMART,20150327,124729,43.96,5,0,0,0,0,0
XLU STK SMART,20150327,124739,43.95,1,0,0,0,0,0
XLU STK SMART,20150327,124740,43.95,1,0,0,0,0,0
XLU STK SMART,20150327,124756,43.96,2,0,0,0,0,0
XLU STK SMART,20150327,124809,43.95,26,0,0,0,0,0
XLU STK SMART,20150327,124859,43.95,4,0,0,0,0,0
XLU STK SMART,20150327,124909,43.95,9,0,0,0,0,0
XLU STK SMART,20150327,125015,43.96,1,0,0,0,0,0
XLU STK SMART,20150327,125024,43.97,2,0,0,0,0,0
XLU STK SMART,20150327,125116,43.98,3,0,0,0,0,0
XLU STK SMART,20150327,125148,43.98,1,0,0,0,0,0
XLU STK SMART,20150327,125308,43.99,1,0,0,0,0,0
XLU STK SMART,20150327,125335,44,2,0,0,0,0,0
XLU STK SMART,20150327,125344,44,2,0,0,0,0,0
XLU STK SMART,20150327,125356,44.01,1,0,0,0,0,0
XLU STK SMART,20150327,125403,44.02,2,0,0,0,0,0
XLU STK SMART,20150327,125445,44.01,1,0,0,0,0,0
XLU STK SMART,20150327,125520,44,1,0,0,0,0,0
XLU STK SMART,20150327,125538,43.99,3,0,0,0,0,0
XLU STK SMART,20150327,125553,43.98,1,0,0,0,0,0
XLU STK SMART,20150327,125614,43.97,1,0,0,0,0,0
XLU STK SMART,20150327,125650,43.97,4,0,0,0,0,0
XLU STK SMART,20150327,125652,43.98,1,0,0,0,0,0
XLU STK SMART,20150327,125702,43.99,7,0,0,0,0,0
XLU STK SMART,20150327,125729,43.99,1,0,0,0,0,0
XLU STK SMART,20150327,125824,44,1,0,0,0,0,0
XLU STK SMART,20150327,125904,44.02,1,0,0,0,0,0
XLU STK SMART,20150327,125919,44.02,1,0,0,0,0,0
XLU STK SMART,20150327,125950,44.04,1,0,0,0,0,0
XLU STK SMART,20150327,125952,44.03,4,0,0,0,0,0
XLU STK SMART,20150327,130016,44.03,1,0,0,0,0,0
XLU STK SMART,20150327,130030,44.04,1,0,0,0,0,0
XLU STK SMART,20150327,130035,44.03,1,0,0,0,0,0
XLU STK SMART,20150327,130057,44.02,1,0,0,0,0,0
XLU STK SMART,20150327,130110,44.01,5,0,0,0,0,0
XLU STK SMART,20150327,130111,44.01,1,0,0,0,0,0
XLU STK SMART,20150327,130230,43.99,21,0,0,0,0,0
XLU STK SMART,20150327,130231,43.98,8,0,0,0,0,0
XLU STK SMART,20150327,130242,43.99,1,0,0,0,0,0
XLU STK SMART,20150327,130335,43.98,1,0,0,0,0,0
XLU STK SMART,20150327,130444,44,1,0,0,0,0,0
XLU STK SMART,20150327,130514,43.99,1,0,0,0,0,0
XLU STK SMART,20150327,130526,43.98,2,0,0,0,0,0
XLU STK SMART,20150327,130542,43.97,3,0,0,0,0,0
XLU STK SMART,20150327,130615,43.96,1,0,0,0,0,0
XLU STK SMART,20150327,130710,43.95,1,0,0,0,0,0
XLU STK SMART,20150327,130719,43.95,2,0,0,0,0,0
XLU STK SMART,20150327,130758,43.94,2,0,0,0,0,0
XLU STK SMART,20150327,130804,43.93,1,0,0,0,0,0
XLU STK SMART,20150327,130813,43.93,1,0,0,0,0,0
XLU STK SMART,20150327,130837,43.93,1,0,0,0,0,0
XLU STK SMART,20150327,130910,43.93,2,0,0,0,0,0
XLU STK SMART,20150327,130947,43.94,21,0,0,0,0,0
XLU STK SMART,20150327,131000,43.94,2,0,0,0,0,0
XLU STK SMART,20150327,131003,43.94,1,0,0,0,0,0
XLU STK SMART,20150327,131116,43.94,4,0,0,0,0,0
XLU STK SMART,20150327,131125,43.93,3,0,0,0,0,0
XLU STK SMART,20150327,131133,43.93,7,0,0,0,0,0
XLU STK SMART,20150327,131202,43.93,1,0,0,0,0,0
XLU STK SMART,20150327,131239,43.93,1,0,0,0,0,0
XLU STK SMART,20150327,131314,43.93,1,0,0,0,0,0
XLU STK SMART,20150327,131330,43.92,1,0,0,0,0,0
XLU STK SMART,20150327,131338,43.91,2,0,0,0,0,0
XLU STK SMART,20150327,131358,43.9,3,0,0,0,0,0
XLU STK SMART,20150327,131449,43.9,3,0,0,0,0,0
XLU STK SMART,20150327,131458,43.9,1,0,0,0,0,0
XLU STK SMART,20150327,131550,43.91,2,0,0,0,0,0
XLU STK SMART,20150327,131558,43.92,1,0,0,0,0,0
XLU STK SMART,20150327,131638,43.92,1,0,0,0,0,0
XLU STK SMART,20150327,131646,43.92,2,0,0,0,0,0
XLU STK SMART,20150327,131714,43.92,3,0,0,0,0,0
XLU STK SMART,20150327,131725,43.91,1,0,0,0,0,0
XLU STK SMART,20150327,131804,43.91,3,0,0,0,0,0
XLU STK SMART,20150327,131828,43.92,1,0,0,0,0,0
XLU STK SMART,20150327,131839,43.93,1,0,0,0,0,0
XLU STK SMART,20150327,131900,43.91,1,0,0,0,0,0
XLU STK SMART,20150327,131924,43.92,1,0,0,0,0,0
XLU STK SMART,20150327,132018,43.94,1,0,0,0,0,0
XLU STK SMART,20150327,132120,43.94,2,0,0,0,0,0
XLU STK SMART,20150327,132147,43.95,1,0,0,0,0,0
XLU STK SMART,20150327,132154,43.95,2,0,0,0,0,0
XLU STK SMART,20150327,132215,43.94,1,0,0,0,0,0
XLU STK SMART,20150327,132246,43.92,1,0,0,0,0,0
XLU STK SMART,20150327,132259,43.92,1,0,0,0,0,0
XLU STK SMART,20150327,132304,43.93,1,0,0,0,0,0
XLU STK SMART,20150327,132337,43.94,2,0,0,0,0,0
XLU STK SMART,20150327,132407,43.95,4,0,0,0,0,0
XLU STK SMART,20150327,132449,43.94,1,0,0,0,0,0
XLU STK SMART,20150327,132529,43.93,1,0,0,0,0,0
XLU STK SMART,20150327,132536,43.93,1,0,0,0,0,0
XLU STK SMART,20150327,132628,43.93,2,0,0,0,0,0
XLU STK SMART,20150327,132647,43.95,1,0,0,0,0,0
XLU STK SMART,20150327,132657,43.95,4,0,0,0,0,0
XLU STK SMART,20150327,132817,43.94,1,0,0,0,0,0
XLU STK SMART,20150327,132900,43.93,2,0,0,0,0,0
XLU STK SMART,20150327,132904,43.93,1,0,0,0,0,0
XLU STK SMART,20150327,132926,43.92,1,0,0,0,0,0
XLU STK SMART,20150327,132949,43.91,3,0,0,0,0,0
XLU STK SMART,20150327,132957,43.89,1,0,0,0,0,0
XLU STK SMART,20150327,133011,43.9,1,0,0,0,0,0
XLU STK SMART,20150327,133013,43.91,1,0,0,0,0,0
XLU STK SMART,20150327,133125,43.91,1,0,0,0,0,0
XLU STK SMART,20150327,133148,43.92,1,0,0,0,0,0
XLU STK SMART,20150327,133256,43.91,1,0,0,0,0,0
XLU STK SMART,20150327,133313,43.91,3,0,0,0,0,0
XLU STK SMART,20150327,133353,43.91,1,0,0,0,0,0
XLU STK SMART,20150327,133421,43.93,3,0,0,0,0,0
XLU STK SMART,20150327,133451,43.95,21,0,0,0,0,0
XLU STK SMART,20150327,133501,43.96,2,0,0,0,0,0
XLU STK SMART,20150327,133504,43.96,1,0,0,0,0,0
XLU STK SMART,20150327,133526,43.97,1,0,0,0,0,0
XLU STK SMART,20150327,133535,43.97,2,0,0,0,0,0
XLU STK SMART,20150327,133555,43.96,1,0,0,0,0,0
XLU STK SMART,20150327,133624,43.95,1,0,0,0,0,0
XLU STK SMART,20150327,133655,43.95,2,0,0,0,0,0
XLU STK SMART,20150327,133728,43.95,1,0,0,0,0,0
XLU STK SMART,20150327,133830,43.93,1,0,0,0,0,0
XLU STK SMART,20150327,133848,43.92,2,0,0,0,0,0
XLU STK SMART,20150327,133856,43.93,1,0,0,0,0,0
XLU STK SMART,20150327,134127,43.92,1,0,0,0,0,0
XLU STK SMART,20150327,134148,43.93,1,0,0,0,0,0
XLU STK SMART,20150327,134201,43.94,10,0,0,0,0,0
XLU STK SMART,20150327,134210,43.95,1,0,0,0,0,0
XLU STK SMART,20150327,134259,43.96,1,0,0,0,0,0
XLU STK SMART,20150327,134341,43.94,2,0,0,0,0,0
XLU STK SMART,20150327,134408,43.93,1,0,0,0,0,0
XLU STK SMART,20150327,134429,43.92,1,0,0,0,0,0
XLU STK SMART,20150327,134658,43.91,1,0,0,0,0,0
XLU STK SMART,20150327,134710,43.9,1,0,0,0,0,0
XLU STK SMART,20150327,134815,43.91,1,0,0,0,0,0
XLU STK SMART,20150327,135007,43.91,1,0,0,0,0,0
XLU STK SMART,20150327,135116,43.91,1,0,0,0,0,0
XLU STK SMART,20150327,135216,43.92,1,0,0,0,0,0
XLU STK SMART,20150327,135242,43.92,1,0,0,0,0,0
XLU STK SMART,20150327,135246,43.93,1,0,0,0,0,0
XLU STK SMART,20150327,135318,43.92,1,0,0,0,0,0
XLU STK SMART,20150327,135326,43.93,1,0,0,0,0,0
XLU STK SMART,20150327,135352,43.92,4,0,0,0,0,0
XLU STK SMART,20150327,135355,43.92,1,0,0,0,0,0
XLU STK SMART,20150327,135431,43.91,1,0,0,0,0,0
XLU STK SMART,20150327,135442,43.91,2,0,0,0,0,0
XLU STK SMART,20150327,135514,43.9,1,0,0,0,0,0
XLU STK SMART,20150327,135533,43.89,2,0,0,0,0,0
XLU STK SMART,20150327,135543,43.9,10,0,0,0,0,0
XLU STK SMART,20150327,135548,43.92,1,0,0,0,0,0
XLU STK SMART,20150327,135626,43.91,1,0,0,0,0,0
XLU STK SMART,20150327,135639,43.9,1,0,0,0,0,0
XLU STK SMART,20150327,135644,43.89,1,0,0,0,0,0
XLU STK SMART,20150327,135708,43.9,3,0,0,0,0,0
XLU STK SMART,20150327,135731,43.9,1,0,0,0,0,0
XLU STK SMART,20150327,135752,43.92,2,0,0,0,0,0
XLU STK SMART,20150327,135849,43.92,1,0,0,0,0,0
XLU STK SMART,20150327,135939,43.92,2,0,0,0,0,0
XLU STK SMART,20150327,135953,43.92,2,0,0,0,0,0
XLU STK SMART,20150327,140012,43.93,2,0,0,0,0,0
XLU STK SMART,20150327,140021,43.92,1,0,0,0,0,0
XLU STK SMART,20150327,140028,43.92,1,0,0,0,0,0
XLU STK SMART,20150327,140045,43.93,1,0,0,0,0,0
XLU STK SMART,20150327,140103,43.93,1,0,0,0,0,0
XLU STK SMART,20150327,140122,43.95,3,0,0,0,0,0
XLU STK SMART,20150327,140201,43.94,2,0,0,0,0,0
XLU STK SMART,20150327,140213,43.94,1,0,0,0,0,0
XLU STK SMART,20150327,140226,43.93,1,0,0,0,0,0
XLU STK SMART,20150327,140238,43.94,2,0,0,0,0,0
XLU STK SMART,20150327,140302,43.94,3,0,0,0,0,0
XLU STK SMART,20150327,140337,43.94,1,0,0,0,0,0
XLU STK SMART,20150327,140443,43.93,1,0,0,0,0,0
XLU STK SMART,20150327,140459,43.92,1,0,0,0,0,0
XLU STK SMART,20150327,140623,43.91,1,0,0,0,0,0
XLU STK SMART,20150327,140626,43.91,1,0,0,0,0,0
XLU STK SMART,20150327,140729,43.91,2,0,0,0,0,0
XLU STK SMART,20150327,140737,43.91,1,0,0,0,0,0
XLU STK SMART,20150327,140857,43.91,1,0,0,0,0,0
XLU STK SMART,20150327,140906,43.91,4,0,0,0,0,0
XLU STK SMART,20150327,140933,43.9,1,0,0,0,0,0
XLU STK SMART,20150327,140934,43.9,2,0,0,0,0,0
XLU STK SMART,20150327,141000,43.9,1,0,0,0,0,0
XLU STK SMART,20150327,141020,43.9,1,0,0,0,0,0
XLU STK SMART,20150327,141043,43.91,2,0,0,0,0,0
XLU STK SMART,20150327,141111,43.92,1,0,0,0,0,0
XLU STK SMART,20150327,141154,43.92,2,0,0,0,0,0
XLU STK SMART,20150327,141210,43.92,1,0,0,0,0,0
XLU STK SMART,20150327,141219,43.92,1,0,0,0,0,0
XLU STK SMART,20150327,141330,43.92,1,0,0,0,0,0
XLU STK SMART,20150327,141346,43.92,4,0,0,0,0,0
XLU STK SMART,20150327,141412,43.91,1,0,0,0,0,0
XLU STK SMART,20150327,141420,43.91,5,0,0,0,0,0
XLU STK SMART,20150327,141452,43.9,8,0,0,0,0,0
XLU STK SMART,20150327,141524,43.9,4,0,0,0,0,0
XLU STK SMART,20150327,141524,43.9,1,0,0,0,0,0
XLU STK SMART,20150327,141601,43.89,3,0,0,0,0,0
XLU STK SMART,20150327,141613,43.89,2,0,0,0,0,0
XLU STK SMART,20150327,141616,43.89,3,0,0,0,0,0
XLU STK SMART,20150327,141633,43.88,1,0,0,0,0,0
XLU STK SMART,20150327,141635,43.87,1,0,0,0,0,0
XLU STK SMART,20150327,141652,43.87,7,0,0,0,0,0
XLU STK SMART,20150327,141703,43.87,1,0,0,0,0,0
XLU STK SMART,20150327,141738,43.86,1,0,0,0,0,0
XLU STK SMART,20150327,141814,43.84,1,0,0,0,0,0
XLU STK SMART,20150327,141818,43.84,6,0,0,0,0,0
XLU STK SMART,20150327,141830,43.84,1,0,0,0,0,0
XLU STK SMART,20150327,141923,43.84,2,0,0,0,0,0
XLU STK SMART,20150327,141931,43.84,1,0,0,0,0,0
XLU STK SMART,20150327,141944,43.84,2,0,0,0,0,0
XLU STK SMART,20150327,141949,43.83,1,0,0,0,0,0
XLU STK SMART,20150327,142010,43.82,1,0,0,0,0,0
XLU STK SMART,20150327,142024,43.81,1,0,0,0,0,0
XLU STK SMART,20150327,142032,43.81,1,0,0,0,0,0
XLU STK SMART,20150327,142043,43.81,2,0,0,0,0,0
XLU STK SMART,20150327,142047,43.81,1,0,0,0,0,0
XLU STK SMART,20150327,142144,43.79,2,0,0,0,0,0
XLU STK SMART,20150327,142156,43.8,1,0,0,0,0,0
XLU STK SMART,20150327,142209,43.81,3,0,0,0,0,0
XLU STK SMART,20150327,142219,43.82,7,0,0,0,0,0
XLU STK SMART,20150327,142243,43.83,1,0,0,0,0,0
XLU STK SMART,20150327,142311,43.84,1,0,0,0,0,0
XLU STK SMART,20150327,142321,43.87,1,0,0,0,0,0
XLU STK SMART,20150327,142353,43.87,1,0,0,0,0,0
XLU STK SMART,20150327,142408,43.87,1,0,0,0,0,0
XLU STK SMART,20150327,142500,43.85,1,0,0,0,0,0
XLU STK SMART,20150327,142512,43.86,2,0,0,0,0,0
XLU STK SMART,20150327,142520,43.86,1,0,0,0,0,0
XLU STK SMART,20150327,142528,43.85,1,0,0,0,0,0
XLU STK SMART,20150327,142643,43.85,3,0,0,0,0,0
XLU STK SMART,20150327,142646,43.85,1,0,0,0,0,0
XLU STK SMART,20150327,142703,43.83,1,0,0,0,0,0
XLU STK SMART,20150327,142713,43.83,1,0,0,0,0,0
XLU STK SMART,20150327,142744,43.82,1,0,0,0,0,0
XLU STK SMART,20150327,142759,43.82,2,0,0,0,0,0
XLU STK SMART,20150327,142821,43.81,2,0,0,0,0,0
XLU STK SMART,20150327,142842,43.82,1,0,0,0,0,0
XLU STK SMART,20150327,142852,43.82,3,0,0,0,0,0
XLU STK SMART,20150327,142856,43.82,2,0,0,0,0,0
XLU STK SMART,20150327,142918,43.82,10,0,0,0,0,0
XLU STK SMART,20150327,142928,43.82,2,0,0,0,0,0
XLU STK SMART,20150327,142941,43.81,4,0,0,0,0,0
XLU STK SMART,20150327,142948,43.82,3,0,0,0,0,0
XLU STK SMART,20150327,143002,43.82,1,0,0,0,0,0
XLU STK SMART,20150327,143019,43.83,6,0,0,0,0,0
XLU STK SMART,20150327,143029,43.84,4,0,0,0,0,0
XLU STK SMART,20150327,143039,43.83,1,0,0,0,0,0
XLU STK SMART,20150327,143206,43.83,1,0,0,0,0,0
XLU STK SMART,20150327,143218,43.83,2,0,0,0,0,0
XLU STK SMART,20150327,143229,43.83,1,0,0,0,0,0
XLU STK SMART,20150327,143251,43.83,1,0,0,0,0,0
XLU STK SMART,20150327,143257,43.83,3,0,0,0,0,0
XLU STK SMART,20150327,143313,43.83,1,0,0,0,0,0
XLU STK SMART,20150327,143329,43.84,1,0,0,0,0,0
XLU STK SMART,20150327,143338,43.85,2,0,0,0,0,0
XLU STK SMART,20150327,143351,43.84,1,0,0,0,0,0
XLU STK SMART,20150327,143356,43.84,1,0,0,0,0,0
XLU STK SMART,20150327,143452,43.83,1,0,0,0,0,0
XLU STK SMART,20150327,143502,43.83,1,0,0,0,0,0
XLU STK SMART,20150327,143518,43.82,1,0,0,0,0,0
XLU STK SMART,20150327,143528,43.83,2,0,0,0,0,0
XLU STK SMART,20150327,143553,43.83,1,0,0,0,0,0
XLU STK SMART,20150327,143607,43.83,4,0,0,0,0,0
XLU STK SMART,20150327,143631,43.83,1,0,0,0,0,0
XLU STK SMART,20150327,143802,43.82,2,0,0,0,0,0
XLU STK SMART,20150327,143820,43.81,1,0,0,0,0,0
XLU STK SMART,20150327,143839,43.81,1,0,0,0,0,0
XLU STK SMART,20150327,143852,43.81,1,0,0,0,0,0
XLU STK SMART,20150327,143904,43.81,1,0,0,0,0,0
XLU STK SMART,20150327,143935,43.81,1,0,0,0,0,0
XLU STK SMART,20150327,143945,43.81,2,0,0,0,0,0
XLU STK SMART,20150327,144032,43.81,2,0,0,0,0,0
XLU STK SMART,20150327,144039,43.8,1,0,0,0,0,0
XLU STK SMART,20150327,144103,43.8,1,0,0,0,0,0
XLU STK SMART,20150327,144106,43.79,1,0,0,0,0,0
XLU STK SMART,20150327,144118,43.8,1,0,0,0,0,0
XLU STK SMART,20150327,144209,43.8,1,0,0,0,0,0
XLU STK SMART,20150327,144215,43.81,1,0,0,0,0,0
XLU STK SMART,20150327,144231,43.8,4,0,0,0,0,0
XLU STK SMART,20150327,144256,43.8,1,0,0,0,0,0
XLU STK SMART,20150327,144323,43.8,1,0,0,0,0,0
XLU STK SMART,20150327,144337,43.8,1,0,0,0,0,0
XLU STK SMART,20150327,144405,43.79,1,0,0,0,0,0
XLU STK SMART,20150327,144408,43.8,1,0,0,0,0,0
XLU STK SMART,20150327,144521,43.81,10,0,0,0,0,0
XLU STK SMART,20150327,144527,43.81,1,0,0,0,0,0
XLU STK SMART,20150327,144602,43.8,1,0,0,0,0,0
XLU STK SMART,20150327,144704,43.81,2,0,0,0,0,0
XLU STK SMART,20150327,144724,43.81,1,0,0,0,0,0
XLU STK SMART,20150327,144803,43.82,1,0,0,0,0,0
XLU STK SMART,20150327,144822,43.81,8,0,0,0,0,0
XLU STK SMART,20150327,144830,43.8,1,0,0,0,0,0
XLU STK SMART,20150327,144912,43.81,2,0,0,0,0,0
XLU STK SMART,20150327,144949,43.82,1,0,0,0,0,0
XLU STK SMART,20150327,144958,43.83,1,0,0,0,0,0
XLU STK SMART,20150327,145021,43.83,6,0,0,0,0,0
XLU STK SMART,20150327,145033,43.85,1,0,0,0,0,0
XLU STK SMART,20150327,145041,43.86,1,0,0,0,0,0
XLU STK SMART,20150327,145053,43.85,1,0,0,0,0,0
XLU STK SMART,20150327,145145,43.86,2,0,0,0,0,0
XLU STK SMART,20150327,145149,43.86,2,0,0,0,0,0
XLU STK SMART,20150327,145202,43.86,7,0,0,0,0,0
XLU STK SMART,20150327,145210,43.85,1,0,0,0,0,0
XLU STK SMART,20150327,145221,43.85,2,0,0,0,0,0
XLU STK SMART,20150327,145235,43.86,1,0,0,0,0,0
XLU STK SMART,20150327,145325,43.86,9,0,0,0,0,0
XLU STK SMART,20150327,145328,43.87,1,0,0,0,0,0
XLU STK SMART,20150327,145412,43.87,1,0,0,0,0,0
XLU STK SMART,20150327,145434,43.89,6,0,0,0,0,0
XLU STK SMART,20150327,145437,43.89,1,0,0,0,0,0
XLU STK SMART,20150327,145449,43.89,2,0,0,0,0,0
XLU STK SMART,20150327,145505,43.88,1,0,0,0,0,0
XLU STK SMART,20150327,145507,43.88,2,0,0,0,0,0
XLU STK SMART,20150327,145555,43.87,1,0,0,0,0,0
XLU STK SMART,20150327,145557,43.87,1,0,0,0,0,0
XLU STK SMART,20150327,145623,43.86,1,0,0,0,0,0
XLU STK SMART,20150327,145638,43.87,4,0,0,0,0,0
XLU STK SMART,20150327,145709,43.87,1,0,0,0,0,0
XLU STK SMART,20150327,145812,43.87,1,0,0,0,0,0
XLU STK SMART,20150327,145834,43.88,1,0,0,0,0,0
XLU STK SMART,20150327,145900,43.88,1,0,0,0,0,0
XLU STK SMART,20150327,145945,43.89,1,0,0,0,0,0
XLU STK SMART,20150327,150011,43.9,4,0,0,0,0,0
XLU STK SMART,20150327,150024,43.91,1,0,0,0,0,0
XLU STK SMART,20150327,150107,43.9,1,0,0,0,0,0
XLU STK SMART,20150327,150306,43.91,1,0,0,0,0,0
XLU STK SMART,20150327,150315,43.91,1,0,0,0,0,0
XLU STK SMART,20150327,150341,43.92,1,0,0,0,0,0
XLU STK SMART,20150327,150347,43.92,3,0,0,0,0,0
XLU STK SMART,20150327,150403,43.93,1,0,0,0,0,0
XLU STK SMART,20150327,150446,43.93,2,0,0,0,0,0
XLU STK SMART,20150327,150456,43.94,1,0,0,0,0,0
XLU STK SMART,20150327,150532,43.94,1,0,0,0,0,0
XLU STK SMART,20150327,150553,43.95,1,0,0,0,0,0
XLU STK SMART,20150327,150622,43.95,1,0,0,0,0,0
XLU STK SMART,20150327,150647,43.94,1,0,0,0,0,0
XLU STK SMART,20150327,150656,43.94,1,0,0,0,0,0
XLU STK SMART,20150327,150714,43.93,1,0,0,0,0,0
XLU STK SMART,20150327,150725,43.92,9,0,0,0,0,0
XLU STK SMART,20150327,150728,43.92,1,0,0,0,0,0
XLU STK SMART,20150327,150740,43.91,3,0,0,0,0,0
XLU STK SMART,20150327,150748,43.91,1,0,0,0,0,0
XLU STK SMART,20150327,150758,43.91,4,0,0,0,0,0
XLU STK SMART,20150327,150816,43.91,1,0,0,0,0,0
XLU STK SMART,20150327,150836,43.9,1,0,0,0,0,0
XLU STK SMART,20150327,150854,43.91,1,0,0,0,0,0
XLU STK SMART,20150327,150909,43.91,2,0,0,0,0,0
XLU STK SMART,20150327,150952,43.9,1,0,0,0,0,0
XLU STK SMART,20150327,151014,43.9,3,0,0,0,0,0
XLU STK SMART,20150327,151020,43.9,1,0,0,0,0,0
XLU STK SMART,20150327,151045,43.9,1,0,0,0,0,0
XLU STK SMART,20150327,151100,43.89,1,0,0,0,0,0
XLU STK SMART,20150327,151121,43.9,3,0,0,0,0,0
XLU STK SMART,20150327,151135,43.88,1,0,0,0,0,0
XLU STK SMART,20150327,151142,43.88,1,0,0,0,0,0
XLU STK SMART,20150327,151151,43.87,3,0,0,0,0,0
XLU STK SMART,20150327,151232,43.87,2,0,0,0,0,0
XLU STK SMART,20150327,151251,43.88,1,0,0,0,0,0
XLU STK SMART,20150327,151357,43.88,4,0,0,0,0,0
XLU STK SMART,20150327,151359,43.88,1,0,0,0,0,0
XLU STK SMART,20150327,151458,43.87,1,0,0,0,0,0
XLU STK SMART,20150327,151556,43.85,1,0,0,0,0,0
XLU STK SMART,20150327,151603,43.84,1,0,0,0,0,0
XLU STK SMART,20150327,151633,43.84,2,0,0,0,0,0
XLU STK SMART,20150327,151650,43.84,1,0,0,0,0,0
XLU STK SMART,20150327,151705,43.83,4,0,0,0,0,0
XLU STK SMART,20150327,151708,43.83,1,0,0,0,0,0
XLU STK SMART,20150327,151733,43.82,1,0,0,0,0,0
XLU STK SMART,20150327,151801,43.82,6,0,0,0,0,0
XLU STK SMART,20150327,151842,43.83,2,0,0,0,0,0
XLU STK SMART,20150327,151849,43.82,1,0,0,0,0,0
XLU STK SMART,20150327,151913,43.81,1,0,0,0,0,0
XLU STK SMART,20150327,151921,43.82,1,0,0,0,0,0
XLU STK SMART,20150327,151956,43.81,1,0,0,0,0,0
XLU STK SMART,20150327,152057,43.81,1,0,0,0,0,0
XLU STK SMART,20150327,152059,43.81,5,0,0,0,0,0
XLU STK SMART,20150327,152108,43.81,2,0,0,0,0,0
XLU STK SMART,20150327,152123,43.81,1,0,0,0,0,0
XLU STK SMART,20150327,152136,43.83,6,0,0,0,0,0
XLU STK SMART,20150327,152139,43.83,1,0,0,0,0,0
XLU STK SMART,20150327,152156,43.84,2,0,0,0,0,0
XLU STK SMART,20150327,152206,43.85,2,0,0,0,0,0
XLU STK SMART,20150327,152235,43.85,2,0,0,0,0,0
XLU STK SMART,20150327,152243,43.85,1,0,0,0,0,0
XLU STK SMART,20150327,152307,43.85,2,0,0,0,0,0
XLU STK SMART,20150327,152308,43.85,6,0,0,0,0,0
XLU STK SMART,20150327,152324,43.85,1,0,0,0,0,0
XLU STK SMART,20150327,152337,43.86,1,0,0,0,0,0
XLU STK SMART,20150327,152338,43.86,7,0,0,0,0,0
XLU STK SMART,20150327,152411,43.85,1,0,0,0,0,0
XLU STK SMART,20150327,152437,43.85,2,0,0,0,0,0
XLU STK SMART,20150327,152438,43.85,1,0,0,0,0,0
XLU STK SMART,20150327,152547,43.84,1,0,0,0,0,0
XLU STK SMART,20150327,152550,43.85,1,0,0,0,0,0
XLU STK SMART,20150327,152606,43.86,3,0,0,0,0,0
XLU STK SMART,20150327,152614,43.86,1,0,0,0,0,0
XLU STK SMART,20150327,152705,43.86,4,0,0,0,0,0
XLU STK SMART,20150327,152717,43.85,7,0,0,0,0,0
XLU STK SMART,20150327,152718,43.85,1,0,0,0,0,0
XLU STK SMART,20150327,152747,43.86,1,0,0,0,0,0
XLU STK SMART,20150327,152936,43.86,2,0,0,0,0,0
XLU STK SMART,20150327,152946,43.87,1,0,0,0,0,0
XLU STK SMART,20150327,153000,43.87,3,0,0,0,0,0
XLU STK SMART,20150327,153047,43.88,2,0,0,0,0,0
XLU STK SMART,20150327,153055,43.88,1,0,0,0,0,0
XLU STK SMART,20150327,153103,43.88,1,0,0,0,0,0
XLU STK SMART,20150327,153135,43.89,1,0,0,0,0,0
XLU STK SMART,20150327,153227,43.89,1,0,0,0,0,0
XLU STK SMART,20150327,153238,43.9,1,0,0,0,0,0
XLU STK SMART,20150327,153246,43.9,1,0,0,0,0,0
XLU STK SMART,20150327,153257,43.9,2,0,0,0,0,0
XLU STK SMART,20150327,153318,43.92,1,0,0,0,0,0
XLU STK SMART,20150327,153320,43.92,1,0,0,0,0,0
XLU STK SMART,20150327,153335,43.91,1,0,0,0,0,0
XLU STK SMART,20150327,153343,43.91,1,0,0,0,0,0
XLU STK SMART,20150327,153358,43.91,1,0,0,0,0,0
XLU STK SMART,20150327,153418,43.9,10,0,0,0,0,0
XLU STK SMART,20150327,153423,43.91,3,0,0,0,0,0
XLU STK SMART,20150327,153443,43.91,1,0,0,0,0,0
XLU STK SMART,20150327,153458,43.92,2,0,0,0,0,0
XLU STK SMART,20150327,153458,43.92,1,0,0,0,0,0
XLU STK SMART,20150327,153528,43.92,1,0,0,0,0,0
XLU STK SMART,20150327,153536,43.91,3,0,0,0,0,0
XLU STK SMART,20150327,153547,43.91,1,0,0,0,0,0
XLU STK SMART,20150327,153608,43.9,1,0,0,0,0,0
XLU STK SMART,20150327,153612,43.89,1,0,0,0,0,0
XLU STK SMART,20150327,153623,43.88,1,0,0,0,0,0
XLU STK SMART,20150327,153637,43.9,1,0,0,0,0,0
XLU STK SMART,20150327,153648,43.89,1,0,0,0,0,0
XLU STK SMART,20150327,153649,43.9,1,0,0,0,0,0
XLU STK SMART,20150327,153659,43.89,1,0,0,0,0,0
XLU STK SMART,20150327,153738,43.9,3,0,0,0,0,0
XLU STK SMART,20150327,153747,43.9,2,0,0,0,0,0
XLU STK SMART,20150327,153807,43.9,1,0,0,0,0,0
XLU STK SMART,20150327,153817,43.92,1,0,0,0,0,0
XLU STK SMART,20150327,153826,43.93,1,0,0,0,0,0
XLU STK SMART,20150327,153847,43.91,1,0,0,0,0,0
XLU STK SMART,20150327,153858,43.89,1,0,0,0,0,0
XLU STK SMART,20150327,153901,43.89,1,0,0,0,0,0
XLU STK SMART,20150327,153917,43.91,1,0,0,0,0,0
XLU STK SMART,20150327,153922,43.91,1,0,0,0,0,0
XLU STK SMART,20150327,153945,43.89,1,0,0,0,0,0
XLU STK SMART,20150327,153950,43.9,1,0,0,0,0,0
XLU STK SMART,20150327,153959,43.9,1,0,0,0,0,0
XLU STK SMART,20150327,154047,43.89,1,0,0,0,0,0
XLU STK SMART,20150327,154057,43.87,1,0,0,0,0,0
XLU STK SMART,20150327,154104,43.88,1,0,0,0,0,0
XLU STK SMART,20150327,154118,43.88,2,0,0,0,0,0
XLU STK SMART,20150327,154126,43.88,8,0,0,0,0,0
XLU STK SMART,20150327,154132,43.89,1,0,0,0,0,0
XLU STK SMART,20150327,154156,43.88,1,0,0,0,0,0
XLU STK SMART,20150327,154211,43.89,1,0,0,0,0,0
XLU STK SMART,20150327,154244,43.89,1,0,0,0,0,0
XLU STK SMART,20150327,154256,43.88,1,0,0,0,0,0
XLU STK SMART,20150327,154302,43.88,2,0,0,0,0,0
XLU STK SMART,20150327,154326,43.88,1,0,0,0,0,0
XLU STK SMART,20150327,154332,43.88,3,0,0,0,0,0
XLU STK SMART,20150327,154348,43.88,1,0,0,0,0,0
XLU STK SMART,20150327,154354,43.88,9,0,0,0,0,0
XLU STK SMART,20150327,154406,43.9,3,0,0,0,0,0
XLU STK SMART,20150327,154414,43.88,2,0,0,0,0,0
XLU STK SMART,20150327,154426,43.88,2,0,0,0,0,0
XLU STK SMART,20150327,154448,43.88,1,0,0,0,0,0
XLU STK SMART,20150327,154458,43.87,3,0,0,0,0,0
XLU STK SMART,20150327,154507,43.84,1,0,0,0,0,0
XLU STK SMART,20150327,154516,43.86,3,0,0,0,0,0
XLU STK SMART,20150327,154528,43.86,1,0,0,0,0,0
XLU STK SMART,20150327,154538,43.84,1,0,0,0,0,0
XLU STK SMART,20150327,154542,43.85,1,0,0,0,0,0
XLU STK SMART,20150327,154557,43.87,1,0,0,0,0,0
XLU STK SMART,20150327,154603,43.87,1,0,0,0,0,0
XLU STK SMART,20150327,154627,43.88,2,0,0,0,0,0
XLU STK SMART,20150327,154638,43.88,35,0,0,0,0,0
XLU STK SMART,20150327,154645,43.88,2,0,0,0,0,0
XLU STK SMART,20150327,154657,43.87,1,0,0,0,0,0
XLU STK SMART,20150327,154718,43.87,2,0,0,0,0,0
XLU STK SMART,20150327,154726,43.86,1,0,0,0,0,0
XLU STK SMART,20150327,154747,43.86,4,0,0,0,0,0
XLU STK SMART,20150327,154804,43.86,3,0,0,0,0,0
XLU STK SMART,20150327,154815,43.85,1,0,0,0,0,0
XLU STK SMART,20150327,154830,43.84,4,0,0,0,0,0
XLU STK SMART,20150327,154848,43.84,1,0,0,0,0,0
XLU STK SMART,20150327,154859,43.85,3,0,0,0,0,0
XLU STK SMART,20150327,154908,43.85,1,0,0,0,0,0
XLU STK SMART,20150327,154915,43.83,1,0,0,0,0,0
XLU STK SMART,20150327,154927,43.85,1,0,0,0,0,0
XLU STK SMART,20150327,154932,43.85,1,0,0,0,0,0
XLU STK SMART,20150327,154958,43.86,3,0,0,0,0,0
XLU STK SMART,20150327,155004,43.87,1,0,0,0,0,0
XLU STK SMART,20150327,155026,43.88,1,0,0,0,0,0
XLU STK SMART,20150327,155059,43.88,4,0,0,0,0,0
XLU STK SMART,20150327,155119,43.88,5,0,0,0,0,0
XLU STK SMART,20150327,155119,43.88,1,0,0,0,0,0
XLU STK SMART,20150327,155139,43.88,4,0,0,0,0,0
XLU STK SMART,20150327,155159,43.88,5,0,0,0,0,0
XLU STK SMART,20150327,155219,43.88,6,0,0,0,0,0
XLU STK SMART,20150327,155235,43.88,1,0,0,0,0,0
XLU STK SMART,20150327,155248,43.88,3,0,0,0,0,0
XLU STK SMART,20150327,155255,43.88,1,0,0,0,0,0
XLU STK SMART,20150327,155301,43.88,2,0,0,0,0,0
XLU STK SMART,20150327,155323,43.87,1,0,0,0,0,0
XLU STK SMART,20150327,155332,43.88,1,0,0,0,0,0
XLU STK SMART,20150327,155344,43.87,1,0,0,0,0,0
XLU STK SMART,20150327,155358,43.87,1,0,0,0,0,0
XLU STK SMART,20150327,155419,43.87,8,0,0,0,0,0
XLU STK SMART,20150327,155420,43.87,1,0,0,0,0,0
XLU STK SMART,20150327,155444,43.87,1,0,0,0,0,0
XLU STK SMART,20150327,155459,43.87,1,0,0,0,0,0
XLU STK SMART,20150327,155505,43.87,1,0,0,0,0,0
XLU STK SMART,20150327,155518,43.88,3,0,0,0,0,0
XLU STK SMART,20150327,155527,43.88,1,0,0,0,0,0
XLU STK SMART,20150327,155538,43.89,1,0,0,0,0,0
XLU STK SMART,20150327,155549,43.89,1,0,0,0,0,0
XLU STK SMART,20150327,155559,43.88,4,0,0,0,0,0
XLU STK SMART,20150327,155617,43.89,1,0,0,0,0,0
XLU STK SMART,20150327,155621,43.89,22,0,0,0,0,0
XLU STK SMART,20150327,155631,43.89,1,0,0,0,0,0
XLU STK SMART,20150327,155659,43.89,3,0,0,0,0,0
XLU STK SMART,20150327,155703,43.89,4,0,0,0,0,0
XLU STK SMART,20150327,155726,43.89,3,0,0,0,0,0
XLU STK SMART,20150327,155737,43.89,4,0,0,0,0,0
XLU STK SMART,20150327,155749,43.89,4,0,0,0,0,0
XLU STK SMART,20150327,155759,43.88,1,0,0,0,0,0
XLU STK SMART,20150327,155801,43.88,1,0,0,0,0,0
XLU STK SMART,20150327,155817,43.88,1,0,0,0,0,0
XLU STK SMART,20150327,155825,43.88,1,0,0,0,0,0
XLU STK SMART,20150327,155838,43.88,3,0,0,0,0,0
XLU STK SMART,20150327,155841,43.88,1,0,0,0,0,0
XLU STK SMART,20150327,155859,43.88,1,0,0,0,0,0
XLU STK SMART,20150327,155909,43.89,5,0,0,0,0,0
XLU STK SMART,20150327,155918,43.89,1,0,0,0,0,0
XLU STK SMART,20150327,155928,43.88,3,0,0,0,0,0
XLU STK SMART,20150327,155938,43.88,1,0,0,0,0,0
XLU STK SMART,20150327,155948,43.88,3,0,0,0,0,0
XLU STK SMART,20150327,155956,43.88,10,0,0,0,0,0
