1683                
XOM STK SMART,20150327,80938,84.1,1,0,0,0,0,0
XOM STK SMART,20150327,81232,84.25,3,0,0,0,0,0
XOM STK SMART,20150327,83051,84.25,6,0,0,0,0,0
XOM STK SMART,20150327,92203,84.31,1,0,0,0,0,0
XOM STK SMART,20150327,92351,84.28,1,0,0,0,0,0
XOM STK SMART,20150327,93002,83.94,1,0,0,0,0,0
XOM STK SMART,20150327,93009,83.93,2,0,0,0,0,0
XOM STK SMART,20150327,93102,83.88,2,0,0,0,0,0
XOM STK SMART,20150327,93130,83.93,1,0,0,0,0,0
XOM STK SMART,20150327,93141,83.84,1,0,0,0,0,0
XOM STK SMART,20150327,93150,83.83,1,0,0,0,0,0
XOM STK SMART,20150327,93202,83.85,1,0,0,0,0,0
XOM STK SMART,20150327,93206,83.84,1,0,0,0,0,0
XOM STK SMART,20150327,93221,83.81,1,0,0,0,0,0
XOM STK SMART,20150327,93232,83.82,2,0,0,0,0,0
XOM STK SMART,20150327,93240,83.83,1,0,0,0,0,0
XOM STK SMART,20150327,93251,83.88,5,0,0,0,0,0
XOM STK SMART,20150327,93300,83.91,1,0,0,0,0,0
XOM STK SMART,20150327,93306,83.91,1,0,0,0,0,0
XOM STK SMART,20150327,93318,83.92,4,0,0,0,0,0
XOM STK SMART,20150327,93337,83.92,1,0,0,0,0,0
XOM STK SMART,20150327,93350,83.97,4,0,0,0,0,0
XOM STK SMART,20150327,93400,83.96,1,0,0,0,0,0
XOM STK SMART,20150327,93409,83.93,1,0,0,0,0,0
XOM STK SMART,20150327,93413,83.91,1,0,0,0,0,0
XOM STK SMART,20150327,93429,83.96,2,0,0,0,0,0
XOM STK SMART,20150327,93442,83.91,1,0,0,0,0,0
XOM STK SMART,20150327,93446,83.94,1,0,0,0,0,0
XOM STK SMART,20150327,93457,83.93,1,0,0,0,0,0
XOM STK SMART,20150327,93509,83.92,3,0,0,0,0,0
XOM STK SMART,20150327,93517,83.92,1,0,0,0,0,0
XOM STK SMART,20150327,93532,83.88,1,0,0,0,0,0
XOM STK SMART,20150327,93542,83.83,1,0,0,0,0,0
XOM STK SMART,20150327,93552,83.85,1,0,0,0,0,0
XOM STK SMART,20150327,93602,83.85,1,0,0,0,0,0
XOM STK SMART,20150327,93609,83.82,1,0,0,0,0,0
XOM STK SMART,20150327,93620,83.81,1,0,0,0,0,0
XOM STK SMART,20150327,93632,83.84,1,0,0,0,0,0
XOM STK SMART,20150327,93641,83.78,1,0,0,0,0,0
XOM STK SMART,20150327,93650,83.77,1,0,0,0,0,0
XOM STK SMART,20150327,93702,83.76,2,0,0,0,0,0
XOM STK SMART,20150327,93713,83.77,1,0,0,0,0,0
XOM STK SMART,20150327,93715,83.78,3,0,0,0,0,0
XOM STK SMART,20150327,93729,83.75,2,0,0,0,0,0
XOM STK SMART,20150327,93743,83.73,1,0,0,0,0,0
XOM STK SMART,20150327,93751,83.7,3,0,0,0,0,0
XOM STK SMART,20150327,93801,83.7,1,0,0,0,0,0
XOM STK SMART,20150327,93811,83.68,1,0,0,0,0,0
XOM STK SMART,20150327,93822,83.68,1,0,0,0,0,0
XOM STK SMART,20150327,93832,83.67,1,0,0,0,0,0
XOM STK SMART,20150327,93837,83.68,1,0,0,0,0,0
XOM STK SMART,20150327,93850,83.69,1,0,0,0,0,0
XOM STK SMART,20150327,93902,83.71,1,0,0,0,0,0
XOM STK SMART,20150327,93912,83.73,2,0,0,0,0,0
XOM STK SMART,20150327,93922,83.68,1,0,0,0,0,0
XOM STK SMART,20150327,93931,83.66,1,0,0,0,0,0
XOM STK SMART,20150327,93942,83.69,1,0,0,0,0,0
XOM STK SMART,20150327,93955,83.68,1,0,0,0,0,0
XOM STK SMART,20150327,94009,83.69,1,0,0,0,0,0
XOM STK SMART,20150327,94020,83.68,1,0,0,0,0,0
XOM STK SMART,20150327,94030,83.72,1,0,0,0,0,0
XOM STK SMART,20150327,94041,83.69,1,0,0,0,0,0
XOM STK SMART,20150327,94049,83.64,1,0,0,0,0,0
XOM STK SMART,20150327,94100,83.59,1,0,0,0,0,0
XOM STK SMART,20150327,94112,83.61,1,0,0,0,0,0
XOM STK SMART,20150327,94123,83.61,1,0,0,0,0,0
XOM STK SMART,20150327,94123,83.63,1,0,0,0,0,0
XOM STK SMART,20150327,94143,83.63,1,0,0,0,0,0
XOM STK SMART,20150327,94151,83.63,1,0,0,0,0,0
XOM STK SMART,20150327,94201,83.57,1,0,0,0,0,0
XOM STK SMART,20150327,94212,83.56,2,0,0,0,0,0
XOM STK SMART,20150327,94221,83.53,1,0,0,0,0,0
XOM STK SMART,20150327,94233,83.5,2,0,0,0,0,0
XOM STK SMART,20150327,94242,83.51,4,0,0,0,0,0
XOM STK SMART,20150327,94249,83.52,1,0,0,0,0,0
XOM STK SMART,20150327,94300,83.49,1,0,0,0,0,0
XOM STK SMART,20150327,94310,83.49,1,0,0,0,0,0
XOM STK SMART,20150327,94322,83.51,1,0,0,0,0,0
XOM STK SMART,20150327,94333,83.53,1,0,0,0,0,0
XOM STK SMART,20150327,94342,83.51,2,0,0,0,0,0
XOM STK SMART,20150327,94352,83.48,1,0,0,0,0,0
XOM STK SMART,20150327,94401,83.47,1,0,0,0,0,0
XOM STK SMART,20150327,94411,83.51,1,0,0,0,0,0
XOM STK SMART,20150327,94421,83.53,1,0,0,0,0,0
XOM STK SMART,20150327,94433,83.51,1,0,0,0,0,0
XOM STK SMART,20150327,94442,83.5,1,0,0,0,0,0
XOM STK SMART,20150327,94453,83.52,1,0,0,0,0,0
XOM STK SMART,20150327,94502,83.5,1,0,0,0,0,0
XOM STK SMART,20150327,94512,83.56,1,0,0,0,0,0
XOM STK SMART,20150327,94522,83.6,1,0,0,0,0,0
XOM STK SMART,20150327,94526,83.55,1,0,0,0,0,0
XOM STK SMART,20150327,94538,83.53,1,0,0,0,0,0
XOM STK SMART,20150327,94552,83.55,1,0,0,0,0,0
XOM STK SMART,20150327,94555,83.52,1,0,0,0,0,0
XOM STK SMART,20150327,94610,83.49,1,0,0,0,0,0
XOM STK SMART,20150327,94623,83.49,4,0,0,0,0,0
XOM STK SMART,20150327,94632,83.52,1,0,0,0,0,0
XOM STK SMART,20150327,94638,83.54,1,0,0,0,0,0
XOM STK SMART,20150327,94644,83.52,1,0,0,0,0,0
XOM STK SMART,20150327,94702,83.55,1,0,0,0,0,0
XOM STK SMART,20150327,94711,83.54,1,0,0,0,0,0
XOM STK SMART,20150327,94721,83.51,1,0,0,0,0,0
XOM STK SMART,20150327,94728,83.53,1,0,0,0,0,0
XOM STK SMART,20150327,94743,83.56,1,0,0,0,0,0
XOM STK SMART,20150327,94753,83.54,1,0,0,0,0,0
XOM STK SMART,20150327,94802,83.51,1,0,0,0,0,0
XOM STK SMART,20150327,94810,83.51,1,0,0,0,0,0
XOM STK SMART,20150327,94823,83.51,1,0,0,0,0,0
XOM STK SMART,20150327,94833,83.53,2,0,0,0,0,0
XOM STK SMART,20150327,94838,83.49,1,0,0,0,0,0
XOM STK SMART,20150327,94900,83.51,1,0,0,0,0,0
XOM STK SMART,20150327,94908,83.52,1,0,0,0,0,0
XOM STK SMART,20150327,94920,83.52,2,0,0,0,0,0
XOM STK SMART,20150327,94933,83.53,1,0,0,0,0,0
XOM STK SMART,20150327,94941,83.55,1,0,0,0,0,0
XOM STK SMART,20150327,94951,83.56,1,0,0,0,0,0
XOM STK SMART,20150327,95003,83.51,1,0,0,0,0,0
XOM STK SMART,20150327,95012,83.5,1,0,0,0,0,0
XOM STK SMART,20150327,95023,83.5,1,0,0,0,0,0
XOM STK SMART,20150327,95033,83.46,1,0,0,0,0,0
XOM STK SMART,20150327,95053,83.49,1,0,0,0,0,0
XOM STK SMART,20150327,95100,83.47,1,0,0,0,0,0
XOM STK SMART,20150327,95121,83.49,1,0,0,0,0,0
XOM STK SMART,20150327,95127,83.5,1,0,0,0,0,0
XOM STK SMART,20150327,95143,83.46,1,0,0,0,0,0
XOM STK SMART,20150327,95152,83.46,1,0,0,0,0,0
XOM STK SMART,20150327,95203,83.49,1,0,0,0,0,0
XOM STK SMART,20150327,95212,83.49,1,0,0,0,0,0
XOM STK SMART,20150327,95219,83.49,2,0,0,0,0,0
XOM STK SMART,20150327,95233,83.49,1,0,0,0,0,0
XOM STK SMART,20150327,95243,83.54,2,0,0,0,0,0
XOM STK SMART,20150327,95247,83.54,2,0,0,0,0,0
XOM STK SMART,20150327,95301,83.55,1,0,0,0,0,0
XOM STK SMART,20150327,95311,83.54,1,0,0,0,0,0
XOM STK SMART,20150327,95322,83.59,1,0,0,0,0,0
XOM STK SMART,20150327,95333,83.55,1,0,0,0,0,0
XOM STK SMART,20150327,95338,83.53,1,0,0,0,0,0
XOM STK SMART,20150327,95351,83.56,1,0,0,0,0,0
XOM STK SMART,20150327,95401,83.58,1,0,0,0,0,0
XOM STK SMART,20150327,95413,83.53,1,0,0,0,0,0
XOM STK SMART,20150327,95423,83.55,1,0,0,0,0,0
XOM STK SMART,20150327,95431,83.56,1,0,0,0,0,0
XOM STK SMART,20150327,95443,83.53,1,0,0,0,0,0
XOM STK SMART,20150327,95500,83.5,1,0,0,0,0,0
XOM STK SMART,20150327,95511,83.5,1,0,0,0,0,0
XOM STK SMART,20150327,95523,83.5,2,0,0,0,0,0
XOM STK SMART,20150327,95529,83.5,1,0,0,0,0,0
XOM STK SMART,20150327,95538,83.51,1,0,0,0,0,0
XOM STK SMART,20150327,95553,83.52,1,0,0,0,0,0
XOM STK SMART,20150327,95602,83.5,1,0,0,0,0,0
XOM STK SMART,20150327,95610,83.52,1,0,0,0,0,0
XOM STK SMART,20150327,95623,83.51,2,0,0,0,0,0
XOM STK SMART,20150327,95628,83.54,1,0,0,0,0,0
XOM STK SMART,20150327,95653,83.51,1,0,0,0,0,0
XOM STK SMART,20150327,95703,83.5,1,0,0,0,0,0
XOM STK SMART,20150327,95710,83.51,1,0,0,0,0,0
XOM STK SMART,20150327,95723,83.49,1,0,0,0,0,0
XOM STK SMART,20150327,95730,83.5,1,0,0,0,0,0
XOM STK SMART,20150327,95741,83.51,1,0,0,0,0,0
XOM STK SMART,20150327,95747,83.5,1,0,0,0,0,0
XOM STK SMART,20150327,95801,83.51,1,0,0,0,0,0
XOM STK SMART,20150327,95813,83.54,1,0,0,0,0,0
XOM STK SMART,20150327,95818,83.57,1,0,0,0,0,0
XOM STK SMART,20150327,95834,83.54,1,0,0,0,0,0
XOM STK SMART,20150327,95844,83.5,1,0,0,0,0,0
XOM STK SMART,20150327,95850,83.5,1,0,0,0,0,0
XOM STK SMART,20150327,95913,83.53,1,0,0,0,0,0
XOM STK SMART,20150327,95919,83.54,1,0,0,0,0,0
XOM STK SMART,20150327,95932,83.54,2,0,0,0,0,0
XOM STK SMART,20150327,95944,83.57,1,0,0,0,0,0
XOM STK SMART,20150327,95951,83.56,1,0,0,0,0,0
XOM STK SMART,20150327,95959,83.49,1,0,0,0,0,0
XOM STK SMART,20150327,100011,83.52,1,0,0,0,0,0
XOM STK SMART,20150327,100018,83.57,1,0,0,0,0,0
XOM STK SMART,20150327,100031,83.57,1,0,0,0,0,0
XOM STK SMART,20150327,100040,83.53,1,0,0,0,0,0
XOM STK SMART,20150327,100050,83.47,1,0,0,0,0,0
XOM STK SMART,20150327,100103,83.5,2,0,0,0,0,0
XOM STK SMART,20150327,100108,83.52,2,0,0,0,0,0
XOM STK SMART,20150327,100120,83.48,1,0,0,0,0,0
XOM STK SMART,20150327,100129,83.47,1,0,0,0,0,0
XOM STK SMART,20150327,100140,83.52,3,0,0,0,0,0
XOM STK SMART,20150327,100157,83.52,1,0,0,0,0,0
XOM STK SMART,20150327,100210,83.5,1,0,0,0,0,0
XOM STK SMART,20150327,100223,83.54,1,0,0,0,0,0
XOM STK SMART,20150327,100232,83.5,1,0,0,0,0,0
XOM STK SMART,20150327,100237,83.54,1,0,0,0,0,0
XOM STK SMART,20150327,100252,83.53,1,0,0,0,0,0
XOM STK SMART,20150327,100313,83.52,1,0,0,0,0,0
XOM STK SMART,20150327,100321,83.55,1,0,0,0,0,0
XOM STK SMART,20150327,100333,83.52,1,0,0,0,0,0
XOM STK SMART,20150327,100344,83.57,1,0,0,0,0,0
XOM STK SMART,20150327,100353,83.57,1,0,0,0,0,0
XOM STK SMART,20150327,100402,83.59,1,0,0,0,0,0
XOM STK SMART,20150327,100410,83.57,1,0,0,0,0,0
XOM STK SMART,20150327,100422,83.58,1,0,0,0,0,0
XOM STK SMART,20150327,100433,83.6,5,0,0,0,0,0
XOM STK SMART,20150327,100442,83.62,1,0,0,0,0,0
XOM STK SMART,20150327,100453,83.64,2,0,0,0,0,0
XOM STK SMART,20150327,100458,83.6,1,0,0,0,0,0
XOM STK SMART,20150327,100510,83.61,2,0,0,0,0,0
XOM STK SMART,20150327,100523,83.63,1,0,0,0,0,0
XOM STK SMART,20150327,100528,83.61,1,0,0,0,0,0
XOM STK SMART,20150327,100543,83.62,1,0,0,0,0,0
XOM STK SMART,20150327,100554,83.62,1,0,0,0,0,0
XOM STK SMART,20150327,100601,83.6,1,0,0,0,0,0
XOM STK SMART,20150327,100611,83.61,1,0,0,0,0,0
XOM STK SMART,20150327,100620,83.64,1,0,0,0,0,0
XOM STK SMART,20150327,100634,83.65,1,0,0,0,0,0
XOM STK SMART,20150327,100644,83.64,1,0,0,0,0,0
XOM STK SMART,20150327,100645,83.67,1,0,0,0,0,0
XOM STK SMART,20150327,100712,83.64,1,0,0,0,0,0
XOM STK SMART,20150327,100723,83.64,1,0,0,0,0,0
XOM STK SMART,20150327,100729,83.64,1,0,0,0,0,0
XOM STK SMART,20150327,100741,83.65,1,0,0,0,0,0
XOM STK SMART,20150327,100752,83.7,1,0,0,0,0,0
XOM STK SMART,20150327,100804,83.67,1,0,0,0,0,0
XOM STK SMART,20150327,100808,83.64,1,0,0,0,0,0
XOM STK SMART,20150327,100816,83.61,11,0,0,0,0,0
XOM STK SMART,20150327,100825,83.61,4,0,0,0,0,0
XOM STK SMART,20150327,100843,83.61,1,0,0,0,0,0
XOM STK SMART,20150327,100854,83.62,1,0,0,0,0,0
XOM STK SMART,20150327,100904,83.66,1,0,0,0,0,0
XOM STK SMART,20150327,100922,83.65,1,0,0,0,0,0
XOM STK SMART,20150327,100931,83.66,1,0,0,0,0,0
XOM STK SMART,20150327,100937,83.64,1,0,0,0,0,0
XOM STK SMART,20150327,100952,83.68,1,0,0,0,0,0
XOM STK SMART,20150327,101004,83.68,2,0,0,0,0,0
XOM STK SMART,20150327,101010,83.68,1,0,0,0,0,0
XOM STK SMART,20150327,101020,83.71,1,0,0,0,0,0
XOM STK SMART,20150327,101033,83.77,1,0,0,0,0,0
XOM STK SMART,20150327,101037,83.75,2,0,0,0,0,0
XOM STK SMART,20150327,101054,83.77,2,0,0,0,0,0
XOM STK SMART,20150327,101102,83.77,1,0,0,0,0,0
XOM STK SMART,20150327,101114,83.74,1,0,0,0,0,0
XOM STK SMART,20150327,101119,83.72,1,0,0,0,0,0
XOM STK SMART,20150327,101133,83.77,1,0,0,0,0,0
XOM STK SMART,20150327,101143,83.75,1,0,0,0,0,0
XOM STK SMART,20150327,101152,83.79,1,0,0,0,0,0
XOM STK SMART,20150327,101156,83.74,1,0,0,0,0,0
XOM STK SMART,20150327,101210,83.76,1,0,0,0,0,0
XOM STK SMART,20150327,101223,83.79,1,0,0,0,0,0
XOM STK SMART,20150327,101234,83.77,2,0,0,0,0,0
XOM STK SMART,20150327,101240,83.72,1,0,0,0,0,0
XOM STK SMART,20150327,101254,83.63,2,0,0,0,0,0
XOM STK SMART,20150327,101259,83.71,1,0,0,0,0,0
XOM STK SMART,20150327,101307,83.7,1,0,0,0,0,0
XOM STK SMART,20150327,101323,83.71,1,0,0,0,0,0
XOM STK SMART,20150327,101333,83.78,1,0,0,0,0,0
XOM STK SMART,20150327,101343,83.83,1,0,0,0,0,0
XOM STK SMART,20150327,101352,83.82,1,0,0,0,0,0
XOM STK SMART,20150327,101403,83.84,1,0,0,0,0,0
XOM STK SMART,20150327,101414,83.85,9,0,0,0,0,0
XOM STK SMART,20150327,101434,83.86,1,0,0,0,0,0
XOM STK SMART,20150327,101443,83.85,1,0,0,0,0,0
XOM STK SMART,20150327,101455,83.87,1,0,0,0,0,0
XOM STK SMART,20150327,101504,83.86,1,0,0,0,0,0
XOM STK SMART,20150327,101515,83.88,1,0,0,0,0,0
XOM STK SMART,20150327,101525,83.87,3,0,0,0,0,0
XOM STK SMART,20150327,101529,83.84,1,0,0,0,0,0
XOM STK SMART,20150327,101542,83.8,1,0,0,0,0,0
XOM STK SMART,20150327,101554,83.8,1,0,0,0,0,0
XOM STK SMART,20150327,101611,83.79,2,0,0,0,0,0
XOM STK SMART,20150327,101621,83.81,1,0,0,0,0,0
XOM STK SMART,20150327,101632,83.8,1,0,0,0,0,0
XOM STK SMART,20150327,101644,83.8,1,0,0,0,0,0
XOM STK SMART,20150327,101651,83.8,1,0,0,0,0,0
XOM STK SMART,20150327,101701,83.79,2,0,0,0,0,0
XOM STK SMART,20150327,101713,83.8,1,0,0,0,0,0
XOM STK SMART,20150327,101724,83.75,2,0,0,0,0,0
XOM STK SMART,20150327,101729,83.75,1,0,0,0,0,0
XOM STK SMART,20150327,101743,83.8,1,0,0,0,0,0
XOM STK SMART,20150327,101756,83.81,1,0,0,0,0,0
XOM STK SMART,20150327,101809,83.83,1,0,0,0,0,0
XOM STK SMART,20150327,101823,83.86,1,0,0,0,0,0
XOM STK SMART,20150327,101834,83.89,1,0,0,0,0,0
XOM STK SMART,20150327,101843,83.89,1,0,0,0,0,0
XOM STK SMART,20150327,101853,83.9,1,0,0,0,0,0
XOM STK SMART,20150327,101858,83.88,1,0,0,0,0,0
XOM STK SMART,20150327,101915,83.86,1,0,0,0,0,0
XOM STK SMART,20150327,101923,83.86,1,0,0,0,0,0
XOM STK SMART,20150327,101927,83.88,1,0,0,0,0,0
XOM STK SMART,20150327,101941,83.87,1,0,0,0,0,0
XOM STK SMART,20150327,101954,83.91,1,0,0,0,0,0
XOM STK SMART,20150327,102002,83.92,1,0,0,0,0,0
XOM STK SMART,20150327,102006,83.93,1,0,0,0,0,0
XOM STK SMART,20150327,102028,83.93,1,0,0,0,0,0
XOM STK SMART,20150327,102044,83.9,1,0,0,0,0,0
XOM STK SMART,20150327,102054,83.92,1,0,0,0,0,0
XOM STK SMART,20150327,102110,83.89,1,0,0,0,0,0
XOM STK SMART,20150327,102124,83.89,1,0,0,0,0,0
XOM STK SMART,20150327,102140,83.91,1,0,0,0,0,0
XOM STK SMART,20150327,102148,83.89,1,0,0,0,0,0
XOM STK SMART,20150327,102205,83.88,2,0,0,0,0,0
XOM STK SMART,20150327,102215,83.87,2,0,0,0,0,0
XOM STK SMART,20150327,102221,83.86,1,0,0,0,0,0
XOM STK SMART,20150327,102250,83.86,1,0,0,0,0,0
XOM STK SMART,20150327,102259,83.86,1,0,0,0,0,0
XOM STK SMART,20150327,102314,83.85,1,0,0,0,0,0
XOM STK SMART,20150327,102325,83.84,1,0,0,0,0,0
XOM STK SMART,20150327,102335,83.87,1,0,0,0,0,0
XOM STK SMART,20150327,102355,83.87,1,0,0,0,0,0
XOM STK SMART,20150327,102401,83.85,1,0,0,0,0,0
XOM STK SMART,20150327,102407,83.87,1,0,0,0,0,0
XOM STK SMART,20150327,102421,83.86,1,0,0,0,0,0
XOM STK SMART,20150327,102435,83.86,2,0,0,0,0,0
XOM STK SMART,20150327,102438,83.83,1,0,0,0,0,0
XOM STK SMART,20150327,102455,83.84,1,0,0,0,0,0
XOM STK SMART,20150327,102505,83.84,1,0,0,0,0,0
XOM STK SMART,20150327,102509,83.85,1,0,0,0,0,0
XOM STK SMART,20150327,102517,83.86,3,0,0,0,0,0
XOM STK SMART,20150327,102535,83.83,1,0,0,0,0,0
XOM STK SMART,20150327,102541,83.83,1,0,0,0,0,0
XOM STK SMART,20150327,102551,83.83,1,0,0,0,0,0
XOM STK SMART,20150327,102557,83.85,1,0,0,0,0,0
XOM STK SMART,20150327,102615,83.85,1,0,0,0,0,0
XOM STK SMART,20150327,102624,83.86,1,0,0,0,0,0
XOM STK SMART,20150327,102635,83.88,1,0,0,0,0,0
XOM STK SMART,20150327,102639,83.9,1,0,0,0,0,0
XOM STK SMART,20150327,102654,83.88,1,0,0,0,0,0
XOM STK SMART,20150327,102744,83.88,1,0,0,0,0,0
XOM STK SMART,20150327,102759,83.87,1,0,0,0,0,0
XOM STK SMART,20150327,102814,83.85,1,0,0,0,0,0
XOM STK SMART,20150327,102822,83.86,1,0,0,0,0,0
XOM STK SMART,20150327,102830,83.86,1,0,0,0,0,0
XOM STK SMART,20150327,102847,83.87,1,0,0,0,0,0
XOM STK SMART,20150327,102900,83.86,1,0,0,0,0,0
XOM STK SMART,20150327,102911,83.84,1,0,0,0,0,0
XOM STK SMART,20150327,102925,83.85,1,0,0,0,0,0
XOM STK SMART,20150327,102929,83.87,1,0,0,0,0,0
XOM STK SMART,20150327,102940,83.87,1,0,0,0,0,0
XOM STK SMART,20150327,102951,83.88,1,0,0,0,0,0
XOM STK SMART,20150327,102957,83.87,1,0,0,0,0,0
XOM STK SMART,20150327,103015,83.84,1,0,0,0,0,0
XOM STK SMART,20150327,103017,83.87,1,0,0,0,0,0
XOM STK SMART,20150327,103031,83.86,1,0,0,0,0,0
XOM STK SMART,20150327,103051,83.87,1,0,0,0,0,0
XOM STK SMART,20150327,103059,83.88,1,0,0,0,0,0
XOM STK SMART,20150327,103124,83.86,1,0,0,0,0,0
XOM STK SMART,20150327,103134,83.86,1,0,0,0,0,0
XOM STK SMART,20150327,103145,83.87,2,0,0,0,0,0
XOM STK SMART,20150327,103153,83.85,2,0,0,0,0,0
XOM STK SMART,20150327,103203,83.82,1,0,0,0,0,0
XOM STK SMART,20150327,103212,83.81,1,0,0,0,0,0
XOM STK SMART,20150327,103222,83.8,1,0,0,0,0,0
XOM STK SMART,20150327,103230,83.8,1,0,0,0,0,0
XOM STK SMART,20150327,103240,83.79,1,0,0,0,0,0
XOM STK SMART,20150327,103255,83.79,1,0,0,0,0,0
XOM STK SMART,20150327,103257,83.8,1,0,0,0,0,0
XOM STK SMART,20150327,103314,83.8,1,0,0,0,0,0
XOM STK SMART,20150327,103345,83.81,1,0,0,0,0,0
XOM STK SMART,20150327,103350,83.8,1,0,0,0,0,0
XOM STK SMART,20150327,103402,83.79,1,0,0,0,0,0
XOM STK SMART,20150327,103412,83.77,1,0,0,0,0,0
XOM STK SMART,20150327,103421,83.76,1,0,0,0,0,0
XOM STK SMART,20150327,103436,83.72,1,0,0,0,0,0
XOM STK SMART,20150327,103444,83.68,1,0,0,0,0,0
XOM STK SMART,20150327,103451,83.67,1,0,0,0,0,0
XOM STK SMART,20150327,103506,83.68,1,0,0,0,0,0
XOM STK SMART,20150327,103512,83.69,1,0,0,0,0,0
XOM STK SMART,20150327,103525,83.69,1,0,0,0,0,0
XOM STK SMART,20150327,103535,83.65,1,0,0,0,0,0
XOM STK SMART,20150327,103538,83.67,1,0,0,0,0,0
XOM STK SMART,20150327,103550,83.7,1,0,0,0,0,0
XOM STK SMART,20150327,103607,83.67,1,0,0,0,0,0
XOM STK SMART,20150327,103622,83.7,1,0,0,0,0,0
XOM STK SMART,20150327,103641,83.73,1,0,0,0,0,0
XOM STK SMART,20150327,103655,83.75,1,0,0,0,0,0
XOM STK SMART,20150327,103711,83.73,1,0,0,0,0,0
XOM STK SMART,20150327,103720,83.71,1,0,0,0,0,0
XOM STK SMART,20150327,103735,83.71,4,0,0,0,0,0
XOM STK SMART,20150327,103738,83.68,1,0,0,0,0,0
XOM STK SMART,20150327,103749,83.69,1,0,0,0,0,0
XOM STK SMART,20150327,103815,83.71,1,0,0,0,0,0
XOM STK SMART,20150327,103824,83.72,1,0,0,0,0,0
XOM STK SMART,20150327,103834,83.73,1,0,0,0,0,0
XOM STK SMART,20150327,103841,83.76,1,0,0,0,0,0
XOM STK SMART,20150327,103853,83.79,1,0,0,0,0,0
XOM STK SMART,20150327,103901,83.79,1,0,0,0,0,0
XOM STK SMART,20150327,103913,83.77,1,0,0,0,0,0
XOM STK SMART,20150327,103925,83.77,1,0,0,0,0,0
XOM STK SMART,20150327,103934,83.76,3,0,0,0,0,0
XOM STK SMART,20150327,103937,83.75,1,0,0,0,0,0
XOM STK SMART,20150327,103952,83.76,1,0,0,0,0,0
XOM STK SMART,20150327,104003,83.74,1,0,0,0,0,0
XOM STK SMART,20150327,104020,83.74,1,0,0,0,0,0
XOM STK SMART,20150327,104032,83.73,1,0,0,0,0,0
XOM STK SMART,20150327,104053,83.71,2,0,0,0,0,0
XOM STK SMART,20150327,104103,83.71,1,0,0,0,0,0
XOM STK SMART,20150327,104116,83.71,1,0,0,0,0,0
XOM STK SMART,20150327,104119,83.71,1,0,0,0,0,0
XOM STK SMART,20150327,104146,83.7,2,0,0,0,0,0
XOM STK SMART,20150327,104156,83.68,1,0,0,0,0,0
XOM STK SMART,20150327,104214,83.68,1,0,0,0,0,0
XOM STK SMART,20150327,104223,83.71,1,0,0,0,0,0
XOM STK SMART,20150327,104240,83.7,1,0,0,0,0,0
XOM STK SMART,20150327,104251,83.71,1,0,0,0,0,0
XOM STK SMART,20150327,104313,83.72,1,0,0,0,0,0
XOM STK SMART,20150327,104336,83.72,1,0,0,0,0,0
XOM STK SMART,20150327,104352,83.72,1,0,0,0,0,0
XOM STK SMART,20150327,104406,83.73,1,0,0,0,0,0
XOM STK SMART,20150327,104409,83.73,1,0,0,0,0,0
XOM STK SMART,20150327,104422,83.75,2,0,0,0,0,0
XOM STK SMART,20150327,104430,83.76,1,0,0,0,0,0
XOM STK SMART,20150327,104445,83.76,1,0,0,0,0,0
XOM STK SMART,20150327,104455,83.74,1,0,0,0,0,0
XOM STK SMART,20150327,104505,83.73,1,0,0,0,0,0
XOM STK SMART,20150327,104526,83.69,1,0,0,0,0,0
XOM STK SMART,20150327,104527,83.69,1,0,0,0,0,0
XOM STK SMART,20150327,104549,83.7,1,0,0,0,0,0
XOM STK SMART,20150327,104616,83.72,1,0,0,0,0,0
XOM STK SMART,20150327,104623,83.74,1,0,0,0,0,0
XOM STK SMART,20150327,104633,83.76,1,0,0,0,0,0
XOM STK SMART,20150327,104643,83.73,1,0,0,0,0,0
XOM STK SMART,20150327,104709,83.75,1,0,0,0,0,0
XOM STK SMART,20150327,104726,83.75,1,0,0,0,0,0
XOM STK SMART,20150327,104739,83.74,1,0,0,0,0,0
XOM STK SMART,20150327,104803,83.76,1,0,0,0,0,0
XOM STK SMART,20150327,104813,83.74,1,0,0,0,0,0
XOM STK SMART,20150327,104841,83.76,1,0,0,0,0,0
XOM STK SMART,20150327,104855,83.78,1,0,0,0,0,0
XOM STK SMART,20150327,104902,83.79,1,0,0,0,0,0
XOM STK SMART,20150327,104908,83.79,1,0,0,0,0,0
XOM STK SMART,20150327,104926,83.82,1,0,0,0,0,0
XOM STK SMART,20150327,104932,83.82,1,0,0,0,0,0
XOM STK SMART,20150327,104944,83.82,1,0,0,0,0,0
XOM STK SMART,20150327,104954,83.82,1,0,0,0,0,0
XOM STK SMART,20150327,105014,83.81,1,0,0,0,0,0
XOM STK SMART,20150327,105020,83.8,1,0,0,0,0,0
XOM STK SMART,20150327,105043,83.81,1,0,0,0,0,0
XOM STK SMART,20150327,105056,83.83,1,0,0,0,0,0
XOM STK SMART,20150327,105111,83.85,1,0,0,0,0,0
XOM STK SMART,20150327,105120,83.87,1,0,0,0,0,0
XOM STK SMART,20150327,105144,83.88,1,0,0,0,0,0
XOM STK SMART,20150327,105203,83.89,1,0,0,0,0,0
XOM STK SMART,20150327,105209,83.91,1,0,0,0,0,0
XOM STK SMART,20150327,105220,83.9,1,0,0,0,0,0
XOM STK SMART,20150327,105232,83.89,1,0,0,0,0,0
XOM STK SMART,20150327,105256,83.9,1,0,0,0,0,0
XOM STK SMART,20150327,105306,83.86,1,0,0,0,0,0
XOM STK SMART,20150327,105327,83.88,1,0,0,0,0,0
XOM STK SMART,20150327,105345,83.87,1,0,0,0,0,0
XOM STK SMART,20150327,105356,83.83,1,0,0,0,0,0
XOM STK SMART,20150327,105405,83.87,1,0,0,0,0,0
XOM STK SMART,20150327,105412,83.89,1,0,0,0,0,0
XOM STK SMART,20150327,105433,83.88,1,0,0,0,0,0
XOM STK SMART,20150327,105439,83.87,1,0,0,0,0,0
XOM STK SMART,20150327,105452,83.89,1,0,0,0,0,0
XOM STK SMART,20150327,105505,83.88,1,0,0,0,0,0
XOM STK SMART,20150327,105515,83.87,1,0,0,0,0,0
XOM STK SMART,20150327,105525,83.89,1,0,0,0,0,0
XOM STK SMART,20150327,105528,83.9,1,0,0,0,0,0
XOM STK SMART,20150327,105550,83.92,1,0,0,0,0,0
XOM STK SMART,20150327,105606,83.91,1,0,0,0,0,0
XOM STK SMART,20150327,105624,83.88,2,0,0,0,0,0
XOM STK SMART,20150327,105645,83.89,2,0,0,0,0,0
XOM STK SMART,20150327,105651,83.92,2,0,0,0,0,0
XOM STK SMART,20150327,105718,83.91,1,0,0,0,0,0
XOM STK SMART,20150327,105728,83.93,1,0,0,0,0,0
XOM STK SMART,20150327,105743,83.92,1,0,0,0,0,0
XOM STK SMART,20150327,105747,83.94,1,0,0,0,0,0
XOM STK SMART,20150327,105815,83.94,1,0,0,0,0,0
XOM STK SMART,20150327,105825,83.93,1,0,0,0,0,0
XOM STK SMART,20150327,105841,83.92,1,0,0,0,0,0
XOM STK SMART,20150327,105848,83.92,1,0,0,0,0,0
XOM STK SMART,20150327,105907,83.93,1,0,0,0,0,0
XOM STK SMART,20150327,105909,83.92,1,0,0,0,0,0
XOM STK SMART,20150327,105930,83.92,1,0,0,0,0,0
XOM STK SMART,20150327,105947,83.92,1,0,0,0,0,0
XOM STK SMART,20150327,105955,83.91,1,0,0,0,0,0
XOM STK SMART,20150327,110004,83.88,1,0,0,0,0,0
XOM STK SMART,20150327,110010,83.85,1,0,0,0,0,0
XOM STK SMART,20150327,110027,83.83,1,0,0,0,0,0
XOM STK SMART,20150327,110033,83.85,1,0,0,0,0,0
XOM STK SMART,20150327,110046,83.82,2,0,0,0,0,0
XOM STK SMART,20150327,110051,83.81,1,0,0,0,0,0
XOM STK SMART,20150327,110112,83.82,2,0,0,0,0,0
XOM STK SMART,20150327,110127,83.8,3,0,0,0,0,0
XOM STK SMART,20150327,110131,83.78,1,0,0,0,0,0
XOM STK SMART,20150327,110142,83.81,1,0,0,0,0,0
XOM STK SMART,20150327,110157,83.79,1,0,0,0,0,0
XOM STK SMART,20150327,110207,83.78,2,0,0,0,0,0
XOM STK SMART,20150327,110213,83.79,1,0,0,0,0,0
XOM STK SMART,20150327,110242,83.78,1,0,0,0,0,0
XOM STK SMART,20150327,110250,83.79,1,0,0,0,0,0
XOM STK SMART,20150327,110325,83.77,1,0,0,0,0,0
XOM STK SMART,20150327,110337,83.79,3,0,0,0,0,0
XOM STK SMART,20150327,110350,83.8,1,0,0,0,0,0
XOM STK SMART,20150327,110406,83.77,1,0,0,0,0,0
XOM STK SMART,20150327,110410,83.79,1,0,0,0,0,0
XOM STK SMART,20150327,110422,83.77,1,0,0,0,0,0
XOM STK SMART,20150327,110430,83.76,1,0,0,0,0,0
XOM STK SMART,20150327,110444,83.75,1,0,0,0,0,0
XOM STK SMART,20150327,110456,83.74,1,0,0,0,0,0
XOM STK SMART,20150327,110505,83.77,1,0,0,0,0,0
XOM STK SMART,20150327,110517,83.76,1,0,0,0,0,0
XOM STK SMART,20150327,110536,83.75,1,0,0,0,0,0
XOM STK SMART,20150327,110543,83.76,1,0,0,0,0,0
XOM STK SMART,20150327,110553,83.75,1,0,0,0,0,0
XOM STK SMART,20150327,110617,83.76,3,0,0,0,0,0
XOM STK SMART,20150327,110626,83.76,1,0,0,0,0,0
XOM STK SMART,20150327,110634,83.75,1,0,0,0,0,0
XOM STK SMART,20150327,110642,83.77,2,0,0,0,0,0
XOM STK SMART,20150327,110657,83.78,1,0,0,0,0,0
XOM STK SMART,20150327,110717,83.77,1,0,0,0,0,0
XOM STK SMART,20150327,110735,83.78,1,0,0,0,0,0
XOM STK SMART,20150327,110743,83.77,1,0,0,0,0,0
XOM STK SMART,20150327,110805,83.77,1,0,0,0,0,0
XOM STK SMART,20150327,110815,83.75,3,0,0,0,0,0
XOM STK SMART,20150327,110836,83.75,1,0,0,0,0,0
XOM STK SMART,20150327,110849,83.74,1,0,0,0,0,0
XOM STK SMART,20150327,110925,83.74,2,0,0,0,0,0
XOM STK SMART,20150327,110937,83.75,1,0,0,0,0,0
XOM STK SMART,20150327,110948,83.73,1,0,0,0,0,0
XOM STK SMART,20150327,111002,83.71,1,0,0,0,0,0
XOM STK SMART,20150327,111011,83.7,4,0,0,0,0,0
XOM STK SMART,20150327,111037,83.68,2,0,0,0,0,0
XOM STK SMART,20150327,111045,83.68,1,0,0,0,0,0
XOM STK SMART,20150327,111057,83.67,1,0,0,0,0,0
XOM STK SMART,20150327,111114,83.67,1,0,0,0,0,0
XOM STK SMART,20150327,111127,83.67,1,0,0,0,0,0
XOM STK SMART,20150327,111130,83.68,1,0,0,0,0,0
XOM STK SMART,20150327,111146,83.66,1,0,0,0,0,0
XOM STK SMART,20150327,111152,83.65,1,0,0,0,0,0
XOM STK SMART,20150327,111205,83.68,1,0,0,0,0,0
XOM STK SMART,20150327,111215,83.69,1,0,0,0,0,0
XOM STK SMART,20150327,111247,83.67,1,0,0,0,0,0
XOM STK SMART,20150327,111257,83.68,1,0,0,0,0,0
XOM STK SMART,20150327,111309,83.69,1,0,0,0,0,0
XOM STK SMART,20150327,111318,83.7,1,0,0,0,0,0
XOM STK SMART,20150327,111330,83.72,1,0,0,0,0,0
XOM STK SMART,20150327,111355,83.75,1,0,0,0,0,0
XOM STK SMART,20150327,111401,83.76,1,0,0,0,0,0
XOM STK SMART,20150327,111419,83.77,1,0,0,0,0,0
XOM STK SMART,20150327,111437,83.77,1,0,0,0,0,0
XOM STK SMART,20150327,111456,83.78,1,0,0,0,0,0
XOM STK SMART,20150327,111517,83.79,1,0,0,0,0,0
XOM STK SMART,20150327,111520,83.78,1,0,0,0,0,0
XOM STK SMART,20150327,111610,83.8,1,0,0,0,0,0
XOM STK SMART,20150327,111624,83.76,1,0,0,0,0,0
XOM STK SMART,20150327,111630,83.75,1,0,0,0,0,0
XOM STK SMART,20150327,111645,83.74,1,0,0,0,0,0
XOM STK SMART,20150327,111656,83.73,2,0,0,0,0,0
XOM STK SMART,20150327,111706,83.71,2,0,0,0,0,0
XOM STK SMART,20150327,111709,83.71,1,0,0,0,0,0
XOM STK SMART,20150327,111720,83.7,1,0,0,0,0,0
XOM STK SMART,20150327,111737,83.73,1,0,0,0,0,0
XOM STK SMART,20150327,111745,83.71,1,0,0,0,0,0
XOM STK SMART,20150327,111758,83.72,1,0,0,0,0,0
XOM STK SMART,20150327,111804,83.72,1,0,0,0,0,0
XOM STK SMART,20150327,111823,83.73,1,0,0,0,0,0
XOM STK SMART,20150327,111832,83.72,1,0,0,0,0,0
XOM STK SMART,20150327,111855,83.75,1,0,0,0,0,0
XOM STK SMART,20150327,111915,83.77,1,0,0,0,0,0
XOM STK SMART,20150327,111926,83.76,1,0,0,0,0,0
XOM STK SMART,20150327,111933,83.77,1,0,0,0,0,0
XOM STK SMART,20150327,111948,83.75,1,0,0,0,0,0
XOM STK SMART,20150327,111950,83.76,1,0,0,0,0,0
XOM STK SMART,20150327,112003,83.76,2,0,0,0,0,0
XOM STK SMART,20150327,112016,83.76,1,0,0,0,0,0
XOM STK SMART,20150327,112026,83.76,1,0,0,0,0,0
XOM STK SMART,20150327,112042,83.76,1,0,0,0,0,0
XOM STK SMART,20150327,112054,83.74,1,0,0,0,0,0
XOM STK SMART,20150327,112108,83.76,1,0,0,0,0,0
XOM STK SMART,20150327,112147,83.75,1,0,0,0,0,0
XOM STK SMART,20150327,112155,83.75,1,0,0,0,0,0
XOM STK SMART,20150327,112217,83.76,3,0,0,0,0,0
XOM STK SMART,20150327,112221,83.76,1,0,0,0,0,0
XOM STK SMART,20150327,112237,83.74,1,0,0,0,0,0
XOM STK SMART,20150327,112243,83.73,1,0,0,0,0,0
XOM STK SMART,20150327,112336,83.72,1,0,0,0,0,0
XOM STK SMART,20150327,112343,83.74,1,0,0,0,0,0
XOM STK SMART,20150327,112407,83.74,1,0,0,0,0,0
XOM STK SMART,20150327,112437,83.76,1,0,0,0,0,0
XOM STK SMART,20150327,112441,83.74,1,0,0,0,0,0
XOM STK SMART,20150327,112448,83.75,1,0,0,0,0,0
XOM STK SMART,20150327,112513,83.77,1,0,0,0,0,0
XOM STK SMART,20150327,112538,83.8,1,0,0,0,0,0
XOM STK SMART,20150327,112542,83.8,2,0,0,0,0,0
XOM STK SMART,20150327,112557,83.81,1,0,0,0,0,0
XOM STK SMART,20150327,112600,83.81,2,0,0,0,0,0
XOM STK SMART,20150327,112616,83.79,1,0,0,0,0,0
XOM STK SMART,20150327,112620,83.78,1,0,0,0,0,0
XOM STK SMART,20150327,112638,83.81,1,0,0,0,0,0
XOM STK SMART,20150327,112647,83.79,1,0,0,0,0,0
XOM STK SMART,20150327,112658,83.78,1,0,0,0,0,0
XOM STK SMART,20150327,112701,83.79,1,0,0,0,0,0
XOM STK SMART,20150327,112731,83.77,1,0,0,0,0,0
XOM STK SMART,20150327,112739,83.78,1,0,0,0,0,0
XOM STK SMART,20150327,112807,83.76,1,0,0,0,0,0
XOM STK SMART,20150327,112827,83.77,1,0,0,0,0,0
XOM STK SMART,20150327,112831,83.78,1,0,0,0,0,0
XOM STK SMART,20150327,112857,83.76,1,0,0,0,0,0
XOM STK SMART,20150327,112907,83.77,2,0,0,0,0,0
XOM STK SMART,20150327,112918,83.78,1,0,0,0,0,0
XOM STK SMART,20150327,112924,83.79,1,0,0,0,0,0
XOM STK SMART,20150327,112937,83.8,1,0,0,0,0,0
XOM STK SMART,20150327,112958,83.8,1,0,0,0,0,0
XOM STK SMART,20150327,113018,83.82,1,0,0,0,0,0
XOM STK SMART,20150327,113028,83.82,1,0,0,0,0,0
XOM STK SMART,20150327,113045,83.83,1,0,0,0,0,0
XOM STK SMART,20150327,113115,83.84,1,0,0,0,0,0
XOM STK SMART,20150327,113119,83.85,1,0,0,0,0,0
XOM STK SMART,20150327,113147,83.88,1,0,0,0,0,0
XOM STK SMART,20150327,113154,83.88,2,0,0,0,0,0
XOM STK SMART,20150327,113206,83.87,2,0,0,0,0,0
XOM STK SMART,20150327,113216,83.88,1,0,0,0,0,0
XOM STK SMART,20150327,113253,83.89,1,0,0,0,0,0
XOM STK SMART,20150327,113302,83.9,1,0,0,0,0,0
XOM STK SMART,20150327,113315,83.87,1,0,0,0,0,0
XOM STK SMART,20150327,113337,83.88,1,0,0,0,0,0
XOM STK SMART,20150327,113347,83.87,1,0,0,0,0,0
XOM STK SMART,20150327,113405,83.87,1,0,0,0,0,0
XOM STK SMART,20150327,113439,83.87,2,0,0,0,0,0
XOM STK SMART,20150327,113439,83.88,1,0,0,0,0,0
XOM STK SMART,20150327,113457,83.87,1,0,0,0,0,0
XOM STK SMART,20150327,113503,83.86,1,0,0,0,0,0
XOM STK SMART,20150327,113511,83.85,1,0,0,0,0,0
XOM STK SMART,20150327,113529,83.86,1,0,0,0,0,0
XOM STK SMART,20150327,113553,83.84,1,0,0,0,0,0
XOM STK SMART,20150327,113608,83.84,1,0,0,0,0,0
XOM STK SMART,20150327,113615,83.81,1,0,0,0,0,0
XOM STK SMART,20150327,113627,83.82,1,0,0,0,0,0
XOM STK SMART,20150327,113648,83.85,1,0,0,0,0,0
XOM STK SMART,20150327,113659,83.84,2,0,0,0,0,0
XOM STK SMART,20150327,113709,83.83,1,0,0,0,0,0
XOM STK SMART,20150327,113735,83.85,1,0,0,0,0,0
XOM STK SMART,20150327,113757,83.86,1,0,0,0,0,0
XOM STK SMART,20150327,113800,83.87,1,0,0,0,0,0
XOM STK SMART,20150327,113819,83.91,1,0,0,0,0,0
XOM STK SMART,20150327,113831,83.9,1,0,0,0,0,0
XOM STK SMART,20150327,113843,83.92,5,0,0,0,0,0
XOM STK SMART,20150327,113904,83.92,1,0,0,0,0,0
XOM STK SMART,20150327,113912,83.93,1,0,0,0,0,0
XOM STK SMART,20150327,114019,83.91,1,0,0,0,0,0
XOM STK SMART,20150327,114040,83.9,1,0,0,0,0,0
XOM STK SMART,20150327,114058,83.87,1,0,0,0,0,0
XOM STK SMART,20150327,114109,83.86,1,0,0,0,0,0
XOM STK SMART,20150327,114113,83.87,1,0,0,0,0,0
XOM STK SMART,20150327,114129,83.87,1,0,0,0,0,0
XOM STK SMART,20150327,114149,83.86,1,0,0,0,0,0
XOM STK SMART,20150327,114204,83.84,1,0,0,0,0,0
XOM STK SMART,20150327,114211,83.83,1,0,0,0,0,0
XOM STK SMART,20150327,114238,83.81,1,0,0,0,0,0
XOM STK SMART,20150327,114307,83.84,1,0,0,0,0,0
XOM STK SMART,20150327,114309,83.83,1,0,0,0,0,0
XOM STK SMART,20150327,114320,83.81,2,0,0,0,0,0
XOM STK SMART,20150327,114334,83.82,1,0,0,0,0,0
XOM STK SMART,20150327,114347,83.86,1,0,0,0,0,0
XOM STK SMART,20150327,114357,83.83,1,0,0,0,0,0
XOM STK SMART,20150327,114406,83.86,2,0,0,0,0,0
XOM STK SMART,20150327,114409,83.87,1,0,0,0,0,0
XOM STK SMART,20150327,114424,83.85,4,0,0,0,0,0
XOM STK SMART,20150327,114438,83.86,1,0,0,0,0,0
XOM STK SMART,20150327,114449,83.88,1,0,0,0,0,0
XOM STK SMART,20150327,114457,83.88,1,0,0,0,0,0
XOM STK SMART,20150327,114508,83.87,2,0,0,0,0,0
XOM STK SMART,20150327,114541,83.88,1,0,0,0,0,0
XOM STK SMART,20150327,114559,83.9,1,0,0,0,0,0
XOM STK SMART,20150327,114615,83.92,1,0,0,0,0,0
XOM STK SMART,20150327,114642,83.93,1,0,0,0,0,0
XOM STK SMART,20150327,114700,83.95,1,0,0,0,0,0
XOM STK SMART,20150327,114715,83.94,1,0,0,0,0,0
XOM STK SMART,20150327,114722,83.93,1,0,0,0,0,0
XOM STK SMART,20150327,114738,83.92,1,0,0,0,0,0
XOM STK SMART,20150327,114745,83.94,1,0,0,0,0,0
XOM STK SMART,20150327,114755,83.93,1,0,0,0,0,0
XOM STK SMART,20150327,114817,83.94,1,0,0,0,0,0
XOM STK SMART,20150327,114853,83.95,1,0,0,0,0,0
XOM STK SMART,20150327,114913,83.95,5,0,0,0,0,0
XOM STK SMART,20150327,114923,83.95,1,0,0,0,0,0
XOM STK SMART,20150327,114935,83.96,1,0,0,0,0,0
XOM STK SMART,20150327,115008,83.96,1,0,0,0,0,0
XOM STK SMART,20150327,115029,83.99,2,0,0,0,0,0
XOM STK SMART,20150327,115030,84,2,0,0,0,0,0
XOM STK SMART,20150327,115116,83.99,1,0,0,0,0,0
XOM STK SMART,20150327,115132,84,1,0,0,0,0,0
XOM STK SMART,20150327,115144,83.99,1,0,0,0,0,0
XOM STK SMART,20150327,115204,84,1,0,0,0,0,0
XOM STK SMART,20150327,115219,84.01,1,0,0,0,0,0
XOM STK SMART,20150327,115239,84.02,1,0,0,0,0,0
XOM STK SMART,20150327,115242,84.02,1,0,0,0,0,0
XOM STK SMART,20150327,115257,84.01,1,0,0,0,0,0
XOM STK SMART,20150327,115327,84,1,0,0,0,0,0
XOM STK SMART,20150327,115331,83.99,1,0,0,0,0,0
XOM STK SMART,20150327,115346,83.97,1,0,0,0,0,0
XOM STK SMART,20150327,115351,83.98,1,0,0,0,0,0
XOM STK SMART,20150327,115405,83.96,2,0,0,0,0,0
XOM STK SMART,20150327,115418,83.96,1,0,0,0,0,0
XOM STK SMART,20150327,115428,83.96,3,0,0,0,0,0
XOM STK SMART,20150327,115437,83.95,1,0,0,0,0,0
XOM STK SMART,20150327,115445,83.96,1,0,0,0,0,0
XOM STK SMART,20150327,115459,83.92,1,0,0,0,0,0
XOM STK SMART,20150327,115519,83.91,1,0,0,0,0,0
XOM STK SMART,20150327,115529,83.9,1,0,0,0,0,0
XOM STK SMART,20150327,115532,83.89,1,0,0,0,0,0
XOM STK SMART,20150327,115550,83.88,1,0,0,0,0,0
XOM STK SMART,20150327,115551,83.86,2,0,0,0,0,0
XOM STK SMART,20150327,115610,83.9,1,0,0,0,0,0
XOM STK SMART,20150327,115615,83.91,1,0,0,0,0,0
XOM STK SMART,20150327,115630,83.93,1,0,0,0,0,0
XOM STK SMART,20150327,115636,83.92,1,0,0,0,0,0
XOM STK SMART,20150327,115641,83.94,1,0,0,0,0,0
XOM STK SMART,20150327,115655,83.94,2,0,0,0,0,0
XOM STK SMART,20150327,115717,83.94,1,0,0,0,0,0
XOM STK SMART,20150327,115730,83.96,1,0,0,0,0,0
XOM STK SMART,20150327,115740,83.97,2,0,0,0,0,0
XOM STK SMART,20150327,115745,83.97,1,0,0,0,0,0
XOM STK SMART,20150327,115810,83.98,1,0,0,0,0,0
XOM STK SMART,20150327,115823,83.97,3,0,0,0,0,0
XOM STK SMART,20150327,115839,84,1,0,0,0,0,0
XOM STK SMART,20150327,115859,84,1,0,0,0,0,0
XOM STK SMART,20150327,115903,84.02,1,0,0,0,0,0
XOM STK SMART,20150327,115918,84.03,1,0,0,0,0,0
XOM STK SMART,20150327,115921,84.01,1,0,0,0,0,0
XOM STK SMART,20150327,115930,84.02,1,0,0,0,0,0
XOM STK SMART,20150327,115949,84.04,1,0,0,0,0,0
XOM STK SMART,20150327,115958,84.05,1,0,0,0,0,0
XOM STK SMART,20150327,120009,84.04,1,0,0,0,0,0
XOM STK SMART,20150327,120015,84.02,1,0,0,0,0,0
XOM STK SMART,20150327,120028,84.01,1,0,0,0,0,0
XOM STK SMART,20150327,120037,83.98,1,0,0,0,0,0
XOM STK SMART,20150327,120042,83.99,13,0,0,0,0,0
XOM STK SMART,20150327,120056,84,1,0,0,0,0,0
XOM STK SMART,20150327,120116,84.01,1,0,0,0,0,0
XOM STK SMART,20150327,120126,84.01,1,0,0,0,0,0
XOM STK SMART,20150327,120133,84,1,0,0,0,0,0
XOM STK SMART,20150327,120154,84,1,0,0,0,0,0
XOM STK SMART,20150327,120210,83.99,1,0,0,0,0,0
XOM STK SMART,20150327,120229,84,1,0,0,0,0,0
XOM STK SMART,20150327,120247,83.98,1,0,0,0,0,0
XOM STK SMART,20150327,120259,83.98,1,0,0,0,0,0
XOM STK SMART,20150327,120309,83.96,1,0,0,0,0,0
XOM STK SMART,20150327,120317,83.93,1,0,0,0,0,0
XOM STK SMART,20150327,120330,83.95,1,0,0,0,0,0
XOM STK SMART,20150327,120332,83.95,1,0,0,0,0,0
XOM STK SMART,20150327,120350,83.96,1,0,0,0,0,0
XOM STK SMART,20150327,120357,83.95,1,0,0,0,0,0
XOM STK SMART,20150327,120418,83.96,1,0,0,0,0,0
XOM STK SMART,20150327,120425,83.96,1,0,0,0,0,0
XOM STK SMART,20150327,120440,83.93,2,0,0,0,0,0
XOM STK SMART,20150327,120448,83.93,1,0,0,0,0,0
XOM STK SMART,20150327,120507,83.96,1,0,0,0,0,0
XOM STK SMART,20150327,120529,83.93,2,0,0,0,0,0
XOM STK SMART,20150327,120537,83.95,1,0,0,0,0,0
XOM STK SMART,20150327,120551,83.97,1,0,0,0,0,0
XOM STK SMART,20150327,120617,83.94,2,0,0,0,0,0
XOM STK SMART,20150327,120626,83.95,1,0,0,0,0,0
XOM STK SMART,20150327,120647,83.94,1,0,0,0,0,0
XOM STK SMART,20150327,120707,83.93,2,0,0,0,0,0
XOM STK SMART,20150327,120720,83.92,5,0,0,0,0,0
XOM STK SMART,20150327,120721,83.92,1,0,0,0,0,0
XOM STK SMART,20150327,120738,83.93,1,0,0,0,0,0
XOM STK SMART,20150327,120745,83.92,1,0,0,0,0,0
XOM STK SMART,20150327,120807,83.91,1,0,0,0,0,0
XOM STK SMART,20150327,120837,83.9,2,0,0,0,0,0
XOM STK SMART,20150327,120846,83.9,1,0,0,0,0,0
XOM STK SMART,20150327,120910,83.9,2,0,0,0,0,0
XOM STK SMART,20150327,120916,83.91,1,0,0,0,0,0
XOM STK SMART,20150327,120944,83.92,2,0,0,0,0,0
XOM STK SMART,20150327,120955,83.94,1,0,0,0,0,0
XOM STK SMART,20150327,121003,83.96,1,0,0,0,0,0
XOM STK SMART,20150327,121012,83.97,1,0,0,0,0,0
XOM STK SMART,20150327,121029,83.96,1,0,0,0,0,0
XOM STK SMART,20150327,121036,83.97,3,0,0,0,0,0
XOM STK SMART,20150327,121049,83.99,1,0,0,0,0,0
XOM STK SMART,20150327,121113,83.98,1,0,0,0,0,0
XOM STK SMART,20150327,121130,83.97,1,0,0,0,0,0
XOM STK SMART,20150327,121136,83.97,1,0,0,0,0,0
XOM STK SMART,20150327,121146,83.97,1,0,0,0,0,0
XOM STK SMART,20150327,121159,83.97,1,0,0,0,0,0
XOM STK SMART,20150327,121219,83.98,2,0,0,0,0,0
XOM STK SMART,20150327,121230,83.96,1,0,0,0,0,0
XOM STK SMART,20150327,121236,83.95,1,0,0,0,0,0
XOM STK SMART,20150327,121246,83.95,1,0,0,0,0,0
XOM STK SMART,20150327,121304,83.93,1,0,0,0,0,0
XOM STK SMART,20150327,121313,83.91,1,0,0,0,0,0
XOM STK SMART,20150327,121325,83.9,1,0,0,0,0,0
XOM STK SMART,20150327,121338,83.89,1,0,0,0,0,0
XOM STK SMART,20150327,121357,83.89,1,0,0,0,0,0
XOM STK SMART,20150327,121417,83.88,1,0,0,0,0,0
XOM STK SMART,20150327,121425,83.89,1,0,0,0,0,0
XOM STK SMART,20150327,121440,83.91,1,0,0,0,0,0
XOM STK SMART,20150327,121441,83.92,1,0,0,0,0,0
XOM STK SMART,20150327,121508,83.93,1,0,0,0,0,0
XOM STK SMART,20150327,121520,83.94,1,0,0,0,0,0
XOM STK SMART,20150327,121530,83.95,2,0,0,0,0,0
XOM STK SMART,20150327,121534,83.94,1,0,0,0,0,0
XOM STK SMART,20150327,121545,83.96,1,0,0,0,0,0
XOM STK SMART,20150327,121629,83.98,1,0,0,0,0,0
XOM STK SMART,20150327,121642,83.98,1,0,0,0,0,0
XOM STK SMART,20150327,121657,83.96,1,0,0,0,0,0
XOM STK SMART,20150327,121738,83.96,1,0,0,0,0,0
XOM STK SMART,20150327,121748,83.94,1,0,0,0,0,0
XOM STK SMART,20150327,121758,83.92,1,0,0,0,0,0
XOM STK SMART,20150327,121809,83.93,2,0,0,0,0,0
XOM STK SMART,20150327,121812,83.92,1,0,0,0,0,0
XOM STK SMART,20150327,121835,83.93,1,0,0,0,0,0
XOM STK SMART,20150327,121846,83.94,1,0,0,0,0,0
XOM STK SMART,20150327,121900,83.95,1,0,0,0,0,0
XOM STK SMART,20150327,121902,83.94,1,0,0,0,0,0
XOM STK SMART,20150327,121940,83.88,1,0,0,0,0,0
XOM STK SMART,20150327,121947,83.91,1,0,0,0,0,0
XOM STK SMART,20150327,122004,83.9,1,0,0,0,0,0
XOM STK SMART,20150327,122021,83.89,1,0,0,0,0,0
XOM STK SMART,20150327,122022,83.88,2,0,0,0,0,0
XOM STK SMART,20150327,122047,83.91,1,0,0,0,0,0
XOM STK SMART,20150327,122101,83.92,1,0,0,0,0,0
XOM STK SMART,20150327,122150,83.93,2,0,0,0,0,0
XOM STK SMART,20150327,122210,83.92,1,0,0,0,0,0
XOM STK SMART,20150327,122225,83.94,2,0,0,0,0,0
XOM STK SMART,20150327,122249,83.91,1,0,0,0,0,0
XOM STK SMART,20150327,122300,83.88,1,0,0,0,0,0
XOM STK SMART,20150327,122321,83.89,1,0,0,0,0,0
XOM STK SMART,20150327,122330,83.88,1,0,0,0,0,0
XOM STK SMART,20150327,122336,83.89,1,0,0,0,0,0
XOM STK SMART,20150327,122350,83.88,1,0,0,0,0,0
XOM STK SMART,20150327,122355,83.89,1,0,0,0,0,0
XOM STK SMART,20150327,122414,83.89,1,0,0,0,0,0
XOM STK SMART,20150327,122431,83.9,2,0,0,0,0,0
XOM STK SMART,20150327,122446,83.9,2,0,0,0,0,0
XOM STK SMART,20150327,122459,83.91,1,0,0,0,0,0
XOM STK SMART,20150327,122528,83.91,1,0,0,0,0,0
XOM STK SMART,20150327,122538,83.91,1,0,0,0,0,0
XOM STK SMART,20150327,122546,83.91,1,0,0,0,0,0
XOM STK SMART,20150327,122600,83.91,1,0,0,0,0,0
XOM STK SMART,20150327,122608,83.93,1,0,0,0,0,0
XOM STK SMART,20150327,122619,83.94,1,0,0,0,0,0
XOM STK SMART,20150327,122628,83.96,1,0,0,0,0,0
XOM STK SMART,20150327,122641,83.95,1,0,0,0,0,0
XOM STK SMART,20150327,122653,83.93,2,0,0,0,0,0
XOM STK SMART,20150327,122711,83.92,1,0,0,0,0,0
XOM STK SMART,20150327,122713,83.91,1,0,0,0,0,0
XOM STK SMART,20150327,122724,83.92,1,0,0,0,0,0
XOM STK SMART,20150327,122741,83.9,1,0,0,0,0,0
XOM STK SMART,20150327,122758,83.89,1,0,0,0,0,0
XOM STK SMART,20150327,122803,83.88,1,0,0,0,0,0
XOM STK SMART,20150327,122817,83.83,1,0,0,0,0,0
XOM STK SMART,20150327,122831,83.84,2,0,0,0,0,0
XOM STK SMART,20150327,122838,83.82,1,0,0,0,0,0
XOM STK SMART,20150327,122849,83.81,1,0,0,0,0,0
XOM STK SMART,20150327,122854,83.82,1,0,0,0,0,0
XOM STK SMART,20150327,122918,83.84,1,0,0,0,0,0
XOM STK SMART,20150327,122931,83.86,1,0,0,0,0,0
XOM STK SMART,20150327,122934,83.88,1,0,0,0,0,0
XOM STK SMART,20150327,122949,83.89,1,0,0,0,0,0
XOM STK SMART,20150327,122958,83.89,1,0,0,0,0,0
XOM STK SMART,20150327,123003,83.88,1,0,0,0,0,0
XOM STK SMART,20150327,123020,83.9,1,0,0,0,0,0
XOM STK SMART,20150327,123024,83.89,1,0,0,0,0,0
XOM STK SMART,20150327,123040,83.91,1,0,0,0,0,0
XOM STK SMART,20150327,123051,83.95,1,0,0,0,0,0
XOM STK SMART,20150327,123101,83.96,1,0,0,0,0,0
XOM STK SMART,20150327,123108,83.95,1,0,0,0,0,0
XOM STK SMART,20150327,123116,83.95,1,0,0,0,0,0
XOM STK SMART,20150327,123123,83.93,1,0,0,0,0,0
XOM STK SMART,20150327,123133,83.94,1,0,0,0,0,0
XOM STK SMART,20150327,123151,83.9,1,0,0,0,0,0
XOM STK SMART,20150327,123201,83.91,1,0,0,0,0,0
XOM STK SMART,20150327,123208,83.94,1,0,0,0,0,0
XOM STK SMART,20150327,123217,83.96,1,0,0,0,0,0
XOM STK SMART,20150327,123227,83.96,1,0,0,0,0,0
XOM STK SMART,20150327,123241,83.99,1,0,0,0,0,0
XOM STK SMART,20150327,123242,84,1,0,0,0,0,0
XOM STK SMART,20150327,123256,84.01,1,0,0,0,0,0
XOM STK SMART,20150327,123309,84,4,0,0,0,0,0
XOM STK SMART,20150327,123315,84,1,0,0,0,0,0
XOM STK SMART,20150327,123331,84.01,1,0,0,0,0,0
XOM STK SMART,20150327,123336,83.99,2,0,0,0,0,0
XOM STK SMART,20150327,123342,83.99,1,0,0,0,0,0
XOM STK SMART,20150327,123406,84,1,0,0,0,0,0
XOM STK SMART,20150327,123421,83.97,1,0,0,0,0,0
XOM STK SMART,20150327,123423,83.96,1,0,0,0,0,0
XOM STK SMART,20150327,123432,83.95,1,0,0,0,0,0
XOM STK SMART,20150327,123452,83.92,1,0,0,0,0,0
XOM STK SMART,20150327,123453,83.91,1,0,0,0,0,0
XOM STK SMART,20150327,123504,83.92,1,0,0,0,0,0
XOM STK SMART,20150327,123518,83.9,1,0,0,0,0,0
XOM STK SMART,20150327,123617,83.89,1,0,0,0,0,0
XOM STK SMART,20150327,123631,83.9,1,0,0,0,0,0
XOM STK SMART,20150327,123641,83.9,1,0,0,0,0,0
XOM STK SMART,20150327,123649,83.91,1,0,0,0,0,0
XOM STK SMART,20150327,123658,83.92,2,0,0,0,0,0
XOM STK SMART,20150327,123705,83.93,1,0,0,0,0,0
XOM STK SMART,20150327,123740,83.91,1,0,0,0,0,0
XOM STK SMART,20150327,123756,83.9,1,0,0,0,0,0
XOM STK SMART,20150327,123808,83.88,1,0,0,0,0,0
XOM STK SMART,20150327,123815,83.89,1,0,0,0,0,0
XOM STK SMART,20150327,123839,83.91,1,0,0,0,0,0
XOM STK SMART,20150327,123858,83.89,1,0,0,0,0,0
XOM STK SMART,20150327,123919,83.9,1,0,0,0,0,0
XOM STK SMART,20150327,123932,83.91,1,0,0,0,0,0
XOM STK SMART,20150327,124004,83.93,1,0,0,0,0,0
XOM STK SMART,20150327,124015,83.92,1,0,0,0,0,0
XOM STK SMART,20150327,124040,83.91,1,0,0,0,0,0
XOM STK SMART,20150327,124055,83.94,1,0,0,0,0,0
XOM STK SMART,20150327,124111,83.92,1,0,0,0,0,0
XOM STK SMART,20150327,124113,83.93,1,0,0,0,0,0
XOM STK SMART,20150327,124132,83.93,1,0,0,0,0,0
XOM STK SMART,20150327,124134,83.94,1,0,0,0,0,0
XOM STK SMART,20150327,124150,83.93,1,0,0,0,0,0
XOM STK SMART,20150327,124202,83.92,1,0,0,0,0,0
XOM STK SMART,20150327,124207,83.9,1,0,0,0,0,0
XOM STK SMART,20150327,124219,83.87,2,0,0,0,0,0
XOM STK SMART,20150327,124225,83.89,1,0,0,0,0,0
XOM STK SMART,20150327,124257,83.88,2,0,0,0,0,0
XOM STK SMART,20150327,124322,83.87,1,0,0,0,0,0
XOM STK SMART,20150327,124328,83.88,1,0,0,0,0,0
XOM STK SMART,20150327,124339,83.86,1,0,0,0,0,0
XOM STK SMART,20150327,124355,83.86,1,0,0,0,0,0
XOM STK SMART,20150327,124412,83.84,1,0,0,0,0,0
XOM STK SMART,20150327,124420,83.81,1,0,0,0,0,0
XOM STK SMART,20150327,124434,83.81,1,0,0,0,0,0
XOM STK SMART,20150327,124451,83.81,1,0,0,0,0,0
XOM STK SMART,20150327,124501,83.8,2,0,0,0,0,0
XOM STK SMART,20150327,124504,83.79,1,0,0,0,0,0
XOM STK SMART,20150327,124525,83.79,2,0,0,0,0,0
XOM STK SMART,20150327,124537,83.76,1,0,0,0,0,0
XOM STK SMART,20150327,124550,83.79,1,0,0,0,0,0
XOM STK SMART,20150327,124600,83.79,1,0,0,0,0,0
XOM STK SMART,20150327,124630,83.8,1,0,0,0,0,0
XOM STK SMART,20150327,124658,83.79,1,0,0,0,0,0
XOM STK SMART,20150327,124735,83.78,2,0,0,0,0,0
XOM STK SMART,20150327,124802,83.76,2,0,0,0,0,0
XOM STK SMART,20150327,124808,83.75,2,0,0,0,0,0
XOM STK SMART,20150327,124822,83.74,2,0,0,0,0,0
XOM STK SMART,20150327,124831,83.74,1,0,0,0,0,0
XOM STK SMART,20150327,124906,83.75,1,0,0,0,0,0
XOM STK SMART,20150327,124939,83.75,1,0,0,0,0,0
XOM STK SMART,20150327,125002,83.73,1,0,0,0,0,0
XOM STK SMART,20150327,125012,83.74,2,0,0,0,0,0
XOM STK SMART,20150327,125032,83.74,1,0,0,0,0,0
XOM STK SMART,20150327,125042,83.73,1,0,0,0,0,0
XOM STK SMART,20150327,125052,83.74,1,0,0,0,0,0
XOM STK SMART,20150327,125102,83.73,2,0,0,0,0,0
XOM STK SMART,20150327,125111,83.74,2,0,0,0,0,0
XOM STK SMART,20150327,125115,83.75,2,0,0,0,0,0
XOM STK SMART,20150327,125126,83.76,1,0,0,0,0,0
XOM STK SMART,20150327,125134,83.75,1,0,0,0,0,0
XOM STK SMART,20150327,125200,83.74,1,0,0,0,0,0
XOM STK SMART,20150327,125220,83.76,2,0,0,0,0,0
XOM STK SMART,20150327,125224,83.75,1,0,0,0,0,0
XOM STK SMART,20150327,125302,83.74,2,0,0,0,0,0
XOM STK SMART,20150327,125324,83.74,1,0,0,0,0,0
XOM STK SMART,20150327,125355,83.75,1,0,0,0,0,0
XOM STK SMART,20150327,125412,83.74,1,0,0,0,0,0
XOM STK SMART,20150327,125438,83.74,1,0,0,0,0,0
XOM STK SMART,20150327,125508,83.74,1,0,0,0,0,0
XOM STK SMART,20150327,125520,83.76,1,0,0,0,0,0
XOM STK SMART,20150327,125533,83.74,1,0,0,0,0,0
XOM STK SMART,20150327,125612,83.74,1,0,0,0,0,0
XOM STK SMART,20150327,125623,83.75,1,0,0,0,0,0
XOM STK SMART,20150327,125640,83.76,1,0,0,0,0,0
XOM STK SMART,20150327,125649,83.75,1,0,0,0,0,0
XOM STK SMART,20150327,125741,83.74,1,0,0,0,0,0
XOM STK SMART,20150327,125823,83.75,1,0,0,0,0,0
XOM STK SMART,20150327,125837,83.74,1,0,0,0,0,0
XOM STK SMART,20150327,125852,83.75,1,0,0,0,0,0
XOM STK SMART,20150327,125907,83.75,1,0,0,0,0,0
XOM STK SMART,20150327,125916,83.76,1,0,0,0,0,0
XOM STK SMART,20150327,125957,83.76,1,0,0,0,0,0
XOM STK SMART,20150327,130011,83.77,1,0,0,0,0,0
XOM STK SMART,20150327,130046,83.78,1,0,0,0,0,0
XOM STK SMART,20150327,130057,83.77,1,0,0,0,0,0
XOM STK SMART,20150327,130106,83.76,1,0,0,0,0,0
XOM STK SMART,20150327,130120,83.76,1,0,0,0,0,0
XOM STK SMART,20150327,130128,83.75,1,0,0,0,0,0
XOM STK SMART,20150327,130136,83.74,1,0,0,0,0,0
XOM STK SMART,20150327,130153,83.77,1,0,0,0,0,0
XOM STK SMART,20150327,130226,83.76,1,0,0,0,0,0
XOM STK SMART,20150327,130242,83.78,1,0,0,0,0,0
XOM STK SMART,20150327,130244,83.77,1,0,0,0,0,0
XOM STK SMART,20150327,130302,83.76,1,0,0,0,0,0
XOM STK SMART,20150327,130306,83.77,1,0,0,0,0,0
XOM STK SMART,20150327,130326,83.76,1,0,0,0,0,0
XOM STK SMART,20150327,130340,83.77,1,0,0,0,0,0
XOM STK SMART,20150327,130348,83.79,1,0,0,0,0,0
XOM STK SMART,20150327,130412,83.79,1,0,0,0,0,0
XOM STK SMART,20150327,130437,83.8,1,0,0,0,0,0
XOM STK SMART,20150327,130448,83.81,1,0,0,0,0,0
XOM STK SMART,20150327,130507,83.82,1,0,0,0,0,0
XOM STK SMART,20150327,130529,83.83,1,0,0,0,0,0
XOM STK SMART,20150327,130541,83.81,1,0,0,0,0,0
XOM STK SMART,20150327,130544,83.79,1,0,0,0,0,0
XOM STK SMART,20150327,130555,83.81,1,0,0,0,0,0
XOM STK SMART,20150327,130619,83.79,1,0,0,0,0,0
XOM STK SMART,20150327,130630,83.8,1,0,0,0,0,0
XOM STK SMART,20150327,130638,83.79,2,0,0,0,0,0
XOM STK SMART,20150327,130646,83.78,1,0,0,0,0,0
XOM STK SMART,20150327,130740,83.78,2,0,0,0,0,0
XOM STK SMART,20150327,130753,83.77,2,0,0,0,0,0
XOM STK SMART,20150327,130756,83.78,1,0,0,0,0,0
XOM STK SMART,20150327,130812,83.79,1,0,0,0,0,0
XOM STK SMART,20150327,130850,83.77,1,0,0,0,0,0
XOM STK SMART,20150327,130902,83.77,1,0,0,0,0,0
XOM STK SMART,20150327,130959,83.76,1,0,0,0,0,0
XOM STK SMART,20150327,131010,83.75,1,0,0,0,0,0
XOM STK SMART,20150327,131022,83.74,2,0,0,0,0,0
XOM STK SMART,20150327,131032,83.74,1,0,0,0,0,0
XOM STK SMART,20150327,131040,83.75,1,0,0,0,0,0
XOM STK SMART,20150327,131052,83.77,1,0,0,0,0,0
XOM STK SMART,20150327,131113,83.77,1,0,0,0,0,0
XOM STK SMART,20150327,131124,83.76,1,0,0,0,0,0
XOM STK SMART,20150327,131137,83.76,1,0,0,0,0,0
XOM STK SMART,20150327,131146,83.77,1,0,0,0,0,0
XOM STK SMART,20150327,131202,83.76,1,0,0,0,0,0
XOM STK SMART,20150327,131204,83.77,1,0,0,0,0,0
XOM STK SMART,20150327,131215,83.78,1,0,0,0,0,0
XOM STK SMART,20150327,131230,83.8,1,0,0,0,0,0
XOM STK SMART,20150327,131239,83.81,1,0,0,0,0,0
XOM STK SMART,20150327,131302,83.82,1,0,0,0,0,0
XOM STK SMART,20150327,131313,83.8,1,0,0,0,0,0
XOM STK SMART,20150327,131316,83.78,1,0,0,0,0,0
XOM STK SMART,20150327,131328,83.78,1,0,0,0,0,0
XOM STK SMART,20150327,131422,83.79,1,0,0,0,0,0
XOM STK SMART,20150327,131443,83.8,2,0,0,0,0,0
XOM STK SMART,20150327,131500,83.8,1,0,0,0,0,0
XOM STK SMART,20150327,131512,83.79,1,0,0,0,0,0
XOM STK SMART,20150327,131550,83.83,1,0,0,0,0,0
XOM STK SMART,20150327,131603,83.83,2,0,0,0,0,0
XOM STK SMART,20150327,131604,83.83,1,0,0,0,0,0
XOM STK SMART,20150327,131643,83.81,1,0,0,0,0,0
XOM STK SMART,20150327,131653,83.81,2,0,0,0,0,0
XOM STK SMART,20150327,131708,83.8,1,0,0,0,0,0
XOM STK SMART,20150327,131733,83.76,1,0,0,0,0,0
XOM STK SMART,20150327,131737,83.76,1,0,0,0,0,0
XOM STK SMART,20150327,131752,83.81,1,0,0,0,0,0
XOM STK SMART,20150327,131821,83.81,1,0,0,0,0,0
XOM STK SMART,20150327,131828,83.8,1,0,0,0,0,0
XOM STK SMART,20150327,131838,83.82,1,0,0,0,0,0
XOM STK SMART,20150327,131900,83.81,1,0,0,0,0,0
XOM STK SMART,20150327,131936,83.82,1,0,0,0,0,0
XOM STK SMART,20150327,131959,83.82,1,0,0,0,0,0
XOM STK SMART,20150327,132010,83.83,2,0,0,0,0,0
XOM STK SMART,20150327,132022,83.82,1,0,0,0,0,0
XOM STK SMART,20150327,132046,83.8,1,0,0,0,0,0
XOM STK SMART,20150327,132102,83.79,1,0,0,0,0,0
XOM STK SMART,20150327,132108,83.76,1,0,0,0,0,0
XOM STK SMART,20150327,132116,83.77,1,0,0,0,0,0
XOM STK SMART,20150327,132219,83.8,1,0,0,0,0,0
XOM STK SMART,20150327,132227,83.82,1,0,0,0,0,0
XOM STK SMART,20150327,132258,83.81,1,0,0,0,0,0
XOM STK SMART,20150327,132313,83.82,1,0,0,0,0,0
XOM STK SMART,20150327,132324,83.81,1,0,0,0,0,0
XOM STK SMART,20150327,132353,83.8,1,0,0,0,0,0
XOM STK SMART,20150327,132454,83.8,2,0,0,0,0,0
XOM STK SMART,20150327,132503,83.79,2,0,0,0,0,0
XOM STK SMART,20150327,132512,83.8,1,0,0,0,0,0
XOM STK SMART,20150327,132527,83.79,1,0,0,0,0,0
XOM STK SMART,20150327,132553,83.79,2,0,0,0,0,0
XOM STK SMART,20150327,132601,83.78,2,0,0,0,0,0
XOM STK SMART,20150327,132605,83.78,1,0,0,0,0,0
XOM STK SMART,20150327,132623,83.79,1,0,0,0,0,0
XOM STK SMART,20150327,132647,83.8,2,0,0,0,0,0
XOM STK SMART,20150327,132658,83.78,1,0,0,0,0,0
XOM STK SMART,20150327,132734,83.78,2,0,0,0,0,0
XOM STK SMART,20150327,132734,83.78,1,0,0,0,0,0
XOM STK SMART,20150327,132804,83.76,1,0,0,0,0,0
XOM STK SMART,20150327,132904,83.77,1,0,0,0,0,0
XOM STK SMART,20150327,132938,83.76,1,0,0,0,0,0
XOM STK SMART,20150327,133053,83.77,1,0,0,0,0,0
XOM STK SMART,20150327,133204,83.78,2,0,0,0,0,0
XOM STK SMART,20150327,133213,83.78,1,0,0,0,0,0
XOM STK SMART,20150327,133230,83.77,1,0,0,0,0,0
XOM STK SMART,20150327,133239,83.77,1,0,0,0,0,0
XOM STK SMART,20150327,133246,83.78,1,0,0,0,0,0
XOM STK SMART,20150327,133257,83.77,1,0,0,0,0,0
XOM STK SMART,20150327,133323,83.74,1,0,0,0,0,0
XOM STK SMART,20150327,133412,83.75,1,0,0,0,0,0
XOM STK SMART,20150327,133426,83.76,1,0,0,0,0,0
XOM STK SMART,20150327,133512,83.73,1,0,0,0,0,0
XOM STK SMART,20150327,133517,83.74,1,0,0,0,0,0
XOM STK SMART,20150327,133540,83.73,2,0,0,0,0,0
XOM STK SMART,20150327,133549,83.74,1,0,0,0,0,0
XOM STK SMART,20150327,133603,83.74,1,0,0,0,0,0
XOM STK SMART,20150327,133613,83.72,1,0,0,0,0,0
XOM STK SMART,20150327,133650,83.74,1,0,0,0,0,0
XOM STK SMART,20150327,133710,83.74,1,0,0,0,0,0
XOM STK SMART,20150327,133721,83.76,1,0,0,0,0,0
XOM STK SMART,20150327,133731,83.75,1,0,0,0,0,0
XOM STK SMART,20150327,133741,83.76,1,0,0,0,0,0
XOM STK SMART,20150327,133752,83.75,1,0,0,0,0,0
XOM STK SMART,20150327,133800,83.74,1,0,0,0,0,0
XOM STK SMART,20150327,133811,83.77,1,0,0,0,0,0
XOM STK SMART,20150327,133831,83.75,1,0,0,0,0,0
XOM STK SMART,20150327,133841,83.74,1,0,0,0,0,0
XOM STK SMART,20150327,133850,83.75,1,0,0,0,0,0
XOM STK SMART,20150327,133936,83.76,1,0,0,0,0,0
XOM STK SMART,20150327,134006,83.77,1,0,0,0,0,0
XOM STK SMART,20150327,134025,83.78,1,0,0,0,0,0
XOM STK SMART,20150327,134028,83.77,1,0,0,0,0,0
XOM STK SMART,20150327,134054,83.79,1,0,0,0,0,0
XOM STK SMART,20150327,134112,83.81,2,0,0,0,0,0
XOM STK SMART,20150327,134120,83.8,1,0,0,0,0,0
XOM STK SMART,20150327,134154,83.84,1,0,0,0,0,0
XOM STK SMART,20150327,134201,83.85,1,0,0,0,0,0
XOM STK SMART,20150327,134222,83.86,1,0,0,0,0,0
XOM STK SMART,20150327,134235,83.86,1,0,0,0,0,0
XOM STK SMART,20150327,134240,83.85,1,0,0,0,0,0
XOM STK SMART,20150327,134252,83.84,1,0,0,0,0,0
XOM STK SMART,20150327,134305,83.85,15,0,0,0,0,0
XOM STK SMART,20150327,134306,83.86,1,0,0,0,0,0
XOM STK SMART,20150327,134332,83.84,1,0,0,0,0,0
XOM STK SMART,20150327,134345,83.83,2,0,0,0,0,0
XOM STK SMART,20150327,134350,83.83,6,0,0,0,0,0
XOM STK SMART,20150327,134404,83.81,1,0,0,0,0,0
XOM STK SMART,20150327,134411,83.81,1,0,0,0,0,0
XOM STK SMART,20150327,134425,83.79,1,0,0,0,0,0
XOM STK SMART,20150327,134430,83.8,1,0,0,0,0,0
XOM STK SMART,20150327,134452,83.82,1,0,0,0,0,0
XOM STK SMART,20150327,134522,83.8,1,0,0,0,0,0
XOM STK SMART,20150327,134544,83.79,1,0,0,0,0,0
XOM STK SMART,20150327,134552,83.77,1,0,0,0,0,0
XOM STK SMART,20150327,134605,83.76,1,0,0,0,0,0
XOM STK SMART,20150327,134645,83.75,3,0,0,0,0,0
XOM STK SMART,20150327,134646,83.75,1,0,0,0,0,0
XOM STK SMART,20150327,134658,83.74,2,0,0,0,0,0
XOM STK SMART,20150327,134714,83.73,1,0,0,0,0,0
XOM STK SMART,20150327,134730,83.72,2,0,0,0,0,0
XOM STK SMART,20150327,134738,83.72,4,0,0,0,0,0
XOM STK SMART,20150327,134748,83.72,1,0,0,0,0,0
XOM STK SMART,20150327,134756,83.71,1,0,0,0,0,0
XOM STK SMART,20150327,134824,83.7,1,0,0,0,0,0
XOM STK SMART,20150327,134900,83.71,1,0,0,0,0,0
XOM STK SMART,20150327,134920,83.74,1,0,0,0,0,0
XOM STK SMART,20150327,134947,83.74,2,0,0,0,0,0
XOM STK SMART,20150327,134958,83.75,2,0,0,0,0,0
XOM STK SMART,20150327,135014,83.77,1,0,0,0,0,0
XOM STK SMART,20150327,135027,83.77,1,0,0,0,0,0
XOM STK SMART,20150327,135053,83.78,1,0,0,0,0,0
XOM STK SMART,20150327,135119,83.77,1,0,0,0,0,0
XOM STK SMART,20150327,135134,83.76,2,0,0,0,0,0
XOM STK SMART,20150327,135142,83.76,1,0,0,0,0,0
XOM STK SMART,20150327,135151,83.74,1,0,0,0,0,0
XOM STK SMART,20150327,135210,83.75,1,0,0,0,0,0
XOM STK SMART,20150327,135217,83.77,1,0,0,0,0,0
XOM STK SMART,20150327,135242,83.78,1,0,0,0,0,0
XOM STK SMART,20150327,135301,83.81,1,0,0,0,0,0
XOM STK SMART,20150327,135309,83.8,1,0,0,0,0,0
XOM STK SMART,20150327,135327,83.8,2,0,0,0,0,0
XOM STK SMART,20150327,135342,83.79,1,0,0,0,0,0
XOM STK SMART,20150327,135355,83.77,1,0,0,0,0,0
XOM STK SMART,20150327,135356,83.77,2,0,0,0,0,0
XOM STK SMART,20150327,135415,83.77,2,0,0,0,0,0
XOM STK SMART,20150327,135425,83.78,1,0,0,0,0,0
XOM STK SMART,20150327,135502,83.78,1,0,0,0,0,0
XOM STK SMART,20150327,135518,83.79,1,0,0,0,0,0
XOM STK SMART,20150327,135533,83.81,1,0,0,0,0,0
XOM STK SMART,20150327,135544,83.83,1,0,0,0,0,0
XOM STK SMART,20150327,135552,83.84,1,0,0,0,0,0
XOM STK SMART,20150327,135605,83.82,1,0,0,0,0,0
XOM STK SMART,20150327,135612,83.81,1,0,0,0,0,0
XOM STK SMART,20150327,135643,83.78,2,0,0,0,0,0
XOM STK SMART,20150327,135655,83.76,1,0,0,0,0,0
XOM STK SMART,20150327,135704,83.76,1,0,0,0,0,0
XOM STK SMART,20150327,135713,83.78,1,0,0,0,0,0
XOM STK SMART,20150327,135726,83.76,1,0,0,0,0,0
XOM STK SMART,20150327,135734,83.77,1,0,0,0,0,0
XOM STK SMART,20150327,135744,83.81,1,0,0,0,0,0
XOM STK SMART,20150327,135754,83.81,1,0,0,0,0,0
XOM STK SMART,20150327,135813,83.84,1,0,0,0,0,0
XOM STK SMART,20150327,135820,83.83,1,0,0,0,0,0
XOM STK SMART,20150327,135840,83.82,1,0,0,0,0,0
XOM STK SMART,20150327,135848,83.81,2,0,0,0,0,0
XOM STK SMART,20150327,135932,83.79,1,0,0,0,0,0
XOM STK SMART,20150327,140011,83.8,1,0,0,0,0,0
XOM STK SMART,20150327,140021,83.77,1,0,0,0,0,0
XOM STK SMART,20150327,140035,83.79,1,0,0,0,0,0
XOM STK SMART,20150327,140041,83.78,1,0,0,0,0,0
XOM STK SMART,20150327,140100,83.79,1,0,0,0,0,0
XOM STK SMART,20150327,140126,83.84,1,0,0,0,0,0
XOM STK SMART,20150327,140156,83.84,1,0,0,0,0,0
XOM STK SMART,20150327,140225,83.83,1,0,0,0,0,0
XOM STK SMART,20150327,140233,83.85,1,0,0,0,0,0
XOM STK SMART,20150327,140254,83.84,1,0,0,0,0,0
XOM STK SMART,20150327,140300,83.85,1,0,0,0,0,0
XOM STK SMART,20150327,140326,83.85,1,0,0,0,0,0
XOM STK SMART,20150327,140327,83.83,1,0,0,0,0,0
XOM STK SMART,20150327,140338,83.82,1,0,0,0,0,0
XOM STK SMART,20150327,140401,83.79,1,0,0,0,0,0
XOM STK SMART,20150327,140408,83.8,1,0,0,0,0,0
XOM STK SMART,20150327,140426,83.84,1,0,0,0,0,0
XOM STK SMART,20150327,140434,83.82,1,0,0,0,0,0
XOM STK SMART,20150327,140454,83.81,1,0,0,0,0,0
XOM STK SMART,20150327,140520,83.8,1,0,0,0,0,0
XOM STK SMART,20150327,140536,83.79,1,0,0,0,0,0
XOM STK SMART,20150327,140552,83.79,2,0,0,0,0,0
XOM STK SMART,20150327,140603,83.79,1,0,0,0,0,0
XOM STK SMART,20150327,140614,83.78,1,0,0,0,0,0
XOM STK SMART,20150327,140623,83.78,1,0,0,0,0,0
XOM STK SMART,20150327,140633,83.78,2,0,0,0,0,0
XOM STK SMART,20150327,140714,83.79,1,0,0,0,0,0
XOM STK SMART,20150327,140723,83.78,1,0,0,0,0,0
XOM STK SMART,20150327,140727,83.77,1,0,0,0,0,0
XOM STK SMART,20150327,140752,83.76,1,0,0,0,0,0
XOM STK SMART,20150327,140825,83.75,3,0,0,0,0,0
XOM STK SMART,20150327,140834,83.75,1,0,0,0,0,0
XOM STK SMART,20150327,140845,83.76,3,0,0,0,0,0
XOM STK SMART,20150327,140848,83.75,1,0,0,0,0,0
XOM STK SMART,20150327,140906,83.72,1,0,0,0,0,0
XOM STK SMART,20150327,140916,83.74,1,0,0,0,0,0
XOM STK SMART,20150327,140921,83.72,1,0,0,0,0,0
XOM STK SMART,20150327,140946,83.73,2,0,0,0,0,0
XOM STK SMART,20150327,140947,83.73,1,0,0,0,0,0
XOM STK SMART,20150327,141012,83.73,1,0,0,0,0,0
XOM STK SMART,20150327,141020,83.73,1,0,0,0,0,0
XOM STK SMART,20150327,141044,83.7,1,0,0,0,0,0
XOM STK SMART,20150327,141053,83.71,1,0,0,0,0,0
XOM STK SMART,20150327,141106,83.66,1,0,0,0,0,0
XOM STK SMART,20150327,141116,83.66,2,0,0,0,0,0
XOM STK SMART,20150327,141125,83.68,1,0,0,0,0,0
XOM STK SMART,20150327,141147,83.69,1,0,0,0,0,0
XOM STK SMART,20150327,141202,83.68,1,0,0,0,0,0
XOM STK SMART,20150327,141215,83.7,1,0,0,0,0,0
XOM STK SMART,20150327,141238,83.68,1,0,0,0,0,0
XOM STK SMART,20150327,141252,83.67,1,0,0,0,0,0
XOM STK SMART,20150327,141259,83.67,3,0,0,0,0,0
XOM STK SMART,20150327,141322,83.67,1,0,0,0,0,0
XOM STK SMART,20150327,141328,83.68,1,0,0,0,0,0
XOM STK SMART,20150327,141353,83.68,1,0,0,0,0,0
XOM STK SMART,20150327,141404,83.66,2,0,0,0,0,0
XOM STK SMART,20150327,141408,83.66,1,0,0,0,0,0
XOM STK SMART,20150327,141436,83.65,3,0,0,0,0,0
XOM STK SMART,20150327,141445,83.62,1,0,0,0,0,0
XOM STK SMART,20150327,141448,83.61,1,0,0,0,0,0
XOM STK SMART,20150327,141506,83.62,1,0,0,0,0,0
XOM STK SMART,20150327,141514,83.6,1,0,0,0,0,0
XOM STK SMART,20150327,141520,83.61,1,0,0,0,0,0
XOM STK SMART,20150327,141547,83.61,1,0,0,0,0,0
XOM STK SMART,20150327,141556,83.6,1,0,0,0,0,0
XOM STK SMART,20150327,141609,83.62,1,0,0,0,0,0
XOM STK SMART,20150327,141622,83.63,1,0,0,0,0,0
XOM STK SMART,20150327,141640,83.62,1,0,0,0,0,0
XOM STK SMART,20150327,141727,83.61,2,0,0,0,0,0
XOM STK SMART,20150327,141736,83.59,2,0,0,0,0,0
XOM STK SMART,20150327,141737,83.59,1,0,0,0,0,0
XOM STK SMART,20150327,141756,83.59,1,0,0,0,0,0
XOM STK SMART,20150327,141803,83.58,1,0,0,0,0,0
XOM STK SMART,20150327,141813,83.57,1,0,0,0,0,0
XOM STK SMART,20150327,141825,83.56,1,0,0,0,0,0
XOM STK SMART,20150327,141836,83.58,1,0,0,0,0,0
XOM STK SMART,20150327,141906,83.59,2,0,0,0,0,0
XOM STK SMART,20150327,141922,83.58,1,0,0,0,0,0
XOM STK SMART,20150327,141930,83.58,1,0,0,0,0,0
XOM STK SMART,20150327,141937,83.58,2,0,0,0,0,0
XOM STK SMART,20150327,141947,83.58,1,0,0,0,0,0
XOM STK SMART,20150327,142005,83.55,1,0,0,0,0,0
XOM STK SMART,20150327,142016,83.55,9,0,0,0,0,0
XOM STK SMART,20150327,142024,83.56,1,0,0,0,0,0
XOM STK SMART,20150327,142034,83.56,1,0,0,0,0,0
XOM STK SMART,20150327,142057,83.57,1,0,0,0,0,0
XOM STK SMART,20150327,142058,83.57,2,0,0,0,0,0
XOM STK SMART,20150327,142110,83.58,1,0,0,0,0,0
XOM STK SMART,20150327,142130,83.61,1,0,0,0,0,0
XOM STK SMART,20150327,142205,83.64,1,0,0,0,0,0
XOM STK SMART,20150327,142216,83.64,1,0,0,0,0,0
XOM STK SMART,20150327,142232,83.65,1,0,0,0,0,0
XOM STK SMART,20150327,142241,83.67,1,0,0,0,0,0
XOM STK SMART,20150327,142251,83.68,1,0,0,0,0,0
XOM STK SMART,20150327,142314,83.69,2,0,0,0,0,0
XOM STK SMART,20150327,142318,83.69,3,0,0,0,0,0
XOM STK SMART,20150327,142342,83.7,1,0,0,0,0,0
XOM STK SMART,20150327,142354,83.7,2,0,0,0,0,0
XOM STK SMART,20150327,142414,83.69,1,0,0,0,0,0
XOM STK SMART,20150327,142456,83.68,1,0,0,0,0,0
XOM STK SMART,20150327,142505,83.67,1,0,0,0,0,0
XOM STK SMART,20150327,142509,83.68,1,0,0,0,0,0
XOM STK SMART,20150327,142536,83.67,1,0,0,0,0,0
XOM STK SMART,20150327,142547,83.67,1,0,0,0,0,0
XOM STK SMART,20150327,142549,83.66,1,0,0,0,0,0
XOM STK SMART,20150327,142619,83.65,1,0,0,0,0,0
XOM STK SMART,20150327,142645,83.65,1,0,0,0,0,0
XOM STK SMART,20150327,142657,83.63,1,0,0,0,0,0
XOM STK SMART,20150327,142659,83.63,2,0,0,0,0,0
XOM STK SMART,20150327,142717,83.62,1,0,0,0,0,0
XOM STK SMART,20150327,142725,83.61,1,0,0,0,0,0
XOM STK SMART,20150327,142733,83.63,1,0,0,0,0,0
XOM STK SMART,20150327,142744,83.62,1,0,0,0,0,0
XOM STK SMART,20150327,142755,83.64,1,0,0,0,0,0
XOM STK SMART,20150327,142815,83.62,1,0,0,0,0,0
XOM STK SMART,20150327,142819,83.61,1,0,0,0,0,0
XOM STK SMART,20150327,142851,83.62,1,0,0,0,0,0
XOM STK SMART,20150327,142931,83.64,1,0,0,0,0,0
XOM STK SMART,20150327,142946,83.65,1,0,0,0,0,0
XOM STK SMART,20150327,142957,83.64,1,0,0,0,0,0
XOM STK SMART,20150327,143002,83.66,1,0,0,0,0,0
XOM STK SMART,20150327,143042,83.64,1,0,0,0,0,0
XOM STK SMART,20150327,143057,83.63,1,0,0,0,0,0
XOM STK SMART,20150327,143107,83.64,6,0,0,0,0,0
XOM STK SMART,20150327,143137,83.64,1,0,0,0,0,0
XOM STK SMART,20150327,143157,83.66,1,0,0,0,0,0
XOM STK SMART,20150327,143205,83.65,1,0,0,0,0,0
XOM STK SMART,20150327,143228,83.66,1,0,0,0,0,0
XOM STK SMART,20150327,143232,83.66,1,0,0,0,0,0
XOM STK SMART,20150327,143247,83.66,1,0,0,0,0,0
XOM STK SMART,20150327,143251,83.66,2,0,0,0,0,0
XOM STK SMART,20150327,143258,83.65,1,0,0,0,0,0
XOM STK SMART,20150327,143313,83.64,1,0,0,0,0,0
XOM STK SMART,20150327,143330,83.65,1,0,0,0,0,0
XOM STK SMART,20150327,143338,83.66,1,0,0,0,0,0
XOM STK SMART,20150327,143356,83.64,3,0,0,0,0,0
XOM STK SMART,20150327,143407,83.64,1,0,0,0,0,0
XOM STK SMART,20150327,143435,83.65,1,0,0,0,0,0
XOM STK SMART,20150327,143439,83.64,1,0,0,0,0,0
XOM STK SMART,20150327,143502,83.62,1,0,0,0,0,0
XOM STK SMART,20150327,143522,83.6,1,0,0,0,0,0
XOM STK SMART,20150327,143552,83.61,1,0,0,0,0,0
XOM STK SMART,20150327,143626,83.59,1,0,0,0,0,0
XOM STK SMART,20150327,143638,83.58,1,0,0,0,0,0
XOM STK SMART,20150327,143647,83.59,2,0,0,0,0,0
XOM STK SMART,20150327,143715,83.58,1,0,0,0,0,0
XOM STK SMART,20150327,143744,83.56,1,0,0,0,0,0
XOM STK SMART,20150327,143757,83.55,1,0,0,0,0,0
XOM STK SMART,20150327,143802,83.55,1,0,0,0,0,0
XOM STK SMART,20150327,143818,83.54,1,0,0,0,0,0
XOM STK SMART,20150327,143858,83.53,1,0,0,0,0,0
XOM STK SMART,20150327,143904,83.52,1,0,0,0,0,0
XOM STK SMART,20150327,143926,83.51,1,0,0,0,0,0
XOM STK SMART,20150327,143942,83.51,2,0,0,0,0,0
XOM STK SMART,20150327,143953,83.52,1,0,0,0,0,0
XOM STK SMART,20150327,143959,83.51,1,0,0,0,0,0
XOM STK SMART,20150327,144030,83.51,1,0,0,0,0,0
XOM STK SMART,20150327,144044,83.52,1,0,0,0,0,0
XOM STK SMART,20150327,144101,83.51,1,0,0,0,0,0
XOM STK SMART,20150327,144111,83.52,1,0,0,0,0,0
XOM STK SMART,20150327,144128,83.51,1,0,0,0,0,0
XOM STK SMART,20150327,144138,83.51,2,0,0,0,0,0
XOM STK SMART,20150327,144218,83.51,1,0,0,0,0,0
XOM STK SMART,20150327,144235,83.51,1,0,0,0,0,0
XOM STK SMART,20150327,144257,83.53,1,0,0,0,0,0
XOM STK SMART,20150327,144326,83.52,1,0,0,0,0,0
XOM STK SMART,20150327,144338,83.5,1,0,0,0,0,0
XOM STK SMART,20150327,144339,83.51,1,0,0,0,0,0
XOM STK SMART,20150327,144440,83.52,1,0,0,0,0,0
XOM STK SMART,20150327,144453,83.52,3,0,0,0,0,0
XOM STK SMART,20150327,144503,83.51,2,0,0,0,0,0
XOM STK SMART,20150327,144509,83.52,1,0,0,0,0,0
XOM STK SMART,20150327,144546,83.52,1,0,0,0,0,0
XOM STK SMART,20150327,144604,83.51,1,0,0,0,0,0
XOM STK SMART,20150327,144618,83.51,10,0,0,0,0,0
XOM STK SMART,20150327,144619,83.51,1,0,0,0,0,0
XOM STK SMART,20150327,144649,83.52,1,0,0,0,0,0
XOM STK SMART,20150327,144704,83.51,1,0,0,0,0,0
XOM STK SMART,20150327,144713,83.51,1,0,0,0,0,0
XOM STK SMART,20150327,144731,83.5,1,0,0,0,0,0
XOM STK SMART,20150327,144742,83.51,1,0,0,0,0,0
XOM STK SMART,20150327,144750,83.52,1,0,0,0,0,0
XOM STK SMART,20150327,144808,83.51,1,0,0,0,0,0
XOM STK SMART,20150327,144817,83.48,2,0,0,0,0,0
XOM STK SMART,20150327,144822,83.47,1,0,0,0,0,0
XOM STK SMART,20150327,144832,83.48,1,0,0,0,0,0
XOM STK SMART,20150327,144854,83.48,3,0,0,0,0,0
XOM STK SMART,20150327,144936,83.48,1,0,0,0,0,0
XOM STK SMART,20150327,144948,83.47,2,0,0,0,0,0
XOM STK SMART,20150327,144956,83.47,1,0,0,0,0,0
XOM STK SMART,20150327,145004,83.48,1,0,0,0,0,0
XOM STK SMART,20150327,145014,83.48,1,0,0,0,0,0
XOM STK SMART,20150327,145026,83.48,3,0,0,0,0,0
XOM STK SMART,20150327,145036,83.48,2,0,0,0,0,0
XOM STK SMART,20150327,145046,83.48,1,0,0,0,0,0
XOM STK SMART,20150327,145055,83.47,1,0,0,0,0,0
XOM STK SMART,20150327,145107,83.48,1,0,0,0,0,0
XOM STK SMART,20150327,145130,83.47,1,0,0,0,0,0
XOM STK SMART,20150327,145208,83.46,1,0,0,0,0,0
XOM STK SMART,20150327,145219,83.47,1,0,0,0,0,0
XOM STK SMART,20150327,145306,83.46,1,0,0,0,0,0
XOM STK SMART,20150327,145318,83.45,1,0,0,0,0,0
XOM STK SMART,20150327,145328,83.46,2,0,0,0,0,0
XOM STK SMART,20150327,145338,83.46,2,0,0,0,0,0
XOM STK SMART,20150327,145340,83.46,1,0,0,0,0,0
XOM STK SMART,20150327,145406,83.46,1,0,0,0,0,0
XOM STK SMART,20150327,145414,83.46,1,0,0,0,0,0
XOM STK SMART,20150327,145429,83.46,1,0,0,0,0,0
XOM STK SMART,20150327,145513,83.47,1,0,0,0,0,0
XOM STK SMART,20150327,145524,83.46,1,0,0,0,0,0
XOM STK SMART,20150327,145558,83.46,1,0,0,0,0,0
XOM STK SMART,20150327,145627,83.46,1,0,0,0,0,0
XOM STK SMART,20150327,145631,83.45,1,0,0,0,0,0
XOM STK SMART,20150327,145643,83.44,1,0,0,0,0,0
XOM STK SMART,20150327,145653,83.42,1,0,0,0,0,0
XOM STK SMART,20150327,145725,83.42,1,0,0,0,0,0
XOM STK SMART,20150327,145742,83.43,1,0,0,0,0,0
XOM STK SMART,20150327,145756,83.43,1,0,0,0,0,0
XOM STK SMART,20150327,145803,83.43,1,0,0,0,0,0
XOM STK SMART,20150327,145812,83.45,1,0,0,0,0,0
XOM STK SMART,20150327,145822,83.44,1,0,0,0,0,0
XOM STK SMART,20150327,145833,83.44,1,0,0,0,0,0
XOM STK SMART,20150327,145845,83.44,1,0,0,0,0,0
XOM STK SMART,20150327,145919,83.46,1,0,0,0,0,0
XOM STK SMART,20150327,145920,83.46,1,0,0,0,0,0
XOM STK SMART,20150327,145938,83.47,2,0,0,0,0,0
XOM STK SMART,20150327,145945,83.47,1,0,0,0,0,0
XOM STK SMART,20150327,145957,83.49,1,0,0,0,0,0
XOM STK SMART,20150327,150003,83.5,1,0,0,0,0,0
XOM STK SMART,20150327,150017,83.49,1,0,0,0,0,0
XOM STK SMART,20150327,150023,83.49,1,0,0,0,0,0
XOM STK SMART,20150327,150036,83.5,1,0,0,0,0,0
XOM STK SMART,20150327,150044,83.49,1,0,0,0,0,0
XOM STK SMART,20150327,150103,83.47,2,0,0,0,0,0
XOM STK SMART,20150327,150118,83.46,1,0,0,0,0,0
XOM STK SMART,20150327,150133,83.49,1,0,0,0,0,0
XOM STK SMART,20150327,150158,83.49,1,0,0,0,0,0
XOM STK SMART,20150327,150238,83.47,1,0,0,0,0,0
XOM STK SMART,20150327,150256,83.49,1,0,0,0,0,0
XOM STK SMART,20150327,150308,83.49,1,0,0,0,0,0
XOM STK SMART,20150327,150325,83.5,1,0,0,0,0,0
XOM STK SMART,20150327,150337,83.52,1,0,0,0,0,0
XOM STK SMART,20150327,150348,83.52,1,0,0,0,0,0
XOM STK SMART,20150327,150356,83.51,1,0,0,0,0,0
XOM STK SMART,20150327,150409,83.49,2,0,0,0,0,0
XOM STK SMART,20150327,150416,83.5,1,0,0,0,0,0
XOM STK SMART,20150327,150421,83.51,1,0,0,0,0,0
XOM STK SMART,20150327,150432,83.52,1,0,0,0,0,0
XOM STK SMART,20150327,150456,83.54,1,0,0,0,0,0
XOM STK SMART,20150327,150509,83.55,1,0,0,0,0,0
XOM STK SMART,20150327,150514,83.56,1,0,0,0,0,0
XOM STK SMART,20150327,150520,83.55,1,0,0,0,0,0
XOM STK SMART,20150327,150539,83.57,1,0,0,0,0,0
XOM STK SMART,20150327,150542,83.57,1,0,0,0,0,0
XOM STK SMART,20150327,150559,83.58,1,0,0,0,0,0
XOM STK SMART,20150327,150613,83.58,1,0,0,0,0,0
XOM STK SMART,20150327,150621,83.58,1,0,0,0,0,0
XOM STK SMART,20150327,150639,83.54,2,0,0,0,0,0
XOM STK SMART,20150327,150646,83.52,1,0,0,0,0,0
XOM STK SMART,20150327,150657,83.51,1,0,0,0,0,0
XOM STK SMART,20150327,150705,83.53,1,0,0,0,0,0
XOM STK SMART,20150327,150713,83.52,1,0,0,0,0,0
XOM STK SMART,20150327,150725,83.49,1,0,0,0,0,0
XOM STK SMART,20150327,150739,83.5,1,0,0,0,0,0
XOM STK SMART,20150327,150745,83.5,1,0,0,0,0,0
XOM STK SMART,20150327,150754,83.52,1,0,0,0,0,0
XOM STK SMART,20150327,150806,83.48,1,0,0,0,0,0
XOM STK SMART,20150327,150822,83.49,1,0,0,0,0,0
XOM STK SMART,20150327,150833,83.48,1,0,0,0,0,0
XOM STK SMART,20150327,150845,83.47,1,0,0,0,0,0
XOM STK SMART,20150327,150924,83.48,1,0,0,0,0,0
XOM STK SMART,20150327,150943,83.49,1,0,0,0,0,0
XOM STK SMART,20150327,150958,83.5,1,0,0,0,0,0
XOM STK SMART,20150327,151028,83.5,1,0,0,0,0,0
XOM STK SMART,20150327,151032,83.51,1,0,0,0,0,0
XOM STK SMART,20150327,151049,83.51,4,0,0,0,0,0
XOM STK SMART,20150327,151051,83.51,1,0,0,0,0,0
XOM STK SMART,20150327,151100,83.5,1,0,0,0,0,0
XOM STK SMART,20150327,151110,83.51,1,0,0,0,0,0
XOM STK SMART,20150327,151134,83.52,1,0,0,0,0,0
XOM STK SMART,20150327,151150,83.5,4,0,0,0,0,0
XOM STK SMART,20150327,151151,83.5,1,0,0,0,0,0
XOM STK SMART,20150327,151203,83.5,1,0,0,0,0,0
XOM STK SMART,20150327,151213,83.51,1,0,0,0,0,0
XOM STK SMART,20150327,151257,83.51,1,0,0,0,0,0
XOM STK SMART,20150327,151328,83.52,1,0,0,0,0,0
XOM STK SMART,20150327,151338,83.51,1,0,0,0,0,0
XOM STK SMART,20150327,151344,83.5,1,0,0,0,0,0
XOM STK SMART,20150327,151350,83.51,1,0,0,0,0,0
XOM STK SMART,20150327,151401,83.5,1,0,0,0,0,0
XOM STK SMART,20150327,151427,83.49,1,0,0,0,0,0
XOM STK SMART,20150327,151435,83.48,1,0,0,0,0,0
XOM STK SMART,20150327,151445,83.47,1,0,0,0,0,0
XOM STK SMART,20150327,151458,83.47,1,0,0,0,0,0
XOM STK SMART,20150327,151502,83.48,1,0,0,0,0,0
XOM STK SMART,20150327,151510,83.49,1,0,0,0,0,0
XOM STK SMART,20150327,151526,83.5,1,0,0,0,0,0
XOM STK SMART,20150327,151600,83.45,1,0,0,0,0,0
XOM STK SMART,20150327,151606,83.45,1,0,0,0,0,0
XOM STK SMART,20150327,151616,83.47,1,0,0,0,0,0
XOM STK SMART,20150327,151620,83.48,1,0,0,0,0,0
XOM STK SMART,20150327,151634,83.49,1,0,0,0,0,0
XOM STK SMART,20150327,151646,83.49,1,0,0,0,0,0
XOM STK SMART,20150327,151653,83.48,1,0,0,0,0,0
XOM STK SMART,20150327,151707,83.47,1,0,0,0,0,0
XOM STK SMART,20150327,151712,83.48,1,0,0,0,0,0
XOM STK SMART,20150327,151728,83.48,1,0,0,0,0,0
XOM STK SMART,20150327,151740,83.47,1,0,0,0,0,0
XOM STK SMART,20150327,151741,83.48,1,0,0,0,0,0
XOM STK SMART,20150327,151752,83.47,1,0,0,0,0,0
XOM STK SMART,20150327,151808,83.47,1,0,0,0,0,0
XOM STK SMART,20150327,151829,83.46,1,0,0,0,0,0
XOM STK SMART,20150327,151833,83.46,1,0,0,0,0,0
XOM STK SMART,20150327,151840,83.47,1,0,0,0,0,0
XOM STK SMART,20150327,151853,83.46,1,0,0,0,0,0
XOM STK SMART,20150327,151904,83.46,1,0,0,0,0,0
XOM STK SMART,20150327,151933,83.47,1,0,0,0,0,0
XOM STK SMART,20150327,151957,83.47,1,0,0,0,0,0
XOM STK SMART,20150327,152008,83.47,1,0,0,0,0,0
XOM STK SMART,20150327,152011,83.45,1,0,0,0,0,0
XOM STK SMART,20150327,152025,83.46,1,0,0,0,0,0
XOM STK SMART,20150327,152037,83.45,1,0,0,0,0,0
XOM STK SMART,20150327,152100,83.47,1,0,0,0,0,0
XOM STK SMART,20150327,152128,83.48,1,0,0,0,0,0
XOM STK SMART,20150327,152138,83.49,1,0,0,0,0,0
XOM STK SMART,20150327,152148,83.48,1,0,0,0,0,0
XOM STK SMART,20150327,152200,83.46,1,0,0,0,0,0
XOM STK SMART,20150327,152203,83.46,1,0,0,0,0,0
XOM STK SMART,20150327,152225,83.46,1,0,0,0,0,0
XOM STK SMART,20150327,152238,83.45,2,0,0,0,0,0
XOM STK SMART,20150327,152249,83.45,1,0,0,0,0,0
XOM STK SMART,20150327,152259,83.43,1,0,0,0,0,0
XOM STK SMART,20150327,152315,83.43,1,0,0,0,0,0
XOM STK SMART,20150327,152322,83.43,2,0,0,0,0,0
XOM STK SMART,20150327,152332,83.43,1,0,0,0,0,0
XOM STK SMART,20150327,152345,83.43,2,0,0,0,0,0
XOM STK SMART,20150327,152352,83.43,1,0,0,0,0,0
XOM STK SMART,20150327,152407,83.43,1,0,0,0,0,0
XOM STK SMART,20150327,152428,83.42,1,0,0,0,0,0
XOM STK SMART,20150327,152436,83.43,1,0,0,0,0,0
XOM STK SMART,20150327,152448,83.43,3,0,0,0,0,0
XOM STK SMART,20150327,152456,83.43,1,0,0,0,0,0
XOM STK SMART,20150327,152513,83.42,1,0,0,0,0,0
XOM STK SMART,20150327,152524,83.42,1,0,0,0,0,0
XOM STK SMART,20150327,152540,83.41,1,0,0,0,0,0
XOM STK SMART,20150327,152550,83.41,1,0,0,0,0,0
XOM STK SMART,20150327,152608,83.43,1,0,0,0,0,0
XOM STK SMART,20150327,152613,83.43,1,0,0,0,0,0
XOM STK SMART,20150327,152629,83.43,1,0,0,0,0,0
XOM STK SMART,20150327,152633,83.43,1,0,0,0,0,0
XOM STK SMART,20150327,152716,83.43,1,0,0,0,0,0
XOM STK SMART,20150327,152726,83.42,1,0,0,0,0,0
XOM STK SMART,20150327,152744,83.44,1,0,0,0,0,0
XOM STK SMART,20150327,152753,83.44,1,0,0,0,0,0
XOM STK SMART,20150327,152808,83.43,1,0,0,0,0,0
XOM STK SMART,20150327,152817,83.43,1,0,0,0,0,0
XOM STK SMART,20150327,152849,83.42,1,0,0,0,0,0
XOM STK SMART,20150327,152916,83.42,1,0,0,0,0,0
XOM STK SMART,20150327,152957,83.42,1,0,0,0,0,0
XOM STK SMART,20150327,153005,83.43,1,0,0,0,0,0
XOM STK SMART,20150327,153016,83.43,1,0,0,0,0,0
XOM STK SMART,20150327,153022,83.42,1,0,0,0,0,0
XOM STK SMART,20150327,153044,83.43,1,0,0,0,0,0
XOM STK SMART,20150327,153102,83.42,1,0,0,0,0,0
XOM STK SMART,20150327,153125,83.42,1,0,0,0,0,0
XOM STK SMART,20150327,153133,83.43,1,0,0,0,0,0
XOM STK SMART,20150327,153143,83.42,1,0,0,0,0,0
XOM STK SMART,20150327,153157,83.41,1,0,0,0,0,0
XOM STK SMART,20150327,153230,83.43,1,0,0,0,0,0
XOM STK SMART,20150327,153236,83.42,1,0,0,0,0,0
XOM STK SMART,20150327,153246,83.41,1,0,0,0,0,0
XOM STK SMART,20150327,153300,83.43,1,0,0,0,0,0
XOM STK SMART,20150327,153310,83.45,1,0,0,0,0,0
XOM STK SMART,20150327,153318,83.45,1,0,0,0,0,0
XOM STK SMART,20150327,153328,83.44,1,0,0,0,0,0
XOM STK SMART,20150327,153335,83.44,1,0,0,0,0,0
XOM STK SMART,20150327,153351,83.45,1,0,0,0,0,0
XOM STK SMART,20150327,153355,83.46,1,0,0,0,0,0
XOM STK SMART,20150327,153409,83.44,1,0,0,0,0,0
XOM STK SMART,20150327,153420,83.44,1,0,0,0,0,0
XOM STK SMART,20150327,153425,83.45,1,0,0,0,0,0
XOM STK SMART,20150327,153437,83.46,1,0,0,0,0,0
XOM STK SMART,20150327,153446,83.44,1,0,0,0,0,0
XOM STK SMART,20150327,153503,83.43,1,0,0,0,0,0
XOM STK SMART,20150327,153519,83.44,1,0,0,0,0,0
XOM STK SMART,20150327,153526,83.43,1,0,0,0,0,0
XOM STK SMART,20150327,153533,83.42,1,0,0,0,0,0
XOM STK SMART,20150327,153551,83.39,1,0,0,0,0,0
XOM STK SMART,20150327,153600,83.37,1,0,0,0,0,0
XOM STK SMART,20150327,153606,83.36,5,0,0,0,0,0
XOM STK SMART,20150327,153629,83.35,1,0,0,0,0,0
XOM STK SMART,20150327,153631,83.36,1,0,0,0,0,0
XOM STK SMART,20150327,153648,83.37,1,0,0,0,0,0
XOM STK SMART,20150327,153658,83.36,1,0,0,0,0,0
XOM STK SMART,20150327,153718,83.37,1,0,0,0,0,0
XOM STK SMART,20150327,153741,83.39,1,0,0,0,0,0
XOM STK SMART,20150327,153751,83.38,1,0,0,0,0,0
XOM STK SMART,20150327,153755,83.37,1,0,0,0,0,0
XOM STK SMART,20150327,153809,83.4,1,0,0,0,0,0
XOM STK SMART,20150327,153820,83.45,1,0,0,0,0,0
XOM STK SMART,20150327,153830,83.45,1,0,0,0,0,0
XOM STK SMART,20150327,153837,83.44,1,0,0,0,0,0
XOM STK SMART,20150327,153851,83.4,1,0,0,0,0,0
XOM STK SMART,20150327,153859,83.41,1,0,0,0,0,0
XOM STK SMART,20150327,153920,83.42,1,0,0,0,0,0
XOM STK SMART,20150327,153929,83.4,1,0,0,0,0,0
XOM STK SMART,20150327,153942,83.4,1,0,0,0,0,0
XOM STK SMART,20150327,153959,83.38,1,0,0,0,0,0
XOM STK SMART,20150327,154008,83.4,1,0,0,0,0,0
XOM STK SMART,20150327,154017,83.41,1,0,0,0,0,0
XOM STK SMART,20150327,154048,83.39,1,0,0,0,0,0
XOM STK SMART,20150327,154101,83.39,1,0,0,0,0,0
XOM STK SMART,20150327,154110,83.4,5,0,0,0,0,0
XOM STK SMART,20150327,154117,83.39,1,0,0,0,0,0
XOM STK SMART,20150327,154126,83.4,1,0,0,0,0,0
XOM STK SMART,20150327,154136,83.4,1,0,0,0,0,0
XOM STK SMART,20150327,154151,83.4,2,0,0,0,0,0
XOM STK SMART,20150327,154201,83.4,1,0,0,0,0,0
XOM STK SMART,20150327,154205,83.4,1,0,0,0,0,0
XOM STK SMART,20150327,154218,83.41,1,0,0,0,0,0
XOM STK SMART,20150327,154222,83.42,1,0,0,0,0,0
XOM STK SMART,20150327,154240,83.42,1,0,0,0,0,0
XOM STK SMART,20150327,154245,83.42,1,0,0,0,0,0
XOM STK SMART,20150327,154300,83.39,1,0,0,0,0,0
XOM STK SMART,20150327,154308,83.39,1,0,0,0,0,0
XOM STK SMART,20150327,154314,83.38,3,0,0,0,0,0
XOM STK SMART,20150327,154341,83.39,1,0,0,0,0,0
XOM STK SMART,20150327,154349,83.39,1,0,0,0,0,0
XOM STK SMART,20150327,154355,83.4,1,0,0,0,0,0
XOM STK SMART,20150327,154421,83.38,1,0,0,0,0,0
XOM STK SMART,20150327,154426,83.39,1,0,0,0,0,0
XOM STK SMART,20150327,154432,83.38,1,0,0,0,0,0
XOM STK SMART,20150327,154445,83.37,1,0,0,0,0,0
XOM STK SMART,20150327,154501,83.35,1,0,0,0,0,0
XOM STK SMART,20150327,154511,83.39,1,0,0,0,0,0
XOM STK SMART,20150327,154518,83.39,1,0,0,0,0,0
XOM STK SMART,20150327,154528,83.35,1,0,0,0,0,0
XOM STK SMART,20150327,154535,83.34,1,0,0,0,0,0
XOM STK SMART,20150327,154551,83.37,1,0,0,0,0,0
XOM STK SMART,20150327,154557,83.39,1,0,0,0,0,0
XOM STK SMART,20150327,154602,83.38,1,0,0,0,0,0
XOM STK SMART,20150327,154618,83.38,1,0,0,0,0,0
XOM STK SMART,20150327,154631,83.41,3,0,0,0,0,0
XOM STK SMART,20150327,154640,83.43,1,0,0,0,0,0
XOM STK SMART,20150327,154651,83.42,2,0,0,0,0,0
XOM STK SMART,20150327,154701,83.4,1,0,0,0,0,0
XOM STK SMART,20150327,154710,83.42,2,0,0,0,0,0
XOM STK SMART,20150327,154719,83.41,2,0,0,0,0,0
XOM STK SMART,20150327,154728,83.39,1,0,0,0,0,0
XOM STK SMART,20150327,154751,83.4,1,0,0,0,0,0
XOM STK SMART,20150327,154759,83.42,2,0,0,0,0,0
XOM STK SMART,20150327,154808,83.42,1,0,0,0,0,0
XOM STK SMART,20150327,154819,83.42,1,0,0,0,0,0
XOM STK SMART,20150327,154829,83.43,1,0,0,0,0,0
XOM STK SMART,20150327,154840,83.43,1,0,0,0,0,0
XOM STK SMART,20150327,154849,83.43,4,0,0,0,0,0
XOM STK SMART,20150327,154859,83.43,1,0,0,0,0,0
XOM STK SMART,20150327,154911,83.41,1,0,0,0,0,0
XOM STK SMART,20150327,154920,83.41,1,0,0,0,0,0
XOM STK SMART,20150327,154928,83.42,1,0,0,0,0,0
XOM STK SMART,20150327,154951,83.43,1,0,0,0,0,0
XOM STK SMART,20150327,154958,83.43,1,0,0,0,0,0
XOM STK SMART,20150327,155009,83.44,1,0,0,0,0,0
XOM STK SMART,20150327,155021,83.43,1,0,0,0,0,0
XOM STK SMART,20150327,155035,83.43,1,0,0,0,0,0
XOM STK SMART,20150327,155047,83.44,1,0,0,0,0,0
XOM STK SMART,20150327,155102,83.43,1,0,0,0,0,0
XOM STK SMART,20150327,155130,83.45,1,0,0,0,0,0
XOM STK SMART,20150327,155141,83.44,1,0,0,0,0,0
XOM STK SMART,20150327,155142,83.45,1,0,0,0,0,0
XOM STK SMART,20150327,155200,83.44,1,0,0,0,0,0
XOM STK SMART,20150327,155207,83.45,1,0,0,0,0,0
XOM STK SMART,20150327,155220,83.45,1,0,0,0,0,0
XOM STK SMART,20150327,155231,83.45,1,0,0,0,0,0
XOM STK SMART,20150327,155239,83.45,1,0,0,0,0,0
XOM STK SMART,20150327,155248,83.46,1,0,0,0,0,0
XOM STK SMART,20150327,155305,83.46,1,0,0,0,0,0
XOM STK SMART,20150327,155318,83.46,1,0,0,0,0,0
XOM STK SMART,20150327,155324,83.45,1,0,0,0,0,0
XOM STK SMART,20150327,155340,83.45,1,0,0,0,0,0
XOM STK SMART,20150327,155349,83.44,1,0,0,0,0,0
XOM STK SMART,20150327,155358,83.44,1,0,0,0,0,0
XOM STK SMART,20150327,155415,83.46,1,0,0,0,0,0
XOM STK SMART,20150327,155423,83.45,1,0,0,0,0,0
XOM STK SMART,20150327,155439,83.46,1,0,0,0,0,0
XOM STK SMART,20150327,155451,83.46,1,0,0,0,0,0
XOM STK SMART,20150327,155501,83.47,1,0,0,0,0,0
XOM STK SMART,20150327,155512,83.47,2,0,0,0,0,0
XOM STK SMART,20150327,155522,83.49,1,0,0,0,0,0
XOM STK SMART,20150327,155531,83.54,1,0,0,0,0,0
XOM STK SMART,20150327,155540,83.57,3,0,0,0,0,0
XOM STK SMART,20150327,155550,83.57,1,0,0,0,0,0
XOM STK SMART,20150327,155601,83.54,1,0,0,0,0,0
XOM STK SMART,20150327,155610,83.56,1,0,0,0,0,0
XOM STK SMART,20150327,155622,83.57,1,0,0,0,0,0
XOM STK SMART,20150327,155642,83.57,2,0,0,0,0,0
XOM STK SMART,20150327,155651,83.6,1,0,0,0,0,0
XOM STK SMART,20150327,155701,83.59,1,0,0,0,0,0
XOM STK SMART,20150327,155705,83.59,1,0,0,0,0,0
XOM STK SMART,20150327,155719,83.59,1,0,0,0,0,0
XOM STK SMART,20150327,155728,83.59,1,0,0,0,0,0
XOM STK SMART,20150327,155749,83.58,1,0,0,0,0,0
XOM STK SMART,20150327,155801,83.58,2,0,0,0,0,0
XOM STK SMART,20150327,155811,83.57,1,0,0,0,0,0
XOM STK SMART,20150327,155821,83.59,1,0,0,0,0,0
XOM STK SMART,20150327,155842,83.6,1,0,0,0,0,0
XOM STK SMART,20150327,155852,83.59,1,0,0,0,0,0
XOM STK SMART,20150327,155901,83.59,1,0,0,0,0,0
XOM STK SMART,20150327,155911,83.56,1,0,0,0,0,0
XOM STK SMART,20150327,155922,83.55,1,0,0,0,0,0
XOM STK SMART,20150327,155932,83.59,1,0,0,0,0,0
XOM STK SMART,20150327,155941,83.59,1,0,0,0,0,0
XOM STK SMART,20150327,155952,83.56,1,0,0,0,0,0
XOM STK SMART,20150327,155956,83.56,1,0,0,0,0,0
XOM STK SMART,20150327,164016,83.57,2,0,0,0,0,0
XOM STK SMART,20150327,174148,83.62,2,0,0,0,0,0
XOM STK SMART,20150327,174800,83.62,4,0,0,0,0,0
XOM STK SMART,20150327,174822,83.62,3,0,0,0,0,0
