1063                
BP STK SMART,20150324,80256,40.15,5,0,0,0,0,0
BP STK SMART,20150324,80807,40.11,1,0,0,0,0,0
BP STK SMART,20150324,81045,40.11,1,0,0,0,0,0
BP STK SMART,20150324,81802,40.12,1,0,0,0,0,0
BP STK SMART,20150324,81847,40.15,1,0,0,0,0,0
BP STK SMART,20150324,82347,40.16,1,0,0,0,0,0
BP STK SMART,20150324,82400,40.17,1,0,0,0,0,0
BP STK SMART,20150324,82940,40.16,1,0,0,0,0,0
BP STK SMART,20150324,83113,40.08,1,0,0,0,0,0
BP STK SMART,20150324,83226,40.01,4,0,0,0,0,0
BP STK SMART,20150324,83256,40.05,1,0,0,0,0,0
BP STK SMART,20150324,83508,40.06,1,0,0,0,0,0
BP STK SMART,20150324,83633,40.1,1,0,0,0,0,0
BP STK SMART,20150324,83647,40.11,1,0,0,0,0,0
BP STK SMART,20150324,83648,40.11,4,0,0,0,0,0
BP STK SMART,20150324,83816,40.1,1,0,0,0,0,0
BP STK SMART,20150324,84050,40.15,1,0,0,0,0,0
BP STK SMART,20150324,84335,40.29,1,0,0,0,0,0
BP STK SMART,20150324,84523,40.32,1,0,0,0,0,0
BP STK SMART,20150324,85843,40.3,2,0,0,0,0,0
BP STK SMART,20150324,91429,40.27,1,0,0,0,0,0
BP STK SMART,20150324,92129,40.21,1,0,0,0,0,0
BP STK SMART,20150324,92130,40.21,2,0,0,0,0,0
BP STK SMART,20150324,92237,40.12,2,0,0,0,0,0
BP STK SMART,20150324,92956,40.17,1,0,0,0,0,0
BP STK SMART,20150324,93000,40.18,1,0,0,0,0,0
BP STK SMART,20150324,93012,40.2,1,0,0,0,0,0
BP STK SMART,20150324,93026,40.19,1,0,0,0,0,0
BP STK SMART,20150324,93039,40.2,1,0,0,0,0,0
BP STK SMART,20150324,93040,40.2,2,0,0,0,0,0
BP STK SMART,20150324,93055,40.19,1,0,0,0,0,0
BP STK SMART,20150324,93109,40.17,1,0,0,0,0,0
BP STK SMART,20150324,93126,40.18,1,0,0,0,0,0
BP STK SMART,20150324,93139,40.17,2,0,0,0,0,0
BP STK SMART,20150324,93144,40.16,1,0,0,0,0,0
BP STK SMART,20150324,93155,40.15,1,0,0,0,0,0
BP STK SMART,20150324,93216,40.15,1,0,0,0,0,0
BP STK SMART,20150324,93246,40.12,1,0,0,0,0,0
BP STK SMART,20150324,93258,40.13,1,0,0,0,0,0
BP STK SMART,20150324,93309,40.12,2,0,0,0,0,0
BP STK SMART,20150324,93317,40.12,1,0,0,0,0,0
BP STK SMART,20150324,93328,40.13,1,0,0,0,0,0
BP STK SMART,20150324,93338,40.14,1,0,0,0,0,0
BP STK SMART,20150324,93343,40.13,1,0,0,0,0,0
BP STK SMART,20150324,93430,40.11,2,0,0,0,0,0
BP STK SMART,20150324,93431,40.11,1,0,0,0,0,0
BP STK SMART,20150324,93445,40.1,1,0,0,0,0,0
BP STK SMART,20150324,93504,40.09,3,0,0,0,0,0
BP STK SMART,20150324,93516,40.07,2,0,0,0,0,0
BP STK SMART,20150324,93528,40.06,1,0,0,0,0,0
BP STK SMART,20150324,93539,40.04,2,0,0,0,0,0
BP STK SMART,20150324,93550,40.03,10,0,0,0,0,0
BP STK SMART,20150324,93552,40.04,3,0,0,0,0,0
BP STK SMART,20150324,93605,40.02,2,0,0,0,0,0
BP STK SMART,20150324,93620,39.99,1,0,0,0,0,0
BP STK SMART,20150324,93627,39.98,2,0,0,0,0,0
BP STK SMART,20150324,93634,39.99,1,0,0,0,0,0
BP STK SMART,20150324,93704,40,4,0,0,0,0,0
BP STK SMART,20150324,93750,39.99,1,0,0,0,0,0
BP STK SMART,20150324,93800,39.98,1,0,0,0,0,0
BP STK SMART,20150324,93807,39.97,1,0,0,0,0,0
BP STK SMART,20150324,93818,39.96,2,0,0,0,0,0
BP STK SMART,20150324,93837,39.96,1,0,0,0,0,0
BP STK SMART,20150324,93850,39.94,1,0,0,0,0,0
BP STK SMART,20150324,93859,39.92,1,0,0,0,0,0
BP STK SMART,20150324,93910,39.91,1,0,0,0,0,0
BP STK SMART,20150324,93920,39.92,2,0,0,0,0,0
BP STK SMART,20150324,93930,39.88,1,0,0,0,0,0
BP STK SMART,20150324,93948,39.9,1,0,0,0,0,0
BP STK SMART,20150324,93956,39.89,1,0,0,0,0,0
BP STK SMART,20150324,94009,39.9,7,0,0,0,0,0
BP STK SMART,20150324,94019,39.89,1,0,0,0,0,0
BP STK SMART,20150324,94029,39.91,1,0,0,0,0,0
BP STK SMART,20150324,94032,39.9,1,0,0,0,0,0
BP STK SMART,20150324,94045,39.89,1,0,0,0,0,0
BP STK SMART,20150324,94052,39.91,1,0,0,0,0,0
BP STK SMART,20150324,94110,39.92,1,0,0,0,0,0
BP STK SMART,20150324,94113,39.92,1,0,0,0,0,0
BP STK SMART,20150324,94144,39.92,1,0,0,0,0,0
BP STK SMART,20150324,94212,39.93,1,0,0,0,0,0
BP STK SMART,20150324,94230,39.94,1,0,0,0,0,0
BP STK SMART,20150324,94255,39.93,1,0,0,0,0,0
BP STK SMART,20150324,94308,39.93,1,0,0,0,0,0
BP STK SMART,20150324,94312,39.94,1,0,0,0,0,0
BP STK SMART,20150324,94326,39.93,1,0,0,0,0,0
BP STK SMART,20150324,94346,39.94,1,0,0,0,0,0
BP STK SMART,20150324,94400,39.95,2,0,0,0,0,0
BP STK SMART,20150324,94409,39.96,2,0,0,0,0,0
BP STK SMART,20150324,94418,39.95,1,0,0,0,0,0
BP STK SMART,20150324,94436,39.93,1,0,0,0,0,0
BP STK SMART,20150324,94452,39.92,1,0,0,0,0,0
BP STK SMART,20150324,94510,39.94,2,0,0,0,0,0
BP STK SMART,20150324,94525,39.95,1,0,0,0,0,0
BP STK SMART,20150324,94538,39.97,1,0,0,0,0,0
BP STK SMART,20150324,94544,39.98,2,0,0,0,0,0
BP STK SMART,20150324,94601,39.98,1,0,0,0,0,0
BP STK SMART,20150324,94610,39.96,1,0,0,0,0,0
BP STK SMART,20150324,94612,39.95,1,0,0,0,0,0
BP STK SMART,20150324,94628,39.94,2,0,0,0,0,0
BP STK SMART,20150324,94639,39.93,2,0,0,0,0,0
BP STK SMART,20150324,94650,39.94,2,0,0,0,0,0
BP STK SMART,20150324,94654,39.94,1,0,0,0,0,0
BP STK SMART,20150324,94716,39.95,1,0,0,0,0,0
BP STK SMART,20150324,94730,39.94,1,0,0,0,0,0
BP STK SMART,20150324,94732,39.93,1,0,0,0,0,0
BP STK SMART,20150324,94749,39.94,2,0,0,0,0,0
BP STK SMART,20150324,94759,39.98,1,0,0,0,0,0
BP STK SMART,20150324,94806,39.98,1,0,0,0,0,0
BP STK SMART,20150324,94831,39.99,1,0,0,0,0,0
BP STK SMART,20150324,94840,40.01,1,0,0,0,0,0
BP STK SMART,20150324,94849,40.02,1,0,0,0,0,0
BP STK SMART,20150324,94918,40.01,1,0,0,0,0,0
BP STK SMART,20150324,94941,40.01,2,0,0,0,0,0
BP STK SMART,20150324,95000,40.02,2,0,0,0,0,0
BP STK SMART,20150324,95010,40.03,2,0,0,0,0,0
BP STK SMART,20150324,95030,40.02,1,0,0,0,0,0
BP STK SMART,20150324,95035,40.03,1,0,0,0,0,0
BP STK SMART,20150324,95047,40.04,1,0,0,0,0,0
BP STK SMART,20150324,95055,40.03,1,0,0,0,0,0
BP STK SMART,20150324,95104,40.03,2,0,0,0,0,0
BP STK SMART,20150324,95124,40.02,1,0,0,0,0,0
BP STK SMART,20150324,95140,40,1,0,0,0,0,0
BP STK SMART,20150324,95143,40.01,2,0,0,0,0,0
BP STK SMART,20150324,95209,40.03,1,0,0,0,0,0
BP STK SMART,20150324,95225,40.05,2,0,0,0,0,0
BP STK SMART,20150324,95234,40.07,2,0,0,0,0,0
BP STK SMART,20150324,95250,40.09,1,0,0,0,0,0
BP STK SMART,20150324,95257,40.07,2,0,0,0,0,0
BP STK SMART,20150324,95309,40.07,1,0,0,0,0,0
BP STK SMART,20150324,95321,40.08,1,0,0,0,0,0
BP STK SMART,20150324,95348,40.07,2,0,0,0,0,0
BP STK SMART,20150324,95400,40.05,1,0,0,0,0,0
BP STK SMART,20150324,95407,40.04,2,0,0,0,0,0
BP STK SMART,20150324,95414,40.05,1,0,0,0,0,0
BP STK SMART,20150324,95427,40.06,2,0,0,0,0,0
BP STK SMART,20150324,95441,40.07,1,0,0,0,0,0
BP STK SMART,20150324,95458,40.1,1,0,0,0,0,0
BP STK SMART,20150324,95509,40.09,1,0,0,0,0,0
BP STK SMART,20150324,95519,40.08,1,0,0,0,0,0
BP STK SMART,20150324,95534,40.08,2,0,0,0,0,0
BP STK SMART,20150324,95548,40.09,2,0,0,0,0,0
BP STK SMART,20150324,95603,40.09,1,0,0,0,0,0
BP STK SMART,20150324,95618,40.1,2,0,0,0,0,0
BP STK SMART,20150324,95646,40.09,2,0,0,0,0,0
BP STK SMART,20150324,95826,40.07,1,0,0,0,0,0
BP STK SMART,20150324,95837,40.07,2,0,0,0,0,0
BP STK SMART,20150324,95848,40.08,1,0,0,0,0,0
BP STK SMART,20150324,95921,40.11,1,0,0,0,0,0
BP STK SMART,20150324,95929,40.13,1,0,0,0,0,0
BP STK SMART,20150324,95938,40.13,1,0,0,0,0,0
BP STK SMART,20150324,95945,40.12,1,0,0,0,0,0
BP STK SMART,20150324,100001,40.09,1,0,0,0,0,0
BP STK SMART,20150324,100011,40.09,2,0,0,0,0,0
BP STK SMART,20150324,100020,40.1,1,0,0,0,0,0
BP STK SMART,20150324,100031,40.08,2,0,0,0,0,0
BP STK SMART,20150324,100101,40.06,1,0,0,0,0,0
BP STK SMART,20150324,100111,40.06,1,0,0,0,0,0
BP STK SMART,20150324,100151,40.05,2,0,0,0,0,0
BP STK SMART,20150324,100201,40.06,1,0,0,0,0,0
BP STK SMART,20150324,100210,40.05,1,0,0,0,0,0
BP STK SMART,20150324,100221,40.05,2,0,0,0,0,0
BP STK SMART,20150324,100228,40.05,1,0,0,0,0,0
BP STK SMART,20150324,100238,40.04,1,0,0,0,0,0
BP STK SMART,20150324,100303,40.04,1,0,0,0,0,0
BP STK SMART,20150324,100330,40.03,1,0,0,0,0,0
BP STK SMART,20150324,100336,40.04,1,0,0,0,0,0
BP STK SMART,20150324,100349,40.06,1,0,0,0,0,0
BP STK SMART,20150324,100355,40.05,1,0,0,0,0,0
BP STK SMART,20150324,100412,40.06,2,0,0,0,0,0
BP STK SMART,20150324,100421,40.04,1,0,0,0,0,0
BP STK SMART,20150324,100430,40.05,1,0,0,0,0,0
BP STK SMART,20150324,100441,40.07,1,0,0,0,0,0
BP STK SMART,20150324,100449,40.07,1,0,0,0,0,0
BP STK SMART,20150324,100508,40.05,1,0,0,0,0,0
BP STK SMART,20150324,100533,40.07,1,0,0,0,0,0
BP STK SMART,20150324,100550,40.06,1,0,0,0,0,0
BP STK SMART,20150324,100607,40.06,4,0,0,0,0,0
BP STK SMART,20150324,100621,40.04,1,0,0,0,0,0
BP STK SMART,20150324,100630,40.05,1,0,0,0,0,0
BP STK SMART,20150324,100640,40.07,1,0,0,0,0,0
BP STK SMART,20150324,100704,40.04,1,0,0,0,0,0
BP STK SMART,20150324,100720,40.05,1,0,0,0,0,0
BP STK SMART,20150324,100741,40.05,2,0,0,0,0,0
BP STK SMART,20150324,100802,40.04,2,0,0,0,0,0
BP STK SMART,20150324,100912,40.03,2,0,0,0,0,0
BP STK SMART,20150324,100912,40.03,1,0,0,0,0,0
BP STK SMART,20150324,100942,40.02,2,0,0,0,0,0
BP STK SMART,20150324,100946,40.02,1,0,0,0,0,0
BP STK SMART,20150324,100959,40,1,0,0,0,0,0
BP STK SMART,20150324,101003,40,3,0,0,0,0,0
BP STK SMART,20150324,101021,40,1,0,0,0,0,0
BP STK SMART,20150324,101040,39.97,2,0,0,0,0,0
BP STK SMART,20150324,101049,39.97,14,0,0,0,0,0
BP STK SMART,20150324,101101,39.96,1,0,0,0,0,0
BP STK SMART,20150324,101111,39.96,3,0,0,0,0,0
BP STK SMART,20150324,101118,39.94,1,0,0,0,0,0
BP STK SMART,20150324,101129,39.96,3,0,0,0,0,0
BP STK SMART,20150324,101139,39.96,1,0,0,0,0,0
BP STK SMART,20150324,101151,39.95,1,0,0,0,0,0
BP STK SMART,20150324,101201,39.94,1,0,0,0,0,0
BP STK SMART,20150324,101208,39.95,1,0,0,0,0,0
BP STK SMART,20150324,101213,39.95,2,0,0,0,0,0
BP STK SMART,20150324,101235,39.94,1,0,0,0,0,0
BP STK SMART,20150324,101251,39.98,1,0,0,0,0,0
BP STK SMART,20150324,101259,39.99,1,0,0,0,0,0
BP STK SMART,20150324,101358,40,2,0,0,0,0,0
BP STK SMART,20150324,101410,40.01,1,0,0,0,0,0
BP STK SMART,20150324,101421,40,1,0,0,0,0,0
BP STK SMART,20150324,101432,39.99,2,0,0,0,0,0
BP STK SMART,20150324,101434,39.99,1,0,0,0,0,0
BP STK SMART,20150324,101450,40,1,0,0,0,0,0
BP STK SMART,20150324,101456,40.01,1,0,0,0,0,0
BP STK SMART,20150324,101505,39.99,1,0,0,0,0,0
BP STK SMART,20150324,101512,39.99,2,0,0,0,0,0
BP STK SMART,20150324,101557,39.98,12,0,0,0,0,0
BP STK SMART,20150324,101615,39.98,2,0,0,0,0,0
BP STK SMART,20150324,101630,39.97,1,0,0,0,0,0
BP STK SMART,20150324,101642,39.96,1,0,0,0,0,0
BP STK SMART,20150324,101643,39.96,1,0,0,0,0,0
BP STK SMART,20150324,101658,39.95,1,0,0,0,0,0
BP STK SMART,20150324,101707,39.95,3,0,0,0,0,0
BP STK SMART,20150324,101714,39.96,1,0,0,0,0,0
BP STK SMART,20150324,101801,39.97,1,0,0,0,0,0
BP STK SMART,20150324,101822,39.98,1,0,0,0,0,0
BP STK SMART,20150324,101824,39.98,1,0,0,0,0,0
BP STK SMART,20150324,101841,39.97,1,0,0,0,0,0
BP STK SMART,20150324,101852,39.98,1,0,0,0,0,0
BP STK SMART,20150324,101853,39.98,2,0,0,0,0,0
BP STK SMART,20150324,101912,39.97,1,0,0,0,0,0
BP STK SMART,20150324,101917,39.97,1,0,0,0,0,0
BP STK SMART,20150324,101932,39.98,1,0,0,0,0,0
BP STK SMART,20150324,101938,39.98,1,0,0,0,0,0
BP STK SMART,20150324,101947,39.98,1,0,0,0,0,0
BP STK SMART,20150324,102008,39.97,1,0,0,0,0,0
BP STK SMART,20150324,102018,39.96,1,0,0,0,0,0
BP STK SMART,20150324,102025,39.96,1,0,0,0,0,0
BP STK SMART,20150324,102039,39.96,2,0,0,0,0,0
BP STK SMART,20150324,102051,39.97,1,0,0,0,0,0
BP STK SMART,20150324,102118,39.96,1,0,0,0,0,0
BP STK SMART,20150324,102129,39.95,2,0,0,0,0,0
BP STK SMART,20150324,102133,39.95,2,0,0,0,0,0
BP STK SMART,20150324,102148,39.94,1,0,0,0,0,0
BP STK SMART,20150324,102206,39.95,1,0,0,0,0,0
BP STK SMART,20150324,102240,39.96,1,0,0,0,0,0
BP STK SMART,20150324,102250,39.95,1,0,0,0,0,0
BP STK SMART,20150324,102311,39.92,2,0,0,0,0,0
BP STK SMART,20150324,102331,39.92,1,0,0,0,0,0
BP STK SMART,20150324,102350,39.91,1,0,0,0,0,0
BP STK SMART,20150324,102412,39.91,1,0,0,0,0,0
BP STK SMART,20150324,102440,39.87,1,0,0,0,0,0
BP STK SMART,20150324,102451,39.88,1,0,0,0,0,0
BP STK SMART,20150324,102459,39.88,1,0,0,0,0,0
BP STK SMART,20150324,102508,39.89,1,0,0,0,0,0
BP STK SMART,20150324,102517,39.89,1,0,0,0,0,0
BP STK SMART,20150324,102532,39.9,1,0,0,0,0,0
BP STK SMART,20150324,102534,39.89,1,0,0,0,0,0
BP STK SMART,20150324,102550,39.89,1,0,0,0,0,0
BP STK SMART,20150324,102600,39.88,1,0,0,0,0,0
BP STK SMART,20150324,102614,39.87,1,0,0,0,0,0
BP STK SMART,20150324,102630,39.87,1,0,0,0,0,0
BP STK SMART,20150324,102729,39.88,2,0,0,0,0,0
BP STK SMART,20150324,102741,39.87,1,0,0,0,0,0
BP STK SMART,20150324,102746,39.89,1,0,0,0,0,0
BP STK SMART,20150324,102802,39.89,1,0,0,0,0,0
BP STK SMART,20150324,102809,39.88,1,0,0,0,0,0
BP STK SMART,20150324,102816,39.89,1,0,0,0,0,0
BP STK SMART,20150324,102824,39.89,2,0,0,0,0,0
BP STK SMART,20150324,102848,39.89,1,0,0,0,0,0
BP STK SMART,20150324,102932,39.9,1,0,0,0,0,0
BP STK SMART,20150324,102950,39.9,1,0,0,0,0,0
BP STK SMART,20150324,103013,39.87,1,0,0,0,0,0
BP STK SMART,20150324,103032,39.87,3,0,0,0,0,0
BP STK SMART,20150324,103051,39.87,1,0,0,0,0,0
BP STK SMART,20150324,103055,39.87,2,0,0,0,0,0
BP STK SMART,20150324,103112,39.87,1,0,0,0,0,0
BP STK SMART,20150324,103114,39.87,1,0,0,0,0,0
BP STK SMART,20150324,103201,39.88,1,0,0,0,0,0
BP STK SMART,20150324,103216,39.86,1,0,0,0,0,0
BP STK SMART,20150324,103226,39.87,1,0,0,0,0,0
BP STK SMART,20150324,103337,39.88,1,0,0,0,0,0
BP STK SMART,20150324,103356,39.89,1,0,0,0,0,0
BP STK SMART,20150324,103411,39.89,1,0,0,0,0,0
BP STK SMART,20150324,103443,39.89,1,0,0,0,0,0
BP STK SMART,20150324,103448,39.88,1,0,0,0,0,0
BP STK SMART,20150324,103516,39.88,1,0,0,0,0,0
BP STK SMART,20150324,103559,39.88,1,0,0,0,0,0
BP STK SMART,20150324,103606,39.88,1,0,0,0,0,0
BP STK SMART,20150324,103623,39.87,1,0,0,0,0,0
BP STK SMART,20150324,103648,39.88,1,0,0,0,0,0
BP STK SMART,20150324,103733,39.86,1,0,0,0,0,0
BP STK SMART,20150324,103811,39.85,1,0,0,0,0,0
BP STK SMART,20150324,103819,39.86,1,0,0,0,0,0
BP STK SMART,20150324,103830,39.87,1,0,0,0,0,0
BP STK SMART,20150324,103910,39.86,1,0,0,0,0,0
BP STK SMART,20150324,103915,39.87,1,0,0,0,0,0
BP STK SMART,20150324,104011,39.87,4,0,0,0,0,0
BP STK SMART,20150324,104017,39.88,1,0,0,0,0,0
BP STK SMART,20150324,104031,39.9,1,0,0,0,0,0
BP STK SMART,20150324,104039,39.91,1,0,0,0,0,0
BP STK SMART,20150324,104048,39.92,1,0,0,0,0,0
BP STK SMART,20150324,104147,39.91,1,0,0,0,0,0
BP STK SMART,20150324,104212,39.91,1,0,0,0,0,0
BP STK SMART,20150324,104236,39.91,2,0,0,0,0,0
BP STK SMART,20150324,104251,39.88,3,0,0,0,0,0
BP STK SMART,20150324,104301,39.88,5,0,0,0,0,0
BP STK SMART,20150324,104307,39.88,1,0,0,0,0,0
BP STK SMART,20150324,104408,39.89,1,0,0,0,0,0
BP STK SMART,20150324,104421,39.88,1,0,0,0,0,0
BP STK SMART,20150324,104424,39.88,1,0,0,0,0,0
BP STK SMART,20150324,104513,39.87,1,0,0,0,0,0
BP STK SMART,20150324,104603,39.88,1,0,0,0,0,0
BP STK SMART,20150324,104700,39.87,1,0,0,0,0,0
BP STK SMART,20150324,104720,39.88,1,0,0,0,0,0
BP STK SMART,20150324,104735,39.89,1,0,0,0,0,0
BP STK SMART,20150324,104750,39.91,1,0,0,0,0,0
BP STK SMART,20150324,104820,39.92,1,0,0,0,0,0
BP STK SMART,20150324,104837,39.93,1,0,0,0,0,0
BP STK SMART,20150324,104850,39.93,2,0,0,0,0,0
BP STK SMART,20150324,104859,39.93,1,0,0,0,0,0
BP STK SMART,20150324,104911,39.94,1,0,0,0,0,0
BP STK SMART,20150324,104921,39.93,1,0,0,0,0,0
BP STK SMART,20150324,104943,39.94,1,0,0,0,0,0
BP STK SMART,20150324,104953,39.94,3,0,0,0,0,0
BP STK SMART,20150324,105002,39.94,1,0,0,0,0,0
BP STK SMART,20150324,105014,39.95,1,0,0,0,0,0
BP STK SMART,20150324,105031,39.94,1,0,0,0,0,0
BP STK SMART,20150324,105041,39.95,1,0,0,0,0,0
BP STK SMART,20150324,105103,39.96,1,0,0,0,0,0
BP STK SMART,20150324,105123,39.96,1,0,0,0,0,0
BP STK SMART,20150324,105134,39.97,1,0,0,0,0,0
BP STK SMART,20150324,105138,39.98,1,0,0,0,0,0
BP STK SMART,20150324,105201,39.97,1,0,0,0,0,0
BP STK SMART,20150324,105230,39.98,1,0,0,0,0,0
BP STK SMART,20150324,105244,39.99,1,0,0,0,0,0
BP STK SMART,20150324,105255,39.98,1,0,0,0,0,0
BP STK SMART,20150324,105341,39.97,1,0,0,0,0,0
BP STK SMART,20150324,105347,39.97,1,0,0,0,0,0
BP STK SMART,20150324,105401,39.98,4,0,0,0,0,0
BP STK SMART,20150324,105408,39.97,2,0,0,0,0,0
BP STK SMART,20150324,105423,39.96,1,0,0,0,0,0
BP STK SMART,20150324,105441,39.96,1,0,0,0,0,0
BP STK SMART,20150324,105459,39.96,1,0,0,0,0,0
BP STK SMART,20150324,105549,39.95,2,0,0,0,0,0
BP STK SMART,20150324,105557,39.95,1,0,0,0,0,0
BP STK SMART,20150324,105607,39.94,2,0,0,0,0,0
BP STK SMART,20150324,105615,39.93,1,0,0,0,0,0
BP STK SMART,20150324,105634,39.93,1,0,0,0,0,0
BP STK SMART,20150324,105639,39.95,2,0,0,0,0,0
BP STK SMART,20150324,105659,39.95,1,0,0,0,0,0
BP STK SMART,20150324,105721,39.94,3,0,0,0,0,0
BP STK SMART,20150324,105740,39.94,1,0,0,0,0,0
BP STK SMART,20150324,105758,39.94,1,0,0,0,0,0
BP STK SMART,20150324,105904,39.95,1,0,0,0,0,0
BP STK SMART,20150324,110013,39.94,1,0,0,0,0,0
BP STK SMART,20150324,110027,39.94,1,0,0,0,0,0
BP STK SMART,20150324,110052,39.92,1,0,0,0,0,0
BP STK SMART,20150324,110107,39.92,3,0,0,0,0,0
BP STK SMART,20150324,110141,39.92,1,0,0,0,0,0
BP STK SMART,20150324,110240,39.92,2,0,0,0,0,0
BP STK SMART,20150324,110335,39.93,2,0,0,0,0,0
BP STK SMART,20150324,110342,39.94,1,0,0,0,0,0
BP STK SMART,20150324,110358,39.94,1,0,0,0,0,0
BP STK SMART,20150324,110419,39.93,1,0,0,0,0,0
BP STK SMART,20150324,110528,39.93,1,0,0,0,0,0
BP STK SMART,20150324,110544,39.93,2,0,0,0,0,0
BP STK SMART,20150324,110545,39.93,1,0,0,0,0,0
BP STK SMART,20150324,110605,39.94,1,0,0,0,0,0
BP STK SMART,20150324,110614,39.94,1,0,0,0,0,0
BP STK SMART,20150324,110636,39.95,1,0,0,0,0,0
BP STK SMART,20150324,110655,39.96,1,0,0,0,0,0
BP STK SMART,20150324,110656,39.96,2,0,0,0,0,0
BP STK SMART,20150324,110708,39.95,3,0,0,0,0,0
BP STK SMART,20150324,110729,39.95,5,0,0,0,0,0
BP STK SMART,20150324,110744,39.94,1,0,0,0,0,0
BP STK SMART,20150324,110802,39.93,1,0,0,0,0,0
BP STK SMART,20150324,110813,39.94,1,0,0,0,0,0
BP STK SMART,20150324,110822,39.93,1,0,0,0,0,0
BP STK SMART,20150324,110851,39.92,4,0,0,0,0,0
BP STK SMART,20150324,110924,39.92,1,0,0,0,0,0
BP STK SMART,20150324,110942,39.93,2,0,0,0,0,0
BP STK SMART,20150324,111001,39.94,1,0,0,0,0,0
BP STK SMART,20150324,111011,39.93,1,0,0,0,0,0
BP STK SMART,20150324,111053,39.91,1,0,0,0,0,0
BP STK SMART,20150324,111133,39.93,1,0,0,0,0,0
BP STK SMART,20150324,111153,39.94,1,0,0,0,0,0
BP STK SMART,20150324,111223,39.95,1,0,0,0,0,0
BP STK SMART,20150324,111235,39.94,4,0,0,0,0,0
BP STK SMART,20150324,111235,39.94,1,0,0,0,0,0
BP STK SMART,20150324,111249,39.95,1,0,0,0,0,0
BP STK SMART,20150324,111319,39.95,1,0,0,0,0,0
BP STK SMART,20150324,111408,39.95,1,0,0,0,0,0
BP STK SMART,20150324,111450,39.94,1,0,0,0,0,0
BP STK SMART,20150324,111501,39.93,1,0,0,0,0,0
BP STK SMART,20150324,111611,39.91,1,0,0,0,0,0
BP STK SMART,20150324,111626,39.92,1,0,0,0,0,0
BP STK SMART,20150324,111637,39.91,1,0,0,0,0,0
BP STK SMART,20150324,111730,39.92,1,0,0,0,0,0
BP STK SMART,20150324,111753,39.93,1,0,0,0,0,0
BP STK SMART,20150324,111805,39.92,2,0,0,0,0,0
BP STK SMART,20150324,111809,39.93,2,0,0,0,0,0
BP STK SMART,20150324,111901,39.93,1,0,0,0,0,0
BP STK SMART,20150324,111942,39.94,2,0,0,0,0,0
BP STK SMART,20150324,111953,39.95,1,0,0,0,0,0
BP STK SMART,20150324,112000,39.96,1,0,0,0,0,0
BP STK SMART,20150324,112043,39.94,2,0,0,0,0,0
BP STK SMART,20150324,112053,39.95,1,0,0,0,0,0
BP STK SMART,20150324,112145,39.97,2,0,0,0,0,0
BP STK SMART,20150324,112224,39.97,9,0,0,0,0,0
BP STK SMART,20150324,112241,39.97,2,0,0,0,0,0
BP STK SMART,20150324,112301,39.96,1,0,0,0,0,0
BP STK SMART,20150324,112328,39.96,1,0,0,0,0,0
BP STK SMART,20150324,112338,39.97,1,0,0,0,0,0
BP STK SMART,20150324,112425,39.96,1,0,0,0,0,0
BP STK SMART,20150324,112513,39.95,1,0,0,0,0,0
BP STK SMART,20150324,112521,39.95,1,0,0,0,0,0
BP STK SMART,20150324,112555,39.96,1,0,0,0,0,0
BP STK SMART,20150324,112629,39.95,1,0,0,0,0,0
BP STK SMART,20150324,112700,39.96,1,0,0,0,0,0
BP STK SMART,20150324,112759,39.97,1,0,0,0,0,0
BP STK SMART,20150324,112909,39.96,1,0,0,0,0,0
BP STK SMART,20150324,112932,39.97,1,0,0,0,0,0
BP STK SMART,20150324,113035,39.96,1,0,0,0,0,0
BP STK SMART,20150324,113112,39.95,1,0,0,0,0,0
BP STK SMART,20150324,113143,39.93,1,0,0,0,0,0
BP STK SMART,20150324,113206,39.94,1,0,0,0,0,0
BP STK SMART,20150324,113212,39.94,2,0,0,0,0,0
BP STK SMART,20150324,113224,39.94,1,0,0,0,0,0
BP STK SMART,20150324,113252,39.92,1,0,0,0,0,0
BP STK SMART,20150324,113331,39.92,1,0,0,0,0,0
BP STK SMART,20150324,113343,39.93,1,0,0,0,0,0
BP STK SMART,20150324,113358,39.93,1,0,0,0,0,0
BP STK SMART,20150324,113508,39.94,1,0,0,0,0,0
BP STK SMART,20150324,113523,39.92,1,0,0,0,0,0
BP STK SMART,20150324,113529,39.91,1,0,0,0,0,0
BP STK SMART,20150324,113558,39.91,1,0,0,0,0,0
BP STK SMART,20150324,113632,39.9,1,0,0,0,0,0
BP STK SMART,20150324,113642,39.9,1,0,0,0,0,0
BP STK SMART,20150324,113706,39.89,1,0,0,0,0,0
BP STK SMART,20150324,113845,39.85,1,0,0,0,0,0
BP STK SMART,20150324,113905,39.84,1,0,0,0,0,0
BP STK SMART,20150324,113914,39.84,2,0,0,0,0,0
BP STK SMART,20150324,113926,39.83,1,0,0,0,0,0
BP STK SMART,20150324,113930,39.84,1,0,0,0,0,0
BP STK SMART,20150324,113938,39.84,2,0,0,0,0,0
BP STK SMART,20150324,113950,39.85,1,0,0,0,0,0
BP STK SMART,20150324,114116,39.82,1,0,0,0,0,0
BP STK SMART,20150324,114135,39.83,1,0,0,0,0,0
BP STK SMART,20150324,114151,39.83,3,0,0,0,0,0
BP STK SMART,20150324,114206,39.83,1,0,0,0,0,0
BP STK SMART,20150324,114215,39.83,1,0,0,0,0,0
BP STK SMART,20150324,114237,39.84,1,0,0,0,0,0
BP STK SMART,20150324,114251,39.85,1,0,0,0,0,0
BP STK SMART,20150324,114316,39.83,1,0,0,0,0,0
BP STK SMART,20150324,114325,39.84,1,0,0,0,0,0
BP STK SMART,20150324,114406,39.83,1,0,0,0,0,0
BP STK SMART,20150324,114419,39.84,1,0,0,0,0,0
BP STK SMART,20150324,114433,39.83,1,0,0,0,0,0
BP STK SMART,20150324,114520,39.82,1,0,0,0,0,0
BP STK SMART,20150324,114601,39.81,1,0,0,0,0,0
BP STK SMART,20150324,114643,39.82,1,0,0,0,0,0
BP STK SMART,20150324,114710,39.81,1,0,0,0,0,0
BP STK SMART,20150324,114754,39.8,1,0,0,0,0,0
BP STK SMART,20150324,114802,39.79,1,0,0,0,0,0
BP STK SMART,20150324,114825,39.81,1,0,0,0,0,0
BP STK SMART,20150324,114846,39.8,1,0,0,0,0,0
BP STK SMART,20150324,114856,39.81,1,0,0,0,0,0
BP STK SMART,20150324,115047,39.84,2,0,0,0,0,0
BP STK SMART,20150324,115048,39.84,1,0,0,0,0,0
BP STK SMART,20150324,115129,39.84,2,0,0,0,0,0
BP STK SMART,20150324,115141,39.83,1,0,0,0,0,0
BP STK SMART,20150324,115151,39.82,1,0,0,0,0,0
BP STK SMART,20150324,115301,39.81,1,0,0,0,0,0
BP STK SMART,20150324,115333,39.82,2,0,0,0,0,0
BP STK SMART,20150324,115351,39.83,1,0,0,0,0,0
BP STK SMART,20150324,115459,39.83,1,0,0,0,0,0
BP STK SMART,20150324,115523,39.81,1,0,0,0,0,0
BP STK SMART,20150324,115531,39.81,2,0,0,0,0,0
BP STK SMART,20150324,115615,39.82,1,0,0,0,0,0
BP STK SMART,20150324,115644,39.83,3,0,0,0,0,0
BP STK SMART,20150324,115656,39.83,1,0,0,0,0,0
BP STK SMART,20150324,115709,39.82,1,0,0,0,0,0
BP STK SMART,20150324,115752,39.83,1,0,0,0,0,0
BP STK SMART,20150324,115819,39.81,1,0,0,0,0,0
BP STK SMART,20150324,115906,39.8,1,0,0,0,0,0
BP STK SMART,20150324,115923,39.78,1,0,0,0,0,0
BP STK SMART,20150324,115955,39.76,4,0,0,0,0,0
BP STK SMART,20150324,120006,39.77,1,0,0,0,0,0
BP STK SMART,20150324,120014,39.77,1,0,0,0,0,0
BP STK SMART,20150324,120037,39.75,1,0,0,0,0,0
BP STK SMART,20150324,120046,39.75,3,0,0,0,0,0
BP STK SMART,20150324,120107,39.75,1,0,0,0,0,0
BP STK SMART,20150324,120115,39.74,1,0,0,0,0,0
BP STK SMART,20150324,120130,39.75,2,0,0,0,0,0
BP STK SMART,20150324,120149,39.74,1,0,0,0,0,0
BP STK SMART,20150324,120210,39.75,1,0,0,0,0,0
BP STK SMART,20150324,120224,39.77,1,0,0,0,0,0
BP STK SMART,20150324,120230,39.76,1,0,0,0,0,0
BP STK SMART,20150324,120325,39.79,1,0,0,0,0,0
BP STK SMART,20150324,120337,39.8,2,0,0,0,0,0
BP STK SMART,20150324,120338,39.8,1,0,0,0,0,0
BP STK SMART,20150324,120417,39.81,1,0,0,0,0,0
BP STK SMART,20150324,120426,39.81,1,0,0,0,0,0
BP STK SMART,20150324,120438,39.81,1,0,0,0,0,0
BP STK SMART,20150324,120448,39.81,1,0,0,0,0,0
BP STK SMART,20150324,120448,39.8,1,0,0,0,0,0
BP STK SMART,20150324,120506,39.79,1,0,0,0,0,0
BP STK SMART,20150324,120521,39.78,1,0,0,0,0,0
BP STK SMART,20150324,120544,39.78,1,0,0,0,0,0
BP STK SMART,20150324,120607,39.78,1,0,0,0,0,0
BP STK SMART,20150324,120623,39.78,2,0,0,0,0,0
BP STK SMART,20150324,120645,39.77,1,0,0,0,0,0
BP STK SMART,20150324,120736,39.78,2,0,0,0,0,0
BP STK SMART,20150324,120822,39.8,3,0,0,0,0,0
BP STK SMART,20150324,120852,39.81,1,0,0,0,0,0
BP STK SMART,20150324,120926,39.82,1,0,0,0,0,0
BP STK SMART,20150324,120945,39.81,1,0,0,0,0,0
BP STK SMART,20150324,121014,39.82,1,0,0,0,0,0
BP STK SMART,20150324,121021,39.83,1,0,0,0,0,0
BP STK SMART,20150324,121033,39.83,2,0,0,0,0,0
BP STK SMART,20150324,121050,39.83,1,0,0,0,0,0
BP STK SMART,20150324,121153,39.84,1,0,0,0,0,0
BP STK SMART,20150324,121211,39.83,1,0,0,0,0,0
BP STK SMART,20150324,121226,39.84,1,0,0,0,0,0
BP STK SMART,20150324,121237,39.85,1,0,0,0,0,0
BP STK SMART,20150324,121258,39.86,2,0,0,0,0,0
BP STK SMART,20150324,121303,39.85,1,0,0,0,0,0
BP STK SMART,20150324,121347,39.84,1,0,0,0,0,0
BP STK SMART,20150324,121356,39.82,2,0,0,0,0,0
BP STK SMART,20150324,121424,39.82,4,0,0,0,0,0
BP STK SMART,20150324,121436,39.81,1,0,0,0,0,0
BP STK SMART,20150324,121448,39.8,1,0,0,0,0,0
BP STK SMART,20150324,121519,39.79,1,0,0,0,0,0
BP STK SMART,20150324,121535,39.8,1,0,0,0,0,0
BP STK SMART,20150324,121558,39.79,1,0,0,0,0,0
BP STK SMART,20150324,121618,39.8,1,0,0,0,0,0
BP STK SMART,20150324,121657,39.79,1,0,0,0,0,0
BP STK SMART,20150324,121714,39.78,1,0,0,0,0,0
BP STK SMART,20150324,121732,39.77,1,0,0,0,0,0
BP STK SMART,20150324,121803,39.77,1,0,0,0,0,0
BP STK SMART,20150324,121815,39.78,1,0,0,0,0,0
BP STK SMART,20150324,121838,39.77,1,0,0,0,0,0
BP STK SMART,20150324,121858,39.78,1,0,0,0,0,0
BP STK SMART,20150324,121958,39.79,1,0,0,0,0,0
BP STK SMART,20150324,122006,39.79,1,0,0,0,0,0
BP STK SMART,20150324,122107,39.79,1,0,0,0,0,0
BP STK SMART,20150324,122110,39.78,1,0,0,0,0,0
BP STK SMART,20150324,122226,39.79,1,0,0,0,0,0
BP STK SMART,20150324,122239,39.8,1,0,0,0,0,0
BP STK SMART,20150324,122253,39.79,2,0,0,0,0,0
BP STK SMART,20150324,122330,39.79,7,0,0,0,0,0
BP STK SMART,20150324,122340,39.79,1,0,0,0,0,0
BP STK SMART,20150324,122418,39.79,2,0,0,0,0,0
BP STK SMART,20150324,122427,39.78,1,0,0,0,0,0
BP STK SMART,20150324,122446,39.77,1,0,0,0,0,0
BP STK SMART,20150324,122541,39.76,1,0,0,0,0,0
BP STK SMART,20150324,122553,39.77,1,0,0,0,0,0
BP STK SMART,20150324,122626,39.78,1,0,0,0,0,0
BP STK SMART,20150324,122637,39.77,1,0,0,0,0,0
BP STK SMART,20150324,122646,39.78,3,0,0,0,0,0
BP STK SMART,20150324,122649,39.78,6,0,0,0,0,0
BP STK SMART,20150324,122738,39.79,1,0,0,0,0,0
BP STK SMART,20150324,122749,39.79,1,0,0,0,0,0
BP STK SMART,20150324,122807,39.79,1,0,0,0,0,0
BP STK SMART,20150324,122832,39.78,1,0,0,0,0,0
BP STK SMART,20150324,122857,39.78,2,0,0,0,0,0
BP STK SMART,20150324,122906,39.78,1,0,0,0,0,0
BP STK SMART,20150324,122918,39.77,2,0,0,0,0,0
BP STK SMART,20150324,122928,39.77,1,0,0,0,0,0
BP STK SMART,20150324,122939,39.78,1,0,0,0,0,0
BP STK SMART,20150324,122948,39.77,1,0,0,0,0,0
BP STK SMART,20150324,123002,39.76,1,0,0,0,0,0
BP STK SMART,20150324,123035,39.76,1,0,0,0,0,0
BP STK SMART,20150324,123044,39.75,1,0,0,0,0,0
BP STK SMART,20150324,123058,39.74,1,0,0,0,0,0
BP STK SMART,20150324,123107,39.74,1,0,0,0,0,0
BP STK SMART,20150324,123113,39.73,1,0,0,0,0,0
BP STK SMART,20150324,123140,39.72,1,0,0,0,0,0
BP STK SMART,20150324,123158,39.72,1,0,0,0,0,0
BP STK SMART,20150324,123256,39.72,1,0,0,0,0,0
BP STK SMART,20150324,123305,39.72,2,0,0,0,0,0
BP STK SMART,20150324,123319,39.73,1,0,0,0,0,0
BP STK SMART,20150324,123329,39.74,2,0,0,0,0,0
BP STK SMART,20150324,123332,39.74,1,0,0,0,0,0
BP STK SMART,20150324,123342,39.74,1,0,0,0,0,0
BP STK SMART,20150324,123357,39.73,1,0,0,0,0,0
BP STK SMART,20150324,123408,39.68,1,0,0,0,0,0
BP STK SMART,20150324,123425,39.68,1,0,0,0,0,0
BP STK SMART,20150324,123444,39.69,1,0,0,0,0,0
BP STK SMART,20150324,123507,39.68,1,0,0,0,0,0
BP STK SMART,20150324,123540,39.69,1,0,0,0,0,0
BP STK SMART,20150324,123559,39.7,1,0,0,0,0,0
BP STK SMART,20150324,123559,39.69,1,0,0,0,0,0
BP STK SMART,20150324,123616,39.69,1,0,0,0,0,0
BP STK SMART,20150324,123646,39.69,1,0,0,0,0,0
BP STK SMART,20150324,123656,39.68,1,0,0,0,0,0
BP STK SMART,20150324,123831,39.69,1,0,0,0,0,0
BP STK SMART,20150324,123919,39.7,1,0,0,0,0,0
BP STK SMART,20150324,123927,39.71,1,0,0,0,0,0
BP STK SMART,20150324,124051,39.72,2,0,0,0,0,0
BP STK SMART,20150324,124101,39.73,1,0,0,0,0,0
BP STK SMART,20150324,124205,39.74,1,0,0,0,0,0
BP STK SMART,20150324,124228,39.72,1,0,0,0,0,0
BP STK SMART,20150324,124357,39.71,2,0,0,0,0,0
BP STK SMART,20150324,124411,39.7,1,0,0,0,0,0
BP STK SMART,20150324,124426,39.71,1,0,0,0,0,0
BP STK SMART,20150324,124443,39.71,2,0,0,0,0,0
BP STK SMART,20150324,124454,39.72,1,0,0,0,0,0
BP STK SMART,20150324,124511,39.73,1,0,0,0,0,0
BP STK SMART,20150324,124559,39.74,2,0,0,0,0,0
BP STK SMART,20150324,124604,39.75,1,0,0,0,0,0
BP STK SMART,20150324,124614,39.74,1,0,0,0,0,0
BP STK SMART,20150324,124631,39.75,1,0,0,0,0,0
BP STK SMART,20150324,124651,39.74,1,0,0,0,0,0
BP STK SMART,20150324,124709,39.72,1,0,0,0,0,0
BP STK SMART,20150324,124835,39.71,1,0,0,0,0,0
BP STK SMART,20150324,124906,39.68,1,0,0,0,0,0
BP STK SMART,20150324,125133,39.69,1,0,0,0,0,0
BP STK SMART,20150324,125152,39.7,1,0,0,0,0,0
BP STK SMART,20150324,125217,39.71,1,0,0,0,0,0
BP STK SMART,20150324,125439,39.73,2,0,0,0,0,0
BP STK SMART,20150324,125503,39.74,1,0,0,0,0,0
BP STK SMART,20150324,125515,39.74,2,0,0,0,0,0
BP STK SMART,20150324,125521,39.74,1,0,0,0,0,0
BP STK SMART,20150324,125540,39.74,1,0,0,0,0,0
BP STK SMART,20150324,125739,39.72,4,0,0,0,0,0
BP STK SMART,20150324,125850,39.73,1,0,0,0,0,0
BP STK SMART,20150324,125902,39.72,2,0,0,0,0,0
BP STK SMART,20150324,130054,39.72,1,0,0,0,0,0
BP STK SMART,20150324,130156,39.72,2,0,0,0,0,0
BP STK SMART,20150324,130215,39.73,1,0,0,0,0,0
BP STK SMART,20150324,130237,39.74,1,0,0,0,0,0
BP STK SMART,20150324,130313,39.73,1,0,0,0,0,0
BP STK SMART,20150324,130328,39.72,3,0,0,0,0,0
BP STK SMART,20150324,130438,39.71,1,0,0,0,0,0
BP STK SMART,20150324,130608,39.73,2,0,0,0,0,0
BP STK SMART,20150324,130616,39.73,2,0,0,0,0,0
BP STK SMART,20150324,130625,39.72,1,0,0,0,0,0
BP STK SMART,20150324,130644,39.73,1,0,0,0,0,0
BP STK SMART,20150324,130709,39.72,1,0,0,0,0,0
BP STK SMART,20150324,130916,39.71,2,0,0,0,0,0
BP STK SMART,20150324,131010,39.71,1,0,0,0,0,0
BP STK SMART,20150324,131016,39.7,1,0,0,0,0,0
BP STK SMART,20150324,131057,39.7,3,0,0,0,0,0
BP STK SMART,20150324,131121,39.71,2,0,0,0,0,0
BP STK SMART,20150324,131121,39.71,1,0,0,0,0,0
BP STK SMART,20150324,131309,39.72,1,0,0,0,0,0
BP STK SMART,20150324,131343,39.72,1,0,0,0,0,0
BP STK SMART,20150324,131439,39.71,1,0,0,0,0,0
BP STK SMART,20150324,131450,39.71,1,0,0,0,0,0
BP STK SMART,20150324,131625,39.71,1,0,0,0,0,0
BP STK SMART,20150324,131645,39.71,1,0,0,0,0,0
BP STK SMART,20150324,131842,39.7,1,0,0,0,0,0
BP STK SMART,20150324,131913,39.69,1,0,0,0,0,0
BP STK SMART,20150324,131933,39.68,1,0,0,0,0,0
BP STK SMART,20150324,131944,39.67,1,0,0,0,0,0
BP STK SMART,20150324,132020,39.68,1,0,0,0,0,0
BP STK SMART,20150324,132037,39.68,1,0,0,0,0,0
BP STK SMART,20150324,132051,39.69,1,0,0,0,0,0
BP STK SMART,20150324,132213,39.68,1,0,0,0,0,0
BP STK SMART,20150324,132255,39.67,1,0,0,0,0,0
BP STK SMART,20150324,132436,39.66,1,0,0,0,0,0
BP STK SMART,20150324,132451,39.66,10,0,0,0,0,0
BP STK SMART,20150324,132512,39.65,3,0,0,0,0,0
BP STK SMART,20150324,132536,39.65,1,0,0,0,0,0
BP STK SMART,20150324,132544,39.64,1,0,0,0,0,0
BP STK SMART,20150324,132558,39.62,1,0,0,0,0,0
BP STK SMART,20150324,132605,39.61,1,0,0,0,0,0
BP STK SMART,20150324,132652,39.6,1,0,0,0,0,0
BP STK SMART,20150324,132719,39.61,1,0,0,0,0,0
BP STK SMART,20150324,132739,39.6,1,0,0,0,0,0
BP STK SMART,20150324,132834,39.6,6,0,0,0,0,0
BP STK SMART,20150324,132850,39.58,1,0,0,0,0,0
BP STK SMART,20150324,132918,39.58,1,0,0,0,0,0
BP STK SMART,20150324,132952,39.58,2,0,0,0,0,0
BP STK SMART,20150324,133001,39.59,1,0,0,0,0,0
BP STK SMART,20150324,133008,39.6,1,0,0,0,0,0
BP STK SMART,20150324,133052,39.6,4,0,0,0,0,0
BP STK SMART,20150324,133057,39.61,2,0,0,0,0,0
BP STK SMART,20150324,133108,39.6,1,0,0,0,0,0
BP STK SMART,20150324,133153,39.59,1,0,0,0,0,0
BP STK SMART,20150324,133220,39.59,2,0,0,0,0,0
BP STK SMART,20150324,133302,39.58,1,0,0,0,0,0
BP STK SMART,20150324,133309,39.57,1,0,0,0,0,0
BP STK SMART,20150324,133415,39.57,1,0,0,0,0,0
BP STK SMART,20150324,133435,39.58,1,0,0,0,0,0
BP STK SMART,20150324,133458,39.58,1,0,0,0,0,0
BP STK SMART,20150324,133526,39.58,3,0,0,0,0,0
BP STK SMART,20150324,133604,39.59,1,0,0,0,0,0
BP STK SMART,20150324,133613,39.59,3,0,0,0,0,0
BP STK SMART,20150324,133646,39.61,2,0,0,0,0,0
BP STK SMART,20150324,133701,39.61,1,0,0,0,0,0
BP STK SMART,20150324,133756,39.61,1,0,0,0,0,0
BP STK SMART,20150324,133905,39.6,1,0,0,0,0,0
BP STK SMART,20150324,133930,39.61,1,0,0,0,0,0
BP STK SMART,20150324,133937,39.61,3,0,0,0,0,0
BP STK SMART,20150324,133946,39.61,1,0,0,0,0,0
BP STK SMART,20150324,134102,39.62,1,0,0,0,0,0
BP STK SMART,20150324,134142,39.62,1,0,0,0,0,0
BP STK SMART,20150324,134230,39.62,1,0,0,0,0,0
BP STK SMART,20150324,134234,39.62,1,0,0,0,0,0
BP STK SMART,20150324,134252,39.62,1,0,0,0,0,0
BP STK SMART,20150324,134446,39.61,1,0,0,0,0,0
BP STK SMART,20150324,134542,39.61,1,0,0,0,0,0
BP STK SMART,20150324,134552,39.62,2,0,0,0,0,0
BP STK SMART,20150324,134553,39.62,1,0,0,0,0,0
BP STK SMART,20150324,134729,39.63,1,0,0,0,0,0
BP STK SMART,20150324,134806,39.63,3,0,0,0,0,0
BP STK SMART,20150324,134832,39.61,4,0,0,0,0,0
BP STK SMART,20150324,134912,39.62,1,0,0,0,0,0
BP STK SMART,20150324,134923,39.63,3,0,0,0,0,0
BP STK SMART,20150324,134947,39.62,1,0,0,0,0,0
BP STK SMART,20150324,135029,39.62,2,0,0,0,0,0
BP STK SMART,20150324,135053,39.62,2,0,0,0,0,0
BP STK SMART,20150324,135054,39.62,1,0,0,0,0,0
BP STK SMART,20150324,135107,39.63,1,0,0,0,0,0
BP STK SMART,20150324,135127,39.64,1,0,0,0,0,0
BP STK SMART,20150324,135134,39.63,1,0,0,0,0,0
BP STK SMART,20150324,135201,39.63,3,0,0,0,0,0
BP STK SMART,20150324,135230,39.62,1,0,0,0,0,0
BP STK SMART,20150324,135243,39.61,1,0,0,0,0,0
BP STK SMART,20150324,135403,39.61,2,0,0,0,0,0
BP STK SMART,20150324,135403,39.61,1,0,0,0,0,0
BP STK SMART,20150324,135452,39.6,1,0,0,0,0,0
BP STK SMART,20150324,135533,39.61,1,0,0,0,0,0
BP STK SMART,20150324,135552,39.62,1,0,0,0,0,0
BP STK SMART,20150324,135554,39.62,2,0,0,0,0,0
BP STK SMART,20150324,135636,39.62,1,0,0,0,0,0
BP STK SMART,20150324,135652,39.63,1,0,0,0,0,0
BP STK SMART,20150324,135654,39.64,1,0,0,0,0,0
BP STK SMART,20150324,135717,39.63,1,0,0,0,0,0
BP STK SMART,20150324,135840,39.64,1,0,0,0,0,0
BP STK SMART,20150324,135915,39.63,1,0,0,0,0,0
BP STK SMART,20150324,135954,39.62,1,0,0,0,0,0
BP STK SMART,20150324,140052,39.62,1,0,0,0,0,0
BP STK SMART,20150324,140259,39.61,1,0,0,0,0,0
BP STK SMART,20150324,140314,39.6,1,0,0,0,0,0
BP STK SMART,20150324,140328,39.59,1,0,0,0,0,0
BP STK SMART,20150324,140343,39.6,1,0,0,0,0,0
BP STK SMART,20150324,140349,39.61,1,0,0,0,0,0
BP STK SMART,20150324,140402,39.61,2,0,0,0,0,0
BP STK SMART,20150324,140423,39.61,1,0,0,0,0,0
BP STK SMART,20150324,140452,39.6,1,0,0,0,0,0
BP STK SMART,20150324,140534,39.59,1,0,0,0,0,0
BP STK SMART,20150324,140545,39.6,1,0,0,0,0,0
BP STK SMART,20150324,140647,39.6,1,0,0,0,0,0
BP STK SMART,20150324,140751,39.6,2,0,0,0,0,0
BP STK SMART,20150324,140809,39.6,1,0,0,0,0,0
BP STK SMART,20150324,140914,39.6,1,0,0,0,0,0
BP STK SMART,20150324,140932,39.61,1,0,0,0,0,0
BP STK SMART,20150324,140952,39.62,2,0,0,0,0,0
BP STK SMART,20150324,140957,39.62,3,0,0,0,0,0
BP STK SMART,20150324,141010,39.61,1,0,0,0,0,0
BP STK SMART,20150324,141103,39.6,7,0,0,0,0,0
BP STK SMART,20150324,141123,39.6,1,0,0,0,0,0
BP STK SMART,20150324,141143,39.59,1,0,0,0,0,0
BP STK SMART,20150324,141301,39.58,10,0,0,0,0,0
BP STK SMART,20150324,141324,39.58,1,0,0,0,0,0
BP STK SMART,20150324,141424,39.56,1,0,0,0,0,0
BP STK SMART,20150324,141427,39.56,1,0,0,0,0,0
BP STK SMART,20150324,141438,39.56,2,0,0,0,0,0
BP STK SMART,20150324,141446,39.56,1,0,0,0,0,0
BP STK SMART,20150324,141528,39.55,1,0,0,0,0,0
BP STK SMART,20150324,141552,39.56,1,0,0,0,0,0
BP STK SMART,20150324,141601,39.56,2,0,0,0,0,0
BP STK SMART,20150324,141613,39.55,1,0,0,0,0,0
BP STK SMART,20150324,141639,39.54,2,0,0,0,0,0
BP STK SMART,20150324,141653,39.55,1,0,0,0,0,0
BP STK SMART,20150324,141714,39.56,1,0,0,0,0,0
BP STK SMART,20150324,141715,39.56,2,0,0,0,0,0
BP STK SMART,20150324,141738,39.56,1,0,0,0,0,0
BP STK SMART,20150324,141748,39.55,1,0,0,0,0,0
BP STK SMART,20150324,141801,39.54,3,0,0,0,0,0
BP STK SMART,20150324,141820,39.53,1,0,0,0,0,0
BP STK SMART,20150324,141924,39.52,1,0,0,0,0,0
BP STK SMART,20150324,141954,39.51,3,0,0,0,0,0
BP STK SMART,20150324,142029,39.52,1,0,0,0,0,0
BP STK SMART,20150324,142113,39.53,1,0,0,0,0,0
BP STK SMART,20150324,142159,39.53,1,0,0,0,0,0
BP STK SMART,20150324,142222,39.53,1,0,0,0,0,0
BP STK SMART,20150324,142248,39.52,1,0,0,0,0,0
BP STK SMART,20150324,142304,39.52,1,0,0,0,0,0
BP STK SMART,20150324,142325,39.51,2,0,0,0,0,0
BP STK SMART,20150324,142325,39.51,1,0,0,0,0,0
BP STK SMART,20150324,142344,39.51,1,0,0,0,0,0
BP STK SMART,20150324,142419,39.52,1,0,0,0,0,0
BP STK SMART,20150324,142431,39.52,1,0,0,0,0,0
BP STK SMART,20150324,142502,39.51,2,0,0,0,0,0
BP STK SMART,20150324,142530,39.51,1,0,0,0,0,0
BP STK SMART,20150324,142605,39.52,1,0,0,0,0,0
BP STK SMART,20150324,142610,39.51,1,0,0,0,0,0
BP STK SMART,20150324,142619,39.52,1,0,0,0,0,0
BP STK SMART,20150324,142644,39.51,1,0,0,0,0,0
BP STK SMART,20150324,142753,39.52,1,0,0,0,0,0
BP STK SMART,20150324,142820,39.51,1,0,0,0,0,0
BP STK SMART,20150324,142832,39.51,1,0,0,0,0,0
BP STK SMART,20150324,142854,39.52,2,0,0,0,0,0
BP STK SMART,20150324,142938,39.51,1,0,0,0,0,0
BP STK SMART,20150324,142955,39.51,1,0,0,0,0,0
BP STK SMART,20150324,143015,39.51,1,0,0,0,0,0
BP STK SMART,20150324,143054,39.5,1,0,0,0,0,0
BP STK SMART,20150324,143158,39.51,1,0,0,0,0,0
BP STK SMART,20150324,143333,39.51,1,0,0,0,0,0
BP STK SMART,20150324,143342,39.5,1,0,0,0,0,0
BP STK SMART,20150324,143347,39.5,8,0,0,0,0,0
BP STK SMART,20150324,143357,39.51,1,0,0,0,0,0
BP STK SMART,20150324,143442,39.5,1,0,0,0,0,0
BP STK SMART,20150324,143514,39.51,1,0,0,0,0,0
BP STK SMART,20150324,143525,39.51,1,0,0,0,0,0
BP STK SMART,20150324,143558,39.51,2,0,0,0,0,0
BP STK SMART,20150324,143618,39.51,1,0,0,0,0,0
BP STK SMART,20150324,143719,39.52,1,0,0,0,0,0
BP STK SMART,20150324,143745,39.51,1,0,0,0,0,0
BP STK SMART,20150324,143746,39.5,4,0,0,0,0,0
BP STK SMART,20150324,143812,39.51,1,0,0,0,0,0
BP STK SMART,20150324,143915,39.51,2,0,0,0,0,0
BP STK SMART,20150324,143916,39.51,1,0,0,0,0,0
BP STK SMART,20150324,143952,39.51,2,0,0,0,0,0
BP STK SMART,20150324,144012,39.51,1,0,0,0,0,0
BP STK SMART,20150324,144038,39.5,1,0,0,0,0,0
BP STK SMART,20150324,144052,39.51,1,0,0,0,0,0
BP STK SMART,20150324,144121,39.5,1,0,0,0,0,0
BP STK SMART,20150324,144203,39.51,1,0,0,0,0,0
BP STK SMART,20150324,144215,39.49,1,0,0,0,0,0
BP STK SMART,20150324,144233,39.51,1,0,0,0,0,0
BP STK SMART,20150324,144321,39.5,1,0,0,0,0,0
BP STK SMART,20150324,144330,39.51,1,0,0,0,0,0
BP STK SMART,20150324,144405,39.51,1,0,0,0,0,0
BP STK SMART,20150324,144407,39.51,2,0,0,0,0,0
BP STK SMART,20150324,144506,39.51,1,0,0,0,0,0
BP STK SMART,20150324,144603,39.52,1,0,0,0,0,0
BP STK SMART,20150324,144609,39.53,1,0,0,0,0,0
BP STK SMART,20150324,144624,39.54,1,0,0,0,0,0
BP STK SMART,20150324,144822,39.55,1,0,0,0,0,0
BP STK SMART,20150324,144836,39.54,1,0,0,0,0,0
BP STK SMART,20150324,144855,39.52,3,0,0,0,0,0
BP STK SMART,20150324,144950,39.51,1,0,0,0,0,0
BP STK SMART,20150324,145123,39.51,2,0,0,0,0,0
BP STK SMART,20150324,145229,39.51,2,0,0,0,0,0
BP STK SMART,20150324,145335,39.51,1,0,0,0,0,0
BP STK SMART,20150324,145338,39.51,2,0,0,0,0,0
BP STK SMART,20150324,145401,39.51,1,0,0,0,0,0
BP STK SMART,20150324,145410,39.51,1,0,0,0,0,0
BP STK SMART,20150324,145420,39.5,1,0,0,0,0,0
BP STK SMART,20150324,145436,39.49,1,0,0,0,0,0
BP STK SMART,20150324,145445,39.49,1,0,0,0,0,0
BP STK SMART,20150324,145456,39.49,2,0,0,0,0,0
BP STK SMART,20150324,145500,39.49,2,0,0,0,0,0
BP STK SMART,20150324,145514,39.49,2,0,0,0,0,0
BP STK SMART,20150324,145525,39.5,1,0,0,0,0,0
BP STK SMART,20150324,145537,39.5,3,0,0,0,0,0
BP STK SMART,20150324,145550,39.5,2,0,0,0,0,0
BP STK SMART,20150324,145603,39.51,1,0,0,0,0,0
BP STK SMART,20150324,145615,39.51,1,0,0,0,0,0
BP STK SMART,20150324,145645,39.52,1,0,0,0,0,0
BP STK SMART,20150324,145703,39.51,1,0,0,0,0,0
BP STK SMART,20150324,145725,39.51,1,0,0,0,0,0
BP STK SMART,20150324,145759,39.51,1,0,0,0,0,0
BP STK SMART,20150324,145813,39.5,1,0,0,0,0,0
BP STK SMART,20150324,145851,39.51,1,0,0,0,0,0
BP STK SMART,20150324,150005,39.51,1,0,0,0,0,0
BP STK SMART,20150324,150010,39.52,1,0,0,0,0,0
BP STK SMART,20150324,150022,39.53,1,0,0,0,0,0
BP STK SMART,20150324,150136,39.52,1,0,0,0,0,0
BP STK SMART,20150324,150146,39.51,1,0,0,0,0,0
BP STK SMART,20150324,150156,39.51,1,0,0,0,0,0
BP STK SMART,20150324,150205,39.51,1,0,0,0,0,0
BP STK SMART,20150324,150237,39.5,1,0,0,0,0,0
BP STK SMART,20150324,150306,39.49,1,0,0,0,0,0
BP STK SMART,20150324,150353,39.48,2,0,0,0,0,0
BP STK SMART,20150324,150357,39.49,1,0,0,0,0,0
BP STK SMART,20150324,150504,39.51,1,0,0,0,0,0
BP STK SMART,20150324,150516,39.52,1,0,0,0,0,0
BP STK SMART,20150324,150521,39.51,1,0,0,0,0,0
BP STK SMART,20150324,150601,39.52,2,0,0,0,0,0
BP STK SMART,20150324,150608,39.52,1,0,0,0,0,0
BP STK SMART,20150324,150626,39.52,1,0,0,0,0,0
BP STK SMART,20150324,150634,39.51,1,0,0,0,0,0
BP STK SMART,20150324,150746,39.52,1,0,0,0,0,0
BP STK SMART,20150324,150752,39.53,1,0,0,0,0,0
BP STK SMART,20150324,150800,39.53,1,0,0,0,0,0
BP STK SMART,20150324,150812,39.53,3,0,0,0,0,0
BP STK SMART,20150324,150827,39.53,1,0,0,0,0,0
BP STK SMART,20150324,150829,39.54,1,0,0,0,0,0
BP STK SMART,20150324,150846,39.54,1,0,0,0,0,0
BP STK SMART,20150324,150931,39.53,1,0,0,0,0,0
BP STK SMART,20150324,150945,39.53,1,0,0,0,0,0
BP STK SMART,20150324,151011,39.52,1,0,0,0,0,0
BP STK SMART,20150324,151205,39.52,1,0,0,0,0,0
BP STK SMART,20150324,151215,39.53,1,0,0,0,0,0
BP STK SMART,20150324,151221,39.52,1,0,0,0,0,0
BP STK SMART,20150324,151244,39.51,1,0,0,0,0,0
BP STK SMART,20150324,151304,39.52,1,0,0,0,0,0
BP STK SMART,20150324,151312,39.51,1,0,0,0,0,0
BP STK SMART,20150324,151327,39.51,1,0,0,0,0,0
BP STK SMART,20150324,151346,39.51,1,0,0,0,0,0
BP STK SMART,20150324,151348,39.52,1,0,0,0,0,0
BP STK SMART,20150324,151357,39.51,1,0,0,0,0,0
BP STK SMART,20150324,151423,39.52,1,0,0,0,0,0
BP STK SMART,20150324,151445,39.53,1,0,0,0,0,0
BP STK SMART,20150324,151455,39.53,1,0,0,0,0,0
BP STK SMART,20150324,151517,39.52,1,0,0,0,0,0
BP STK SMART,20150324,151534,39.52,2,0,0,0,0,0
BP STK SMART,20150324,151542,39.52,1,0,0,0,0,0
BP STK SMART,20150324,151615,39.51,1,0,0,0,0,0
BP STK SMART,20150324,151622,39.53,2,0,0,0,0,0
BP STK SMART,20150324,151630,39.54,1,0,0,0,0,0
BP STK SMART,20150324,151724,39.54,1,0,0,0,0,0
BP STK SMART,20150324,151806,39.54,3,0,0,0,0,0
BP STK SMART,20150324,151810,39.54,1,0,0,0,0,0
BP STK SMART,20150324,151818,39.55,1,0,0,0,0,0
BP STK SMART,20150324,151832,39.55,1,0,0,0,0,0
BP STK SMART,20150324,151842,39.55,2,0,0,0,0,0
BP STK SMART,20150324,151920,39.56,1,0,0,0,0,0
BP STK SMART,20150324,151934,39.55,1,0,0,0,0,0
BP STK SMART,20150324,151946,39.54,1,0,0,0,0,0
BP STK SMART,20150324,151957,39.52,1,0,0,0,0,0
BP STK SMART,20150324,152004,39.53,1,0,0,0,0,0
BP STK SMART,20150324,152013,39.52,2,0,0,0,0,0
BP STK SMART,20150324,152022,39.51,3,0,0,0,0,0
BP STK SMART,20150324,152054,39.5,1,0,0,0,0,0
BP STK SMART,20150324,152102,39.49,2,0,0,0,0,0
BP STK SMART,20150324,152117,39.49,11,0,0,0,0,0
BP STK SMART,20150324,152119,39.48,1,0,0,0,0,0
BP STK SMART,20150324,152137,39.48,1,0,0,0,0,0
BP STK SMART,20150324,152142,39.49,1,0,0,0,0,0
BP STK SMART,20150324,152205,39.49,1,0,0,0,0,0
BP STK SMART,20150324,152211,39.5,1,0,0,0,0,0
BP STK SMART,20150324,152222,39.5,1,0,0,0,0,0
BP STK SMART,20150324,152237,39.49,1,0,0,0,0,0
BP STK SMART,20150324,152239,39.49,1,0,0,0,0,0
BP STK SMART,20150324,152254,39.48,1,0,0,0,0,0
BP STK SMART,20150324,152334,39.49,1,0,0,0,0,0
BP STK SMART,20150324,152343,39.49,3,0,0,0,0,0
BP STK SMART,20150324,152350,39.49,1,0,0,0,0,0
BP STK SMART,20150324,152405,39.48,1,0,0,0,0,0
BP STK SMART,20150324,152418,39.48,2,0,0,0,0,0
BP STK SMART,20150324,152418,39.48,1,0,0,0,0,0
BP STK SMART,20150324,152447,39.49,1,0,0,0,0,0
BP STK SMART,20150324,152457,39.49,3,0,0,0,0,0
BP STK SMART,20150324,152517,39.5,1,0,0,0,0,0
BP STK SMART,20150324,152524,39.49,1,0,0,0,0,0
BP STK SMART,20150324,152556,39.49,1,0,0,0,0,0
BP STK SMART,20150324,152600,39.5,1,0,0,0,0,0
BP STK SMART,20150324,152651,39.5,2,0,0,0,0,0
BP STK SMART,20150324,152717,39.5,1,0,0,0,0,0
BP STK SMART,20150324,152740,39.5,1,0,0,0,0,0
BP STK SMART,20150324,152754,39.51,5,0,0,0,0,0
BP STK SMART,20150324,152805,39.5,1,0,0,0,0,0
BP STK SMART,20150324,152822,39.5,2,0,0,0,0,0
BP STK SMART,20150324,152853,39.49,1,0,0,0,0,0
BP STK SMART,20150324,152913,39.48,1,0,0,0,0,0
BP STK SMART,20150324,152944,39.47,1,0,0,0,0,0
BP STK SMART,20150324,152955,39.48,1,0,0,0,0,0
BP STK SMART,20150324,153004,39.49,1,0,0,0,0,0
BP STK SMART,20150324,153025,39.49,2,0,0,0,0,0
BP STK SMART,20150324,153033,39.49,1,0,0,0,0,0
BP STK SMART,20150324,153038,39.48,1,0,0,0,0,0
BP STK SMART,20150324,153058,39.49,3,0,0,0,0,0
BP STK SMART,20150324,153059,39.49,1,0,0,0,0,0
BP STK SMART,20150324,153117,39.5,1,0,0,0,0,0
BP STK SMART,20150324,153124,39.51,1,0,0,0,0,0
BP STK SMART,20150324,153143,39.51,1,0,0,0,0,0
BP STK SMART,20150324,153155,39.51,1,0,0,0,0,0
BP STK SMART,20150324,153159,39.5,1,0,0,0,0,0
BP STK SMART,20150324,153236,39.51,2,0,0,0,0,0
BP STK SMART,20150324,153243,39.51,1,0,0,0,0,0
BP STK SMART,20150324,153257,39.51,3,0,0,0,0,0
BP STK SMART,20150324,153308,39.51,1,0,0,0,0,0
BP STK SMART,20150324,153345,39.51,3,0,0,0,0,0
BP STK SMART,20150324,153353,39.51,1,0,0,0,0,0
BP STK SMART,20150324,153454,39.5,1,0,0,0,0,0
BP STK SMART,20150324,153501,39.51,1,0,0,0,0,0
BP STK SMART,20150324,153532,39.5,1,0,0,0,0,0
BP STK SMART,20150324,153555,39.51,1,0,0,0,0,0
BP STK SMART,20150324,153605,39.5,1,0,0,0,0,0
BP STK SMART,20150324,153610,39.51,1,0,0,0,0,0
BP STK SMART,20150324,153646,39.5,1,0,0,0,0,0
BP STK SMART,20150324,153712,39.51,2,0,0,0,0,0
BP STK SMART,20150324,153728,39.52,2,0,0,0,0,0
BP STK SMART,20150324,153804,39.52,1,0,0,0,0,0
BP STK SMART,20150324,153814,39.5,1,0,0,0,0,0
BP STK SMART,20150324,153822,39.51,1,0,0,0,0,0
BP STK SMART,20150324,153858,39.51,5,0,0,0,0,0
BP STK SMART,20150324,153906,39.5,1,0,0,0,0,0
BP STK SMART,20150324,153933,39.51,1,0,0,0,0,0
BP STK SMART,20150324,153947,39.53,1,0,0,0,0,0
BP STK SMART,20150324,153952,39.53,1,0,0,0,0,0
BP STK SMART,20150324,154032,39.52,1,0,0,0,0,0
BP STK SMART,20150324,154044,39.53,1,0,0,0,0,0
BP STK SMART,20150324,154057,39.52,1,0,0,0,0,0
BP STK SMART,20150324,154108,39.52,1,0,0,0,0,0
BP STK SMART,20150324,154112,39.53,1,0,0,0,0,0
BP STK SMART,20150324,154137,39.52,1,0,0,0,0,0
BP STK SMART,20150324,154155,39.52,1,0,0,0,0,0
BP STK SMART,20150324,154200,39.53,1,0,0,0,0,0
BP STK SMART,20150324,154212,39.52,1,0,0,0,0,0
BP STK SMART,20150324,154236,39.52,1,0,0,0,0,0
BP STK SMART,20150324,154248,39.53,1,0,0,0,0,0
BP STK SMART,20150324,154314,39.52,1,0,0,0,0,0
BP STK SMART,20150324,154322,39.53,1,0,0,0,0,0
BP STK SMART,20150324,154336,39.52,1,0,0,0,0,0
BP STK SMART,20150324,154340,39.52,1,0,0,0,0,0
BP STK SMART,20150324,154357,39.51,1,0,0,0,0,0
BP STK SMART,20150324,154427,39.52,3,0,0,0,0,0
BP STK SMART,20150324,154436,39.52,1,0,0,0,0,0
BP STK SMART,20150324,154458,39.53,1,0,0,0,0,0
BP STK SMART,20150324,154507,39.52,1,0,0,0,0,0
BP STK SMART,20150324,154537,39.51,1,0,0,0,0,0
BP STK SMART,20150324,154545,39.52,1,0,0,0,0,0
BP STK SMART,20150324,154606,39.53,1,0,0,0,0,0
BP STK SMART,20150324,154706,39.53,1,0,0,0,0,0
BP STK SMART,20150324,154743,39.52,1,0,0,0,0,0
BP STK SMART,20150324,154758,39.52,2,0,0,0,0,0
BP STK SMART,20150324,154807,39.51,1,0,0,0,0,0
BP STK SMART,20150324,154817,39.51,1,0,0,0,0,0
BP STK SMART,20150324,154826,39.51,1,0,0,0,0,0
BP STK SMART,20150324,154831,39.51,1,0,0,0,0,0
BP STK SMART,20150324,154858,39.51,1,0,0,0,0,0
BP STK SMART,20150324,154907,39.5,1,0,0,0,0,0
BP STK SMART,20150324,154925,39.5,1,0,0,0,0,0
BP STK SMART,20150324,154939,39.5,2,0,0,0,0,0
BP STK SMART,20150324,154942,39.5,1,0,0,0,0,0
BP STK SMART,20150324,154956,39.51,1,0,0,0,0,0
BP STK SMART,20150324,155002,39.5,1,0,0,0,0,0
BP STK SMART,20150324,155019,39.5,1,0,0,0,0,0
BP STK SMART,20150324,155107,39.51,1,0,0,0,0,0
BP STK SMART,20150324,155116,39.5,1,0,0,0,0,0
BP STK SMART,20150324,155128,39.5,19,0,0,0,0,0
BP STK SMART,20150324,155130,39.5,1,0,0,0,0,0
BP STK SMART,20150324,155208,39.5,1,0,0,0,0,0
BP STK SMART,20150324,155229,39.51,2,0,0,0,0,0
BP STK SMART,20150324,155230,39.51,1,0,0,0,0,0
BP STK SMART,20150324,155258,39.51,1,0,0,0,0,0
BP STK SMART,20150324,155311,39.51,1,0,0,0,0,0
BP STK SMART,20150324,155329,39.52,1,0,0,0,0,0
BP STK SMART,20150324,155348,39.51,1,0,0,0,0,0
BP STK SMART,20150324,155351,39.51,1,0,0,0,0,0
BP STK SMART,20150324,155408,39.5,1,0,0,0,0,0
BP STK SMART,20150324,155427,39.5,1,0,0,0,0,0
BP STK SMART,20150324,155446,39.5,1,0,0,0,0,0
BP STK SMART,20150324,155457,39.51,3,0,0,0,0,0
BP STK SMART,20150324,155509,39.51,2,0,0,0,0,0
BP STK SMART,20150324,155516,39.51,1,0,0,0,0,0
BP STK SMART,20150324,155524,39.51,1,0,0,0,0,0
BP STK SMART,20150324,155535,39.51,1,0,0,0,0,0
BP STK SMART,20150324,155548,39.5,1,0,0,0,0,0
BP STK SMART,20150324,155605,39.51,2,0,0,0,0,0
BP STK SMART,20150324,155616,39.5,1,0,0,0,0,0
BP STK SMART,20150324,155628,39.51,1,0,0,0,0,0
BP STK SMART,20150324,155634,39.5,2,0,0,0,0,0
BP STK SMART,20150324,155645,39.5,2,0,0,0,0,0
BP STK SMART,20150324,155703,39.5,1,0,0,0,0,0
BP STK SMART,20150324,155721,39.5,1,0,0,0,0,0
BP STK SMART,20150324,155737,39.51,1,0,0,0,0,0
BP STK SMART,20150324,155748,39.51,1,0,0,0,0,0
BP STK SMART,20150324,155808,39.5,2,0,0,0,0,0
BP STK SMART,20150324,155816,39.51,1,0,0,0,0,0
BP STK SMART,20150324,155840,39.51,8,0,0,0,0,0
BP STK SMART,20150324,155848,39.51,1,0,0,0,0,0
BP STK SMART,20150324,155856,39.51,1,0,0,0,0,0
BP STK SMART,20150324,155909,39.51,3,0,0,0,0,0
BP STK SMART,20150324,155916,39.5,1,0,0,0,0,0
BP STK SMART,20150324,155926,39.51,2,0,0,0,0,0
