289                 
ESU5 FUT GLOBEX 50,20150324,73938,2091,1,0,0,0,0,0
ESU5 FUT GLOBEX 50,20150324,74142,2092,1,0,0,0,0,0
ESU5 FUT GLOBEX 50,20150324,74458,2092.75,2,0,0,0,0,0
ESU5 FUT GLOBEX 50,20150324,75100,2093.25,4,0,0,0,0,0
ESU5 FUT GLOBEX 50,20150324,75359,2093,1,0,0,0,0,0
ESU5 FUT GLOBEX 50,20150324,82312,2092,2,0,0,0,0,0
ESU5 FUT GLOBEX 50,20150324,82936,2090,2,0,0,0,0,0
ESU5 FUT GLOBEX 50,20150324,83032,2090.75,1,0,0,0,0,0
ESU5 FUT GLOBEX 50,20150324,83052,2090.25,1,0,0,0,0,0
ESU5 FUT GLOBEX 50,20150324,83105,2090.25,5,0,0,0,0,0
ESU5 FUT GLOBEX 50,20150324,83246,2089.75,2,0,0,0,0,0
ESU5 FUT GLOBEX 50,20150324,83938,2090.75,2,0,0,0,0,0
ESU5 FUT GLOBEX 50,20150324,84335,2091.5,2,0,0,0,0,0
ESU5 FUT GLOBEX 50,20150324,85303,2091.25,2,0,0,0,0,0
ESU5 FUT GLOBEX 50,20150324,90112,2089.25,2,0,0,0,0,0
ESU5 FUT GLOBEX 50,20150324,90221,2088.5,1,0,0,0,0,0
ESU5 FUT GLOBEX 50,20150324,90522,2088.75,2,0,0,0,0,0
ESU5 FUT GLOBEX 50,20150324,90844,2087.75,4,0,0,0,0,0
ESU5 FUT GLOBEX 50,20150324,91003,2087.25,2,0,0,0,0,0
ESU5 FUT GLOBEX 50,20150324,91649,2086.25,12,0,0,0,0,0
ESU5 FUT GLOBEX 50,20150324,91741,2086.5,2,0,0,0,0,0
ESU5 FUT GLOBEX 50,20150324,91951,2086.25,2,0,0,0,0,0
ESU5 FUT GLOBEX 50,20150324,92831,2087,2,0,0,0,0,0
ESU5 FUT GLOBEX 50,20150324,92926,2087,3,0,0,0,0,0
ESU5 FUT GLOBEX 50,20150324,93035,2088.5,1,0,0,0,0,0
ESU5 FUT GLOBEX 50,20150324,93104,2087.75,2,0,0,0,0,0
ESU5 FUT GLOBEX 50,20150324,93107,2087.5,2,0,0,0,0,0
ESU5 FUT GLOBEX 50,20150324,93207,2088.5,1,0,0,0,0,0
ESU5 FUT GLOBEX 50,20150324,93223,2088.5,5,0,0,0,0,0
ESU5 FUT GLOBEX 50,20150324,93235,2088.5,2,0,0,0,0,0
ESU5 FUT GLOBEX 50,20150324,93341,2089.25,5,0,0,0,0,0
ESU5 FUT GLOBEX 50,20150324,93407,2088.25,2,0,0,0,0,0
ESU5 FUT GLOBEX 50,20150324,93430,2088.5,2,0,0,0,0,0
ESU5 FUT GLOBEX 50,20150324,93544,2086.75,2,0,0,0,0,0
ESU5 FUT GLOBEX 50,20150324,93546,2086.75,6,0,0,0,0,0
ESU5 FUT GLOBEX 50,20150324,93602,2087.5,2,0,0,0,0,0
ESU5 FUT GLOBEX 50,20150324,93624,2087.75,2,0,0,0,0,0
ESU5 FUT GLOBEX 50,20150324,93625,2087.5,2,0,0,0,0,0
ESU5 FUT GLOBEX 50,20150324,93646,2087,2,0,0,0,0,0
ESU5 FUT GLOBEX 50,20150324,93656,2087.25,2,0,0,0,0,0
ESU5 FUT GLOBEX 50,20150324,93722,2087.75,2,0,0,0,0,0
ESU5 FUT GLOBEX 50,20150324,93857,2087,2,0,0,0,0,0
ESU5 FUT GLOBEX 50,20150324,93912,2086.5,2,0,0,0,0,0
ESU5 FUT GLOBEX 50,20150324,93920,2086.5,1,0,0,0,0,0
ESU5 FUT GLOBEX 50,20150324,93928,2086,2,0,0,0,0,0
ESU5 FUT GLOBEX 50,20150324,93937,2085.75,1,0,0,0,0,0
ESU5 FUT GLOBEX 50,20150324,93951,2085.25,2,0,0,0,0,0
ESU5 FUT GLOBEX 50,20150324,93956,2085,2,0,0,0,0,0
ESU5 FUT GLOBEX 50,20150324,94020,2085,2,0,0,0,0,0
ESU5 FUT GLOBEX 50,20150324,94033,2085,2,0,0,0,0,0
ESU5 FUT GLOBEX 50,20150324,94103,2085.25,2,0,0,0,0,0
ESU5 FUT GLOBEX 50,20150324,94112,2085.25,2,0,0,0,0,0
ESU5 FUT GLOBEX 50,20150324,94121,2084.25,2,0,0,0,0,0
ESU5 FUT GLOBEX 50,20150324,94250,2084.75,2,0,0,0,0,0
ESU5 FUT GLOBEX 50,20150324,94336,2085,3,0,0,0,0,0
ESU5 FUT GLOBEX 50,20150324,94621,2084.75,1,0,0,0,0,0
ESU5 FUT GLOBEX 50,20150324,94637,2084.5,1,0,0,0,0,0
ESU5 FUT GLOBEX 50,20150324,94710,2084.5,1,0,0,0,0,0
ESU5 FUT GLOBEX 50,20150324,94719,2085,1,0,0,0,0,0
ESU5 FUT GLOBEX 50,20150324,94741,2084.75,1,0,0,0,0,0
ESU5 FUT GLOBEX 50,20150324,94755,2085,1,0,0,0,0,0
ESU5 FUT GLOBEX 50,20150324,94823,2085.25,1,0,0,0,0,0
ESU5 FUT GLOBEX 50,20150324,94828,2085.5,3,0,0,0,0,0
ESU5 FUT GLOBEX 50,20150324,94837,2085.75,2,0,0,0,0,0
ESU5 FUT GLOBEX 50,20150324,94849,2086,1,0,0,0,0,0
ESU5 FUT GLOBEX 50,20150324,94909,2086.75,1,0,0,0,0,0
ESU5 FUT GLOBEX 50,20150324,94933,2087,2,0,0,0,0,0
ESU5 FUT GLOBEX 50,20150324,94951,2087.25,2,0,0,0,0,0
ESU5 FUT GLOBEX 50,20150324,95152,2087.5,3,0,0,0,0,0
ESU5 FUT GLOBEX 50,20150324,95244,2087.25,1,0,0,0,0,0
ESU5 FUT GLOBEX 50,20150324,95254,2088,3,0,0,0,0,0
ESU5 FUT GLOBEX 50,20150324,95310,2088,1,0,0,0,0,0
ESU5 FUT GLOBEX 50,20150324,95332,2088,2,0,0,0,0,0
ESU5 FUT GLOBEX 50,20150324,95432,2088.25,2,0,0,0,0,0
ESU5 FUT GLOBEX 50,20150324,95618,2087,2,0,0,0,0,0
ESU5 FUT GLOBEX 50,20150324,95800,2087.5,1,0,0,0,0,0
ESU5 FUT GLOBEX 50,20150324,95835,2087.75,1,0,0,0,0,0
ESU5 FUT GLOBEX 50,20150324,95946,2089,3,0,0,0,0,0
ESU5 FUT GLOBEX 50,20150324,100021,2089.75,1,0,0,0,0,0
ESU5 FUT GLOBEX 50,20150324,100030,2089.25,1,0,0,0,0,0
ESU5 FUT GLOBEX 50,20150324,100049,2089.25,1,0,0,0,0,0
ESU5 FUT GLOBEX 50,20150324,100104,2089.5,1,0,0,0,0,0
ESU5 FUT GLOBEX 50,20150324,100157,2089,3,0,0,0,0,0
ESU5 FUT GLOBEX 50,20150324,100251,2088.25,2,0,0,0,0,0
ESU5 FUT GLOBEX 50,20150324,100300,2088.75,2,0,0,0,0,0
ESU5 FUT GLOBEX 50,20150324,100342,2089.75,2,0,0,0,0,0
ESU5 FUT GLOBEX 50,20150324,100423,2089.5,2,0,0,0,0,0
ESU5 FUT GLOBEX 50,20150324,100510,2090.25,2,0,0,0,0,0
ESU5 FUT GLOBEX 50,20150324,100605,2090.5,2,0,0,0,0,0
ESU5 FUT GLOBEX 50,20150324,100630,2090.75,2,0,0,0,0,0
ESU5 FUT GLOBEX 50,20150324,100708,2090.5,3,0,0,0,0,0
ESU5 FUT GLOBEX 50,20150324,100734,2090,2,0,0,0,0,0
ESU5 FUT GLOBEX 50,20150324,100914,2090.25,2,0,0,0,0,0
ESU5 FUT GLOBEX 50,20150324,100942,2090.5,5,0,0,0,0,0
ESU5 FUT GLOBEX 50,20150324,101104,2089.25,2,0,0,0,0,0
ESU5 FUT GLOBEX 50,20150324,101251,2089.25,3,0,0,0,0,0
ESU5 FUT GLOBEX 50,20150324,101313,2089.25,5,0,0,0,0,0
ESU5 FUT GLOBEX 50,20150324,101328,2089.75,2,0,0,0,0,0
ESU5 FUT GLOBEX 50,20150324,101337,2089.5,2,0,0,0,0,0
ESU5 FUT GLOBEX 50,20150324,101405,2090.25,2,0,0,0,0,0
ESU5 FUT GLOBEX 50,20150324,101421,2090,4,0,0,0,0,0
ESU5 FUT GLOBEX 50,20150324,101643,2090.5,3,0,0,0,0,0
ESU5 FUT GLOBEX 50,20150324,101722,2090,2,0,0,0,0,0
ESU5 FUT GLOBEX 50,20150324,101739,2090.25,1,0,0,0,0,0
ESU5 FUT GLOBEX 50,20150324,101845,2090.5,2,0,0,0,0,0
ESU5 FUT GLOBEX 50,20150324,102056,2090.5,1,0,0,0,0,0
ESU5 FUT GLOBEX 50,20150324,102059,2090.25,2,0,0,0,0,0
ESU5 FUT GLOBEX 50,20150324,102141,2090,2,0,0,0,0,0
ESU5 FUT GLOBEX 50,20150324,102227,2090.25,2,0,0,0,0,0
ESU5 FUT GLOBEX 50,20150324,102241,2090,1,0,0,0,0,0
ESU5 FUT GLOBEX 50,20150324,102351,2088.25,2,0,0,0,0,0
ESU5 FUT GLOBEX 50,20150324,102358,2087.75,2,0,0,0,0,0
ESU5 FUT GLOBEX 50,20150324,102414,2088.25,2,0,0,0,0,0
ESU5 FUT GLOBEX 50,20150324,102437,2087.75,1,0,0,0,0,0
ESU5 FUT GLOBEX 50,20150324,102523,2088,1,0,0,0,0,0
ESU5 FUT GLOBEX 50,20150324,102623,2088.25,1,0,0,0,0,0
ESU5 FUT GLOBEX 50,20150324,102637,2088.25,1,0,0,0,0,0
ESU5 FUT GLOBEX 50,20150324,102637,2088.5,1,0,0,0,0,0
ESU5 FUT GLOBEX 50,20150324,102706,2088.75,2,0,0,0,0,0
ESU5 FUT GLOBEX 50,20150324,102804,2088.5,2,0,0,0,0,0
ESU5 FUT GLOBEX 50,20150324,102821,2089,3,0,0,0,0,0
ESU5 FUT GLOBEX 50,20150324,102843,2089,2,0,0,0,0,0
ESU5 FUT GLOBEX 50,20150324,102926,2089.25,3,0,0,0,0,0
ESU5 FUT GLOBEX 50,20150324,102928,2089.25,2,0,0,0,0,0
ESU5 FUT GLOBEX 50,20150324,103127,2089.75,2,0,0,0,0,0
ESU5 FUT GLOBEX 50,20150324,103226,2089.25,3,0,0,0,0,0
ESU5 FUT GLOBEX 50,20150324,103336,2089.5,2,0,0,0,0,0
ESU5 FUT GLOBEX 50,20150324,103549,2088.75,2,0,0,0,0,0
ESU5 FUT GLOBEX 50,20150324,103715,2089,2,0,0,0,0,0
ESU5 FUT GLOBEX 50,20150324,103807,2088.75,2,0,0,0,0,0
ESU5 FUT GLOBEX 50,20150324,103850,2089,1,0,0,0,0,0
ESU5 FUT GLOBEX 50,20150324,103915,2088.75,4,0,0,0,0,0
ESU5 FUT GLOBEX 50,20150324,104045,2089,1,0,0,0,0,0
ESU5 FUT GLOBEX 50,20150324,104108,2089.5,3,0,0,0,0,0
ESU5 FUT GLOBEX 50,20150324,104142,2089.5,2,0,0,0,0,0
ESU5 FUT GLOBEX 50,20150324,104206,2089,2,0,0,0,0,0
ESU5 FUT GLOBEX 50,20150324,104237,2088.75,11,0,0,0,0,0
ESU5 FUT GLOBEX 50,20150324,104247,2087.75,2,0,0,0,0,0
ESU5 FUT GLOBEX 50,20150324,104327,2088,4,0,0,0,0,0
ESU5 FUT GLOBEX 50,20150324,104406,2088.5,2,0,0,0,0,0
ESU5 FUT GLOBEX 50,20150324,104415,2088.25,2,0,0,0,0,0
ESU5 FUT GLOBEX 50,20150324,104550,2088.25,1,0,0,0,0,0
ESU5 FUT GLOBEX 50,20150324,104716,2087.75,1,0,0,0,0,0
ESU5 FUT GLOBEX 50,20150324,104750,2088,2,0,0,0,0,0
ESU5 FUT GLOBEX 50,20150324,105037,2088.75,2,0,0,0,0,0
ESU5 FUT GLOBEX 50,20150324,105054,2089,1,0,0,0,0,0
ESU5 FUT GLOBEX 50,20150324,105214,2089.25,1,0,0,0,0,0
ESU5 FUT GLOBEX 50,20150324,105222,2089.25,2,0,0,0,0,0
ESU5 FUT GLOBEX 50,20150324,105556,2089.25,6,0,0,0,0,0
ESU5 FUT GLOBEX 50,20150324,105612,2089.25,2,0,0,0,0,0
ESU5 FUT GLOBEX 50,20150324,105645,2089,3,0,0,0,0,0
ESU5 FUT GLOBEX 50,20150324,105843,2088.5,2,0,0,0,0,0
ESU5 FUT GLOBEX 50,20150324,105858,2088.75,2,0,0,0,0,0
ESU5 FUT GLOBEX 50,20150324,110008,2087.5,2,0,0,0,0,0
ESU5 FUT GLOBEX 50,20150324,110027,2087.75,2,0,0,0,0,0
ESU5 FUT GLOBEX 50,20150324,110046,2087.5,1,0,0,0,0,0
ESU5 FUT GLOBEX 50,20150324,110353,2088.75,1,0,0,0,0,0
ESU5 FUT GLOBEX 50,20150324,110515,2089,2,0,0,0,0,0
ESU5 FUT GLOBEX 50,20150324,110710,2091.5,4,0,0,0,0,0
ESU5 FUT GLOBEX 50,20150324,111038,2090.75,2,0,0,0,0,0
ESU5 FUT GLOBEX 50,20150324,111155,2091.5,2,0,0,0,0,0
ESU5 FUT GLOBEX 50,20150324,111234,2091,2,0,0,0,0,0
ESU5 FUT GLOBEX 50,20150324,111530,2091.25,2,0,0,0,0,0
ESU5 FUT GLOBEX 50,20150324,111626,2091.75,1,0,0,0,0,0
ESU5 FUT GLOBEX 50,20150324,111726,2092,2,0,0,0,0,0
ESU5 FUT GLOBEX 50,20150324,111934,2092.25,2,0,0,0,0,0
ESU5 FUT GLOBEX 50,20150324,111956,2092,2,0,0,0,0,0
ESU5 FUT GLOBEX 50,20150324,112053,2092.25,2,0,0,0,0,0
ESU5 FUT GLOBEX 50,20150324,112230,2092,2,0,0,0,0,0
ESU5 FUT GLOBEX 50,20150324,112551,2091.75,1,0,0,0,0,0
ESU5 FUT GLOBEX 50,20150324,112705,2091.5,2,0,0,0,0,0
ESU5 FUT GLOBEX 50,20150324,112750,2091.75,2,0,0,0,0,0
ESU5 FUT GLOBEX 50,20150324,112952,2092,2,0,0,0,0,0
ESU5 FUT GLOBEX 50,20150324,113021,2092.25,1,0,0,0,0,0
ESU5 FUT GLOBEX 50,20150324,113334,2091.25,2,0,0,0,0,0
ESU5 FUT GLOBEX 50,20150324,113552,2091.25,1,0,0,0,0,0
ESU5 FUT GLOBEX 50,20150324,113717,2091.25,2,0,0,0,0,0
ESU5 FUT GLOBEX 50,20150324,113842,2090.5,3,0,0,0,0,0
ESU5 FUT GLOBEX 50,20150324,114001,2091,2,0,0,0,0,0
ESU5 FUT GLOBEX 50,20150324,114108,2090.5,2,0,0,0,0,0
ESU5 FUT GLOBEX 50,20150324,114815,2090.25,2,0,0,0,0,0
ESU5 FUT GLOBEX 50,20150324,114933,2090.75,2,0,0,0,0,0
ESU5 FUT GLOBEX 50,20150324,115145,2090.75,1,0,0,0,0,0
ESU5 FUT GLOBEX 50,20150324,115340,2091,2,0,0,0,0,0
ESU5 FUT GLOBEX 50,20150324,115649,2091.25,1,0,0,0,0,0
ESU5 FUT GLOBEX 50,20150324,115949,2089.75,1,0,0,0,0,0
ESU5 FUT GLOBEX 50,20150324,115958,2090.25,2,0,0,0,0,0
ESU5 FUT GLOBEX 50,20150324,120009,2090.25,1,0,0,0,0,0
ESU5 FUT GLOBEX 50,20150324,120046,2090,1,0,0,0,0,0
ESU5 FUT GLOBEX 50,20150324,120122,2090.25,1,0,0,0,0,0
ESU5 FUT GLOBEX 50,20150324,120153,2090.5,1,0,0,0,0,0
ESU5 FUT GLOBEX 50,20150324,120454,2090.75,1,0,0,0,0,0
ESU5 FUT GLOBEX 50,20150324,120846,2090.5,9,0,0,0,0,0
ESU5 FUT GLOBEX 50,20150324,121043,2090,4,0,0,0,0,0
ESU5 FUT GLOBEX 50,20150324,121440,2090.5,2,0,0,0,0,0
ESU5 FUT GLOBEX 50,20150324,121539,2090.25,1,0,0,0,0,0
ESU5 FUT GLOBEX 50,20150324,122221,2089.5,1,0,0,0,0,0
ESU5 FUT GLOBEX 50,20150324,122347,2088.75,1,0,0,0,0,0
ESU5 FUT GLOBEX 50,20150324,122841,2088.25,1,0,0,0,0,0
ESU5 FUT GLOBEX 50,20150324,122914,2088,1,0,0,0,0,0
ESU5 FUT GLOBEX 50,20150324,122926,2087.75,1,0,0,0,0,0
ESU5 FUT GLOBEX 50,20150324,123043,2088,1,0,0,0,0,0
ESU5 FUT GLOBEX 50,20150324,123131,2087.75,1,0,0,0,0,0
ESU5 FUT GLOBEX 50,20150324,123140,2086.75,1,0,0,0,0,0
ESU5 FUT GLOBEX 50,20150324,123202,2087,1,0,0,0,0,0
ESU5 FUT GLOBEX 50,20150324,123304,2086.5,1,0,0,0,0,0
ESU5 FUT GLOBEX 50,20150324,123404,2086.25,1,0,0,0,0,0
ESU5 FUT GLOBEX 50,20150324,123435,2086.5,1,0,0,0,0,0
ESU5 FUT GLOBEX 50,20150324,123453,2086,1,0,0,0,0,0
ESU5 FUT GLOBEX 50,20150324,123506,2085.75,4,0,0,0,0,0
ESU5 FUT GLOBEX 50,20150324,123717,2086,1,0,0,0,0,0
ESU5 FUT GLOBEX 50,20150324,123918,2085.5,1,0,0,0,0,0
ESU5 FUT GLOBEX 50,20150324,124000,2085.75,1,0,0,0,0,0
ESU5 FUT GLOBEX 50,20150324,124059,2086.25,1,0,0,0,0,0
ESU5 FUT GLOBEX 50,20150324,124146,2086,1,0,0,0,0,0
ESU5 FUT GLOBEX 50,20150324,124908,2084.75,1,0,0,0,0,0
ESU5 FUT GLOBEX 50,20150324,125132,2084.5,1,0,0,0,0,0
ESU5 FUT GLOBEX 50,20150324,125250,2085.25,1,0,0,0,0,0
ESU5 FUT GLOBEX 50,20150324,125517,2085.75,1,0,0,0,0,0
ESU5 FUT GLOBEX 50,20150324,125706,2085,1,0,0,0,0,0
ESU5 FUT GLOBEX 50,20150324,125914,2083.75,25,0,0,0,0,0
ESU5 FUT GLOBEX 50,20150324,125943,2084,1,0,0,0,0,0
ESU5 FUT GLOBEX 50,20150324,130015,2084.25,1,0,0,0,0,0
ESU5 FUT GLOBEX 50,20150324,130219,2085.5,1,0,0,0,0,0
ESU5 FUT GLOBEX 50,20150324,130234,2085.75,1,0,0,0,0,0
ESU5 FUT GLOBEX 50,20150324,130325,2086,10,0,0,0,0,0
ESU5 FUT GLOBEX 50,20150324,130950,2085,1,0,0,0,0,0
ESU5 FUT GLOBEX 50,20150324,131134,2084.5,1,0,0,0,0,0
ESU5 FUT GLOBEX 50,20150324,132238,2085,1,0,0,0,0,0
ESU5 FUT GLOBEX 50,20150324,132327,2084.5,1,0,0,0,0,0
ESU5 FUT GLOBEX 50,20150324,132511,2083.25,1,0,0,0,0,0
ESU5 FUT GLOBEX 50,20150324,132538,2083,2,0,0,0,0,0
ESU5 FUT GLOBEX 50,20150324,133257,2081.25,1,0,0,0,0,0
ESU5 FUT GLOBEX 50,20150324,133554,2081.75,1,0,0,0,0,0
ESU5 FUT GLOBEX 50,20150324,134340,2083.5,1,0,0,0,0,0
ESU5 FUT GLOBEX 50,20150324,134454,2082.5,1,0,0,0,0,0
ESU5 FUT GLOBEX 50,20150324,134617,2083,1,0,0,0,0,0
ESU5 FUT GLOBEX 50,20150324,135956,2082.75,3,0,0,0,0,0
ESU5 FUT GLOBEX 50,20150324,140451,2081.75,1,0,0,0,0,0
ESU5 FUT GLOBEX 50,20150324,141427,2081,1,0,0,0,0,0
ESU5 FUT GLOBEX 50,20150324,141458,2080.75,1,0,0,0,0,0
ESU5 FUT GLOBEX 50,20150324,141652,2081.25,1,0,0,0,0,0
ESU5 FUT GLOBEX 50,20150324,141748,2080.5,2,0,0,0,0,0
ESU5 FUT GLOBEX 50,20150324,141800,2080,3,0,0,0,0,0
ESU5 FUT GLOBEX 50,20150324,142101,2079.25,1,0,0,0,0,0
ESU5 FUT GLOBEX 50,20150324,142724,2080,3,0,0,0,0,0
ESU5 FUT GLOBEX 50,20150324,143256,2079.25,1,0,0,0,0,0
ESU5 FUT GLOBEX 50,20150324,143324,2079,2,0,0,0,0,0
ESU5 FUT GLOBEX 50,20150324,143754,2079.5,1,0,0,0,0,0
ESU5 FUT GLOBEX 50,20150324,144417,2080.5,1,0,0,0,0,0
ESU5 FUT GLOBEX 50,20150324,144648,2081.25,1,0,0,0,0,0
ESU5 FUT GLOBEX 50,20150324,145121,2079.5,1,0,0,0,0,0
ESU5 FUT GLOBEX 50,20150324,145148,2080,1,0,0,0,0,0
ESU5 FUT GLOBEX 50,20150324,145718,2080.75,2,0,0,0,0,0
ESU5 FUT GLOBEX 50,20150324,150504,2082.25,3,0,0,0,0,0
ESU5 FUT GLOBEX 50,20150324,150612,2083,1,0,0,0,0,0
ESU5 FUT GLOBEX 50,20150324,150839,2083.5,2,0,0,0,0,0
ESU5 FUT GLOBEX 50,20150324,151348,2082,1,0,0,0,0,0
ESU5 FUT GLOBEX 50,20150324,151957,2081,1,0,0,0,0,0
ESU5 FUT GLOBEX 50,20150324,152033,2080,1,0,0,0,0,0
ESU5 FUT GLOBEX 50,20150324,152237,2078.75,1,0,0,0,0,0
ESU5 FUT GLOBEX 50,20150324,152409,2078.5,3,0,0,0,0,0
ESU5 FUT GLOBEX 50,20150324,152450,2079.25,5,0,0,0,0,0
ESU5 FUT GLOBEX 50,20150324,152901,2079,1,0,0,0,0,0
ESU5 FUT GLOBEX 50,20150324,152913,2078.25,1,0,0,0,0,0
ESU5 FUT GLOBEX 50,20150324,153006,2079,8,0,0,0,0,0
ESU5 FUT GLOBEX 50,20150324,153026,2078.75,20,0,0,0,0,0
ESU5 FUT GLOBEX 50,20150324,153124,2079,1,0,0,0,0,0
ESU5 FUT GLOBEX 50,20150324,153307,2079.75,1,0,0,0,0,0
ESU5 FUT GLOBEX 50,20150324,153338,2079.5,1,0,0,0,0,0
ESU5 FUT GLOBEX 50,20150324,154341,2078.5,1,0,0,0,0,0
ESU5 FUT GLOBEX 50,20150324,154528,2078.5,40,0,0,0,0,0
ESU5 FUT GLOBEX 50,20150324,154619,2080,1,0,0,0,0,0
ESU5 FUT GLOBEX 50,20150324,154728,2079.5,1,0,0,0,0,0
ESU5 FUT GLOBEX 50,20150324,154827,2078,3,0,0,0,0,0
ESU5 FUT GLOBEX 50,20150324,154931,2078,10,0,0,0,0,0
ESU5 FUT GLOBEX 50,20150324,155215,2077.75,1,0,0,0,0,0
ESU5 FUT GLOBEX 50,20150324,155844,2076,1,0,0,0,0,0
ESU5 FUT GLOBEX 50,20150324,160124,2077,1,0,0,0,0,0
ESU5 FUT GLOBEX 50,20150324,160137,2077.25,4,0,0,0,0,0
ESU5 FUT GLOBEX 50,20150324,160356,2077.75,5,0,0,0,0,0
ESU5 FUT GLOBEX 50,20150324,160415,2077.75,3,0,0,0,0,0
ESU5 FUT GLOBEX 50,20150324,160658,2077.5,3,0,0,0,0,0
ESU5 FUT GLOBEX 50,20150324,160715,2077,3,0,0,0,0,0
ESU5 FUT GLOBEX 50,20150324,161326,2076.75,2,0,0,0,0,0
ESU5 FUT GLOBEX 50,20150324,163043,2078,1,0,0,0,0,0
ESU5 FUT GLOBEX 50,20150324,163335,2078,3,0,0,0,0,0
ESU5 FUT GLOBEX 50,20150324,164947,2077.5,3,0,0,0,0,0
ESU5 FUT GLOBEX 50,20150324,180019,2077.5,2,0,0,0,0,0
