1009                
GLD STK SMART,20150324,83133,114.09,1,0,0,0,0,0
GLD STK SMART,20150324,83334,114.17,1,0,0,0,0,0
GLD STK SMART,20150324,83414,114.24,1,0,0,0,0,0
GLD STK SMART,20150324,84351,114.42,10,0,0,0,0,0
GLD STK SMART,20150324,90405,114.5,1,0,0,0,0,0
GLD STK SMART,20150324,90602,114.57,3,0,0,0,0,0
GLD STK SMART,20150324,91541,114.38,1,0,0,0,0,0
GLD STK SMART,20150324,91600,114.36,1,0,0,0,0,0
GLD STK SMART,20150324,91630,114.37,5,0,0,0,0,0
GLD STK SMART,20150324,92029,114.36,1,0,0,0,0,0
GLD STK SMART,20150324,92207,114.28,3,0,0,0,0,0
GLD STK SMART,20150324,92242,114.23,1,0,0,0,0,0
GLD STK SMART,20150324,92315,114.22,1,0,0,0,0,0
GLD STK SMART,20150324,92317,114.23,2,0,0,0,0,0
GLD STK SMART,20150324,92326,114.21,1,0,0,0,0,0
GLD STK SMART,20150324,92825,114.32,2,0,0,0,0,0
GLD STK SMART,20150324,92936,114.36,1,0,0,0,0,0
GLD STK SMART,20150324,92956,114.35,2,0,0,0,0,0
GLD STK SMART,20150324,93000,114.34,1,0,0,0,0,0
GLD STK SMART,20150324,93042,114.32,1,0,0,0,0,0
GLD STK SMART,20150324,93054,114.33,1,0,0,0,0,0
GLD STK SMART,20150324,93101,114.32,1,0,0,0,0,0
GLD STK SMART,20150324,93110,114.34,1,0,0,0,0,0
GLD STK SMART,20150324,93127,114.35,1,0,0,0,0,0
GLD STK SMART,20150324,93151,114.38,2,0,0,0,0,0
GLD STK SMART,20150324,93202,114.36,1,0,0,0,0,0
GLD STK SMART,20150324,93214,114.33,1,0,0,0,0,0
GLD STK SMART,20150324,93226,114.32,2,0,0,0,0,0
GLD STK SMART,20150324,93245,114.29,1,0,0,0,0,0
GLD STK SMART,20150324,93256,114.29,1,0,0,0,0,0
GLD STK SMART,20150324,93301,114.3,1,0,0,0,0,0
GLD STK SMART,20150324,93321,114.31,1,0,0,0,0,0
GLD STK SMART,20150324,93332,114.32,1,0,0,0,0,0
GLD STK SMART,20150324,93346,114.31,1,0,0,0,0,0
GLD STK SMART,20150324,93354,114.27,1,0,0,0,0,0
GLD STK SMART,20150324,93406,114.27,1,0,0,0,0,0
GLD STK SMART,20150324,93414,114.29,1,0,0,0,0,0
GLD STK SMART,20150324,93434,114.23,1,0,0,0,0,0
GLD STK SMART,20150324,93453,114.21,3,0,0,0,0,0
GLD STK SMART,20150324,93501,114.21,1,0,0,0,0,0
GLD STK SMART,20150324,93508,114.23,1,0,0,0,0,0
GLD STK SMART,20150324,93521,114.22,1,0,0,0,0,0
GLD STK SMART,20150324,93533,114.15,1,0,0,0,0,0
GLD STK SMART,20150324,93544,114.17,1,0,0,0,0,0
GLD STK SMART,20150324,93606,114.16,1,0,0,0,0,0
GLD STK SMART,20150324,93614,114.13,1,0,0,0,0,0
GLD STK SMART,20150324,93626,114.14,2,0,0,0,0,0
GLD STK SMART,20150324,93635,114.16,1,0,0,0,0,0
GLD STK SMART,20150324,93643,114.17,1,0,0,0,0,0
GLD STK SMART,20150324,93657,114.12,1,0,0,0,0,0
GLD STK SMART,20150324,93706,114.06,1,0,0,0,0,0
GLD STK SMART,20150324,93715,114.1,1,0,0,0,0,0
GLD STK SMART,20150324,93722,114.13,1,0,0,0,0,0
GLD STK SMART,20150324,93734,114.12,1,0,0,0,0,0
GLD STK SMART,20150324,93756,114.13,1,0,0,0,0,0
GLD STK SMART,20150324,93805,114.1,1,0,0,0,0,0
GLD STK SMART,20150324,93814,114.07,1,0,0,0,0,0
GLD STK SMART,20150324,93826,114.08,4,0,0,0,0,0
GLD STK SMART,20150324,93837,114.09,2,0,0,0,0,0
GLD STK SMART,20150324,93845,114.06,1,0,0,0,0,0
GLD STK SMART,20150324,93856,114.01,1,0,0,0,0,0
GLD STK SMART,20150324,93907,113.98,3,0,0,0,0,0
GLD STK SMART,20150324,93916,113.92,1,0,0,0,0,0
GLD STK SMART,20150324,93926,113.91,3,0,0,0,0,0
GLD STK SMART,20150324,93936,113.87,2,0,0,0,0,0
GLD STK SMART,20150324,93947,113.86,1,0,0,0,0,0
GLD STK SMART,20150324,93956,113.84,1,0,0,0,0,0
GLD STK SMART,20150324,94005,113.89,1,0,0,0,0,0
GLD STK SMART,20150324,94016,113.85,1,0,0,0,0,0
GLD STK SMART,20150324,94025,113.88,2,0,0,0,0,0
GLD STK SMART,20150324,94037,113.9,1,0,0,0,0,0
GLD STK SMART,20150324,94044,113.9,1,0,0,0,0,0
GLD STK SMART,20150324,94051,113.91,1,0,0,0,0,0
GLD STK SMART,20150324,94101,113.92,1,0,0,0,0,0
GLD STK SMART,20150324,94114,113.93,1,0,0,0,0,0
GLD STK SMART,20150324,94127,113.94,2,0,0,0,0,0
GLD STK SMART,20150324,94136,113.96,2,0,0,0,0,0
GLD STK SMART,20150324,94143,113.99,3,0,0,0,0,0
GLD STK SMART,20150324,94155,114,4,0,0,0,0,0
GLD STK SMART,20150324,94202,113.99,2,0,0,0,0,0
GLD STK SMART,20150324,94213,114,2,0,0,0,0,0
GLD STK SMART,20150324,94221,114.02,1,0,0,0,0,0
GLD STK SMART,20150324,94235,114.03,1,0,0,0,0,0
GLD STK SMART,20150324,94249,114.05,1,0,0,0,0,0
GLD STK SMART,20150324,94306,114.05,1,0,0,0,0,0
GLD STK SMART,20150324,94312,114.07,1,0,0,0,0,0
GLD STK SMART,20150324,94325,114.12,2,0,0,0,0,0
GLD STK SMART,20150324,94331,114.09,1,0,0,0,0,0
GLD STK SMART,20150324,94340,114.04,1,0,0,0,0,0
GLD STK SMART,20150324,94354,114.04,1,0,0,0,0,0
GLD STK SMART,20150324,94401,114.04,1,0,0,0,0,0
GLD STK SMART,20150324,94411,114.02,1,0,0,0,0,0
GLD STK SMART,20150324,94423,114.03,1,0,0,0,0,0
GLD STK SMART,20150324,94434,113.99,1,0,0,0,0,0
GLD STK SMART,20150324,94445,113.99,1,0,0,0,0,0
GLD STK SMART,20150324,94453,113.98,1,0,0,0,0,0
GLD STK SMART,20150324,94509,113.98,1,0,0,0,0,0
GLD STK SMART,20150324,94525,114,1,0,0,0,0,0
GLD STK SMART,20150324,94542,113.97,1,0,0,0,0,0
GLD STK SMART,20150324,94602,114.01,1,0,0,0,0,0
GLD STK SMART,20150324,94617,114,4,0,0,0,0,0
GLD STK SMART,20150324,94626,113.96,1,0,0,0,0,0
GLD STK SMART,20150324,94633,113.99,1,0,0,0,0,0
GLD STK SMART,20150324,94643,113.91,1,0,0,0,0,0
GLD STK SMART,20150324,94657,113.93,1,0,0,0,0,0
GLD STK SMART,20150324,94703,113.94,1,0,0,0,0,0
GLD STK SMART,20150324,94715,113.94,1,0,0,0,0,0
GLD STK SMART,20150324,94718,113.93,1,0,0,0,0,0
GLD STK SMART,20150324,94727,113.95,1,0,0,0,0,0
GLD STK SMART,20150324,94739,113.94,1,0,0,0,0,0
GLD STK SMART,20150324,94751,113.97,1,0,0,0,0,0
GLD STK SMART,20150324,94815,113.96,1,0,0,0,0,0
GLD STK SMART,20150324,94830,114,1,0,0,0,0,0
GLD STK SMART,20150324,94857,113.97,1,0,0,0,0,0
GLD STK SMART,20150324,94901,113.99,1,0,0,0,0,0
GLD STK SMART,20150324,94926,114,6,0,0,0,0,0
GLD STK SMART,20150324,94937,114.02,2,0,0,0,0,0
GLD STK SMART,20150324,94942,114.02,1,0,0,0,0,0
GLD STK SMART,20150324,95007,114.03,1,0,0,0,0,0
GLD STK SMART,20150324,95016,114.05,1,0,0,0,0,0
GLD STK SMART,20150324,95020,114.04,2,0,0,0,0,0
GLD STK SMART,20150324,95032,114.03,2,0,0,0,0,0
GLD STK SMART,20150324,95047,114.05,2,0,0,0,0,0
GLD STK SMART,20150324,95048,114.05,1,0,0,0,0,0
GLD STK SMART,20150324,95106,114.06,1,0,0,0,0,0
GLD STK SMART,20150324,95114,114.08,1,0,0,0,0,0
GLD STK SMART,20150324,95127,114.08,1,0,0,0,0,0
GLD STK SMART,20150324,95128,114.08,1,0,0,0,0,0
GLD STK SMART,20150324,95141,114.1,1,0,0,0,0,0
GLD STK SMART,20150324,95154,114.1,1,0,0,0,0,0
GLD STK SMART,20150324,95206,114.11,1,0,0,0,0,0
GLD STK SMART,20150324,95217,114.12,1,0,0,0,0,0
GLD STK SMART,20150324,95221,114.11,1,0,0,0,0,0
GLD STK SMART,20150324,95247,114.11,1,0,0,0,0,0
GLD STK SMART,20150324,95255,114.09,1,0,0,0,0,0
GLD STK SMART,20150324,95333,114.11,2,0,0,0,0,0
GLD STK SMART,20150324,95355,114.11,1,0,0,0,0,0
GLD STK SMART,20150324,95407,114.02,1,0,0,0,0,0
GLD STK SMART,20150324,95412,114.03,2,0,0,0,0,0
GLD STK SMART,20150324,95425,114.04,2,0,0,0,0,0
GLD STK SMART,20150324,95444,114.05,1,0,0,0,0,0
GLD STK SMART,20150324,95456,114.07,1,0,0,0,0,0
GLD STK SMART,20150324,95503,114.09,1,0,0,0,0,0
GLD STK SMART,20150324,95528,114.09,2,0,0,0,0,0
GLD STK SMART,20150324,95528,114.09,1,0,0,0,0,0
GLD STK SMART,20150324,95542,114.07,1,0,0,0,0,0
GLD STK SMART,20150324,95555,114.05,1,0,0,0,0,0
GLD STK SMART,20150324,95559,114.05,2,0,0,0,0,0
GLD STK SMART,20150324,95617,114.06,1,0,0,0,0,0
GLD STK SMART,20150324,95618,114.07,1,0,0,0,0,0
GLD STK SMART,20150324,95636,114.11,2,0,0,0,0,0
GLD STK SMART,20150324,95654,114.12,1,0,0,0,0,0
GLD STK SMART,20150324,95710,114.11,2,0,0,0,0,0
GLD STK SMART,20150324,95720,114.12,1,0,0,0,0,0
GLD STK SMART,20150324,95746,114.1,2,0,0,0,0,0
GLD STK SMART,20150324,95805,114.06,1,0,0,0,0,0
GLD STK SMART,20150324,95820,114.07,1,0,0,0,0,0
GLD STK SMART,20150324,95937,113.97,1,0,0,0,0,0
GLD STK SMART,20150324,95943,114,10,0,0,0,0,0
GLD STK SMART,20150324,95954,113.98,10,0,0,0,0,0
GLD STK SMART,20150324,100007,114.03,1,0,0,0,0,0
GLD STK SMART,20150324,100017,114.05,3,0,0,0,0,0
GLD STK SMART,20150324,100021,114.06,1,0,0,0,0,0
GLD STK SMART,20150324,100035,114.06,1,0,0,0,0,0
GLD STK SMART,20150324,100041,114.08,1,0,0,0,0,0
GLD STK SMART,20150324,100054,114.08,2,0,0,0,0,0
GLD STK SMART,20150324,100106,114.05,1,0,0,0,0,0
GLD STK SMART,20150324,100115,114.07,1,0,0,0,0,0
GLD STK SMART,20150324,100122,114.1,1,0,0,0,0,0
GLD STK SMART,20150324,100129,114.08,1,0,0,0,0,0
GLD STK SMART,20150324,100144,114.05,2,0,0,0,0,0
GLD STK SMART,20150324,100204,114.08,1,0,0,0,0,0
GLD STK SMART,20150324,100230,114.09,1,0,0,0,0,0
GLD STK SMART,20150324,100247,114.05,1,0,0,0,0,0
GLD STK SMART,20150324,100254,114.06,1,0,0,0,0,0
GLD STK SMART,20150324,100326,114.07,2,0,0,0,0,0
GLD STK SMART,20150324,100337,114.07,1,0,0,0,0,0
GLD STK SMART,20150324,100346,114.09,1,0,0,0,0,0
GLD STK SMART,20150324,100358,114.06,1,0,0,0,0,0
GLD STK SMART,20150324,100416,114.08,1,0,0,0,0,0
GLD STK SMART,20150324,100422,114.07,1,0,0,0,0,0
GLD STK SMART,20150324,100431,114.12,1,0,0,0,0,0
GLD STK SMART,20150324,100445,114.14,1,0,0,0,0,0
GLD STK SMART,20150324,100501,114.11,1,0,0,0,0,0
GLD STK SMART,20150324,100525,114.13,1,0,0,0,0,0
GLD STK SMART,20150324,100537,114.13,1,0,0,0,0,0
GLD STK SMART,20150324,100545,114.13,1,0,0,0,0,0
GLD STK SMART,20150324,100555,114.18,1,0,0,0,0,0
GLD STK SMART,20150324,100606,114.19,1,0,0,0,0,0
GLD STK SMART,20150324,100626,114.21,1,0,0,0,0,0
GLD STK SMART,20150324,100638,114.22,1,0,0,0,0,0
GLD STK SMART,20150324,100647,114.19,2,0,0,0,0,0
GLD STK SMART,20150324,100656,114.19,1,0,0,0,0,0
GLD STK SMART,20150324,100713,114.15,1,0,0,0,0,0
GLD STK SMART,20150324,100729,114.16,1,0,0,0,0,0
GLD STK SMART,20150324,100750,114.17,1,0,0,0,0,0
GLD STK SMART,20150324,100804,114.18,1,0,0,0,0,0
GLD STK SMART,20150324,100811,114.2,1,0,0,0,0,0
GLD STK SMART,20150324,100827,114.17,1,0,0,0,0,0
GLD STK SMART,20150324,100829,114.18,1,0,0,0,0,0
GLD STK SMART,20150324,100852,114.17,1,0,0,0,0,0
GLD STK SMART,20150324,100906,114.15,1,0,0,0,0,0
GLD STK SMART,20150324,100924,114.16,1,0,0,0,0,0
GLD STK SMART,20150324,100934,114.17,1,0,0,0,0,0
GLD STK SMART,20150324,100957,114.2,1,0,0,0,0,0
GLD STK SMART,20150324,101003,114.19,1,0,0,0,0,0
GLD STK SMART,20150324,101028,114.18,1,0,0,0,0,0
GLD STK SMART,20150324,101038,114.17,1,0,0,0,0,0
GLD STK SMART,20150324,101048,114.08,3,0,0,0,0,0
GLD STK SMART,20150324,101058,114.1,1,0,0,0,0,0
GLD STK SMART,20150324,101104,114.08,1,0,0,0,0,0
GLD STK SMART,20150324,101138,114.07,10,0,0,0,0,0
GLD STK SMART,20150324,101144,114.06,2,0,0,0,0,0
GLD STK SMART,20150324,101159,114.05,3,0,0,0,0,0
GLD STK SMART,20150324,101230,114.07,1,0,0,0,0,0
GLD STK SMART,20150324,101245,114.08,2,0,0,0,0,0
GLD STK SMART,20150324,101258,114.11,1,0,0,0,0,0
GLD STK SMART,20150324,101313,114.09,1,0,0,0,0,0
GLD STK SMART,20150324,101320,114.1,1,0,0,0,0,0
GLD STK SMART,20150324,101338,114.11,1,0,0,0,0,0
GLD STK SMART,20150324,101402,114.11,2,0,0,0,0,0
GLD STK SMART,20150324,101418,114.12,1,0,0,0,0,0
GLD STK SMART,20150324,101438,114.09,1,0,0,0,0,0
GLD STK SMART,20150324,101441,114.1,2,0,0,0,0,0
GLD STK SMART,20150324,101505,114.07,1,0,0,0,0,0
GLD STK SMART,20150324,101528,114.08,1,0,0,0,0,0
GLD STK SMART,20150324,101530,114.07,1,0,0,0,0,0
GLD STK SMART,20150324,101556,114.08,1,0,0,0,0,0
GLD STK SMART,20150324,101618,114.11,1,0,0,0,0,0
GLD STK SMART,20150324,101709,114.09,1,0,0,0,0,0
GLD STK SMART,20150324,101714,114.08,1,0,0,0,0,0
GLD STK SMART,20150324,101741,114.1,1,0,0,0,0,0
GLD STK SMART,20150324,101805,114.11,1,0,0,0,0,0
GLD STK SMART,20150324,101833,114.13,3,0,0,0,0,0
GLD STK SMART,20150324,101909,114.13,1,0,0,0,0,0
GLD STK SMART,20150324,101923,114.14,1,0,0,0,0,0
GLD STK SMART,20150324,101938,114.17,1,0,0,0,0,0
GLD STK SMART,20150324,101940,114.14,1,0,0,0,0,0
GLD STK SMART,20150324,101955,114.14,1,0,0,0,0,0
GLD STK SMART,20150324,102008,114.17,5,0,0,0,0,0
GLD STK SMART,20150324,102014,114.17,1,0,0,0,0,0
GLD STK SMART,20150324,102028,114.16,1,0,0,0,0,0
GLD STK SMART,20150324,102038,114.16,1,0,0,0,0,0
GLD STK SMART,20150324,102104,114.19,1,0,0,0,0,0
GLD STK SMART,20150324,102118,114.2,1,0,0,0,0,0
GLD STK SMART,20150324,102124,114.19,1,0,0,0,0,0
GLD STK SMART,20150324,102137,114.2,10,0,0,0,0,0
GLD STK SMART,20150324,102144,114.18,1,0,0,0,0,0
GLD STK SMART,20150324,102155,114.21,1,0,0,0,0,0
GLD STK SMART,20150324,102209,114.2,1,0,0,0,0,0
GLD STK SMART,20150324,102215,114.19,1,0,0,0,0,0
GLD STK SMART,20150324,102222,114.2,1,0,0,0,0,0
GLD STK SMART,20150324,102238,114.24,1,0,0,0,0,0
GLD STK SMART,20150324,102243,114.28,1,0,0,0,0,0
GLD STK SMART,20150324,102259,114.27,2,0,0,0,0,0
GLD STK SMART,20150324,102307,114.24,2,0,0,0,0,0
GLD STK SMART,20150324,102311,114.2,1,0,0,0,0,0
GLD STK SMART,20150324,102331,114.18,1,0,0,0,0,0
GLD STK SMART,20150324,102357,114.15,1,0,0,0,0,0
GLD STK SMART,20150324,102409,114.12,2,0,0,0,0,0
GLD STK SMART,20150324,102418,114.1,1,0,0,0,0,0
GLD STK SMART,20150324,102427,114.12,1,0,0,0,0,0
GLD STK SMART,20150324,102456,114.12,1,0,0,0,0,0
GLD STK SMART,20150324,102506,114.11,1,0,0,0,0,0
GLD STK SMART,20150324,102535,114.11,1,0,0,0,0,0
GLD STK SMART,20150324,102540,114.12,1,0,0,0,0,0
GLD STK SMART,20150324,102549,114.11,1,0,0,0,0,0
GLD STK SMART,20150324,102628,114.09,4,0,0,0,0,0
GLD STK SMART,20150324,102633,114.1,1,0,0,0,0,0
GLD STK SMART,20150324,102643,114.09,1,0,0,0,0,0
GLD STK SMART,20150324,102708,114.1,1,0,0,0,0,0
GLD STK SMART,20150324,102713,114.11,1,0,0,0,0,0
GLD STK SMART,20150324,102727,114.11,1,0,0,0,0,0
GLD STK SMART,20150324,102748,114.13,1,0,0,0,0,0
GLD STK SMART,20150324,102804,114.12,1,0,0,0,0,0
GLD STK SMART,20150324,102811,114.11,1,0,0,0,0,0
GLD STK SMART,20150324,102830,114.12,1,0,0,0,0,0
GLD STK SMART,20150324,102844,114.14,1,0,0,0,0,0
GLD STK SMART,20150324,102854,114.13,1,0,0,0,0,0
GLD STK SMART,20150324,102909,114.15,1,0,0,0,0,0
GLD STK SMART,20150324,102917,114.17,1,0,0,0,0,0
GLD STK SMART,20150324,102927,114.19,2,0,0,0,0,0
GLD STK SMART,20150324,102935,114.2,1,0,0,0,0,0
GLD STK SMART,20150324,102949,114.2,2,0,0,0,0,0
GLD STK SMART,20150324,102956,114.19,1,0,0,0,0,0
GLD STK SMART,20150324,103030,114.17,1,0,0,0,0,0
GLD STK SMART,20150324,103039,114.15,1,0,0,0,0,0
GLD STK SMART,20150324,103114,114.14,1,0,0,0,0,0
GLD STK SMART,20150324,103139,114.11,1,0,0,0,0,0
GLD STK SMART,20150324,103147,114.12,1,0,0,0,0,0
GLD STK SMART,20150324,103218,114.14,1,0,0,0,0,0
GLD STK SMART,20150324,103222,114.15,2,0,0,0,0,0
GLD STK SMART,20150324,103308,114.17,1,0,0,0,0,0
GLD STK SMART,20150324,103314,114.16,1,0,0,0,0,0
GLD STK SMART,20150324,103333,114.17,1,0,0,0,0,0
GLD STK SMART,20150324,103340,114.2,1,0,0,0,0,0
GLD STK SMART,20150324,103413,114.18,1,0,0,0,0,0
GLD STK SMART,20150324,103427,114.19,1,0,0,0,0,0
GLD STK SMART,20150324,103442,114.19,1,0,0,0,0,0
GLD STK SMART,20150324,103506,114.18,1,0,0,0,0,0
GLD STK SMART,20150324,103616,114.17,1,0,0,0,0,0
GLD STK SMART,20150324,103630,114.17,1,0,0,0,0,0
GLD STK SMART,20150324,103724,114.15,1,0,0,0,0,0
GLD STK SMART,20150324,103809,114.11,1,0,0,0,0,0
GLD STK SMART,20150324,103826,114.09,1,0,0,0,0,0
GLD STK SMART,20150324,103836,114.11,1,0,0,0,0,0
GLD STK SMART,20150324,103850,114.1,1,0,0,0,0,0
GLD STK SMART,20150324,103909,114.1,2,0,0,0,0,0
GLD STK SMART,20150324,103929,114.1,1,0,0,0,0,0
GLD STK SMART,20150324,103959,114.11,1,0,0,0,0,0
GLD STK SMART,20150324,104016,114.13,2,0,0,0,0,0
GLD STK SMART,20150324,104049,114.13,1,0,0,0,0,0
GLD STK SMART,20150324,104117,114.11,1,0,0,0,0,0
GLD STK SMART,20150324,104122,114.11,2,0,0,0,0,0
GLD STK SMART,20150324,104139,114.11,1,0,0,0,0,0
GLD STK SMART,20150324,104145,114.1,1,0,0,0,0,0
GLD STK SMART,20150324,104158,114.1,1,0,0,0,0,0
GLD STK SMART,20150324,104207,114.12,4,0,0,0,0,0
GLD STK SMART,20150324,104217,114.12,1,0,0,0,0,0
GLD STK SMART,20150324,104257,114.14,1,0,0,0,0,0
GLD STK SMART,20150324,104305,114.15,1,0,0,0,0,0
GLD STK SMART,20150324,104331,114.16,1,0,0,0,0,0
GLD STK SMART,20150324,104348,114.14,1,0,0,0,0,0
GLD STK SMART,20150324,104358,114.13,1,0,0,0,0,0
GLD STK SMART,20150324,104409,114.12,1,0,0,0,0,0
GLD STK SMART,20150324,104420,114.11,1,0,0,0,0,0
GLD STK SMART,20150324,104427,114.1,1,0,0,0,0,0
GLD STK SMART,20150324,104459,114.08,2,0,0,0,0,0
GLD STK SMART,20150324,104504,114.09,1,0,0,0,0,0
GLD STK SMART,20150324,104625,114.12,1,0,0,0,0,0
GLD STK SMART,20150324,104638,114.1,1,0,0,0,0,0
GLD STK SMART,20150324,104719,114.11,1,0,0,0,0,0
GLD STK SMART,20150324,104750,114.11,2,0,0,0,0,0
GLD STK SMART,20150324,104753,114.12,1,0,0,0,0,0
GLD STK SMART,20150324,104826,114.14,1,0,0,0,0,0
GLD STK SMART,20150324,104908,114.15,2,0,0,0,0,0
GLD STK SMART,20150324,104919,114.17,2,0,0,0,0,0
GLD STK SMART,20150324,104947,114.17,1,0,0,0,0,0
GLD STK SMART,20150324,104954,114.17,2,0,0,0,0,0
GLD STK SMART,20150324,105017,114.2,1,0,0,0,0,0
GLD STK SMART,20150324,105031,114.19,1,0,0,0,0,0
GLD STK SMART,20150324,105051,114.17,1,0,0,0,0,0
GLD STK SMART,20150324,105109,114.15,1,0,0,0,0,0
GLD STK SMART,20150324,105117,114.13,1,0,0,0,0,0
GLD STK SMART,20150324,105130,114.12,1,0,0,0,0,0
GLD STK SMART,20150324,105135,114.11,1,0,0,0,0,0
GLD STK SMART,20150324,105148,114.14,4,0,0,0,0,0
GLD STK SMART,20150324,105156,114.14,1,0,0,0,0,0
GLD STK SMART,20150324,105210,114.15,1,0,0,0,0,0
GLD STK SMART,20150324,105212,114.16,1,0,0,0,0,0
GLD STK SMART,20150324,105225,114.19,4,0,0,0,0,0
GLD STK SMART,20150324,105236,114.19,1,0,0,0,0,0
GLD STK SMART,20150324,105249,114.21,10,0,0,0,0,0
GLD STK SMART,20150324,105300,114.21,1,0,0,0,0,0
GLD STK SMART,20150324,105327,114.2,2,0,0,0,0,0
GLD STK SMART,20150324,105337,114.19,2,0,0,0,0,0
GLD STK SMART,20150324,105341,114.2,2,0,0,0,0,0
GLD STK SMART,20150324,105357,114.24,1,0,0,0,0,0
GLD STK SMART,20150324,105432,114.21,1,0,0,0,0,0
GLD STK SMART,20150324,105456,114.2,1,0,0,0,0,0
GLD STK SMART,20150324,105510,114.22,2,0,0,0,0,0
GLD STK SMART,20150324,105537,114.25,1,0,0,0,0,0
GLD STK SMART,20150324,105549,114.27,5,0,0,0,0,0
GLD STK SMART,20150324,105554,114.25,1,0,0,0,0,0
GLD STK SMART,20150324,105606,114.24,1,0,0,0,0,0
GLD STK SMART,20150324,105618,114.23,1,0,0,0,0,0
GLD STK SMART,20150324,105630,114.25,1,0,0,0,0,0
GLD STK SMART,20150324,105649,114.26,2,0,0,0,0,0
GLD STK SMART,20150324,105659,114.27,1,0,0,0,0,0
GLD STK SMART,20150324,105703,114.26,1,0,0,0,0,0
GLD STK SMART,20150324,105727,114.27,2,0,0,0,0,0
GLD STK SMART,20150324,105738,114.27,1,0,0,0,0,0
GLD STK SMART,20150324,105755,114.26,2,0,0,0,0,0
GLD STK SMART,20150324,105836,114.23,1,0,0,0,0,0
GLD STK SMART,20150324,105902,114.24,2,0,0,0,0,0
GLD STK SMART,20150324,105930,114.19,1,0,0,0,0,0
GLD STK SMART,20150324,105939,114.2,1,0,0,0,0,0
GLD STK SMART,20150324,105941,114.21,1,0,0,0,0,0
GLD STK SMART,20150324,110017,114.2,1,0,0,0,0,0
GLD STK SMART,20150324,110037,114.21,2,0,0,0,0,0
GLD STK SMART,20150324,110050,114.25,1,0,0,0,0,0
GLD STK SMART,20150324,110100,114.26,2,0,0,0,0,0
GLD STK SMART,20150324,110108,114.27,2,0,0,0,0,0
GLD STK SMART,20150324,110113,114.28,1,0,0,0,0,0
GLD STK SMART,20150324,110129,114.29,2,0,0,0,0,0
GLD STK SMART,20150324,110139,114.27,1,0,0,0,0,0
GLD STK SMART,20150324,110144,114.28,1,0,0,0,0,0
GLD STK SMART,20150324,110159,114.26,1,0,0,0,0,0
GLD STK SMART,20150324,110213,114.25,1,0,0,0,0,0
GLD STK SMART,20150324,110223,114.27,1,0,0,0,0,0
GLD STK SMART,20150324,110233,114.26,1,0,0,0,0,0
GLD STK SMART,20150324,110244,114.27,1,0,0,0,0,0
GLD STK SMART,20150324,110258,114.28,1,0,0,0,0,0
GLD STK SMART,20150324,110303,114.29,2,0,0,0,0,0
GLD STK SMART,20150324,110357,114.28,1,0,0,0,0,0
GLD STK SMART,20150324,110417,114.26,2,0,0,0,0,0
GLD STK SMART,20150324,110435,114.28,2,0,0,0,0,0
GLD STK SMART,20150324,110451,114.29,1,0,0,0,0,0
GLD STK SMART,20150324,110518,114.28,1,0,0,0,0,0
GLD STK SMART,20150324,110523,114.27,1,0,0,0,0,0
GLD STK SMART,20150324,110535,114.25,1,0,0,0,0,0
GLD STK SMART,20150324,110631,114.27,2,0,0,0,0,0
GLD STK SMART,20150324,110651,114.26,1,0,0,0,0,0
GLD STK SMART,20150324,110739,114.27,1,0,0,0,0,0
GLD STK SMART,20150324,110841,114.28,2,0,0,0,0,0
GLD STK SMART,20150324,110842,114.28,1,0,0,0,0,0
GLD STK SMART,20150324,110909,114.24,1,0,0,0,0,0
GLD STK SMART,20150324,110951,114.21,2,0,0,0,0,0
GLD STK SMART,20150324,111220,114.28,1,0,0,0,0,0
GLD STK SMART,20150324,111249,114.29,1,0,0,0,0,0
GLD STK SMART,20150324,111325,114.26,2,0,0,0,0,0
GLD STK SMART,20150324,111346,114.25,1,0,0,0,0,0
GLD STK SMART,20150324,111408,114.26,1,0,0,0,0,0
GLD STK SMART,20150324,111449,114.25,1,0,0,0,0,0
GLD STK SMART,20150324,111453,114.24,1,0,0,0,0,0
GLD STK SMART,20150324,111521,114.25,1,0,0,0,0,0
GLD STK SMART,20150324,111537,114.24,1,0,0,0,0,0
GLD STK SMART,20150324,111543,114.25,1,0,0,0,0,0
GLD STK SMART,20150324,111611,114.26,1,0,0,0,0,0
GLD STK SMART,20150324,111620,114.29,1,0,0,0,0,0
GLD STK SMART,20150324,111625,114.3,2,0,0,0,0,0
GLD STK SMART,20150324,111639,114.32,4,0,0,0,0,0
GLD STK SMART,20150324,111651,114.31,1,0,0,0,0,0
GLD STK SMART,20150324,111655,114.31,1,0,0,0,0,0
GLD STK SMART,20150324,111741,114.29,2,0,0,0,0,0
GLD STK SMART,20150324,111758,114.29,10,0,0,0,0,0
GLD STK SMART,20150324,111814,114.28,6,0,0,0,0,0
GLD STK SMART,20150324,111833,114.28,2,0,0,0,0,0
GLD STK SMART,20150324,111904,114.27,1,0,0,0,0,0
GLD STK SMART,20150324,111936,114.25,1,0,0,0,0,0
GLD STK SMART,20150324,111946,114.26,1,0,0,0,0,0
GLD STK SMART,20150324,112021,114.25,1,0,0,0,0,0
GLD STK SMART,20150324,112127,114.23,1,0,0,0,0,0
GLD STK SMART,20150324,112237,114.27,1,0,0,0,0,0
GLD STK SMART,20150324,112300,114.26,1,0,0,0,0,0
GLD STK SMART,20150324,112319,114.25,2,0,0,0,0,0
GLD STK SMART,20150324,112459,114.23,2,0,0,0,0,0
GLD STK SMART,20150324,112510,114.23,5,0,0,0,0,0
GLD STK SMART,20150324,112520,114.23,1,0,0,0,0,0
GLD STK SMART,20150324,112530,114.21,2,0,0,0,0,0
GLD STK SMART,20150324,112549,114.21,1,0,0,0,0,0
GLD STK SMART,20150324,112555,114.2,2,0,0,0,0,0
GLD STK SMART,20150324,112606,114.18,1,0,0,0,0,0
GLD STK SMART,20150324,112622,114.18,1,0,0,0,0,0
GLD STK SMART,20150324,112632,114.19,1,0,0,0,0,0
GLD STK SMART,20150324,112641,114.18,1,0,0,0,0,0
GLD STK SMART,20150324,112655,114.17,1,0,0,0,0,0
GLD STK SMART,20150324,112722,114.16,1,0,0,0,0,0
GLD STK SMART,20150324,112741,114.15,1,0,0,0,0,0
GLD STK SMART,20150324,112749,114.17,1,0,0,0,0,0
GLD STK SMART,20150324,112802,114.16,1,0,0,0,0,0
GLD STK SMART,20150324,112824,114.19,1,0,0,0,0,0
GLD STK SMART,20150324,112900,114.18,1,0,0,0,0,0
GLD STK SMART,20150324,112930,114.17,1,0,0,0,0,0
GLD STK SMART,20150324,112941,114.19,1,0,0,0,0,0
GLD STK SMART,20150324,113002,114.2,3,0,0,0,0,0
GLD STK SMART,20150324,113003,114.2,6,0,0,0,0,0
GLD STK SMART,20150324,113018,114.19,1,0,0,0,0,0
GLD STK SMART,20150324,113111,114.21,1,0,0,0,0,0
GLD STK SMART,20150324,113114,114.2,1,0,0,0,0,0
GLD STK SMART,20150324,113142,114.19,1,0,0,0,0,0
GLD STK SMART,20150324,113146,114.19,2,0,0,0,0,0
GLD STK SMART,20150324,113220,114.19,1,0,0,0,0,0
GLD STK SMART,20150324,113232,114.18,1,0,0,0,0,0
GLD STK SMART,20150324,113323,114.22,1,0,0,0,0,0
GLD STK SMART,20150324,113343,114.26,1,0,0,0,0,0
GLD STK SMART,20150324,113411,114.25,2,0,0,0,0,0
GLD STK SMART,20150324,113442,114.21,1,0,0,0,0,0
GLD STK SMART,20150324,113449,114.21,1,0,0,0,0,0
GLD STK SMART,20150324,113511,114.2,1,0,0,0,0,0
GLD STK SMART,20150324,113558,114.21,1,0,0,0,0,0
GLD STK SMART,20150324,113622,114.19,1,0,0,0,0,0
GLD STK SMART,20150324,113709,114.16,1,0,0,0,0,0
GLD STK SMART,20150324,113722,114.16,3,0,0,0,0,0
GLD STK SMART,20150324,113725,114.12,1,0,0,0,0,0
GLD STK SMART,20150324,113757,114.12,1,0,0,0,0,0
GLD STK SMART,20150324,113810,114.12,2,0,0,0,0,0
GLD STK SMART,20150324,113820,114.12,4,0,0,0,0,0
GLD STK SMART,20150324,113830,114.12,2,0,0,0,0,0
GLD STK SMART,20150324,113839,114.09,1,0,0,0,0,0
GLD STK SMART,20150324,113901,114.08,1,0,0,0,0,0
GLD STK SMART,20150324,113912,114.11,1,0,0,0,0,0
GLD STK SMART,20150324,114048,114.1,1,0,0,0,0,0
GLD STK SMART,20150324,114123,114.11,1,0,0,0,0,0
GLD STK SMART,20150324,114130,114.1,4,0,0,0,0,0
GLD STK SMART,20150324,114231,114.11,1,0,0,0,0,0
GLD STK SMART,20150324,114302,114.1,1,0,0,0,0,0
GLD STK SMART,20150324,114306,114.11,1,0,0,0,0,0
GLD STK SMART,20150324,114320,114.1,1,0,0,0,0,0
GLD STK SMART,20150324,114402,114.07,2,0,0,0,0,0
GLD STK SMART,20150324,114415,114.08,1,0,0,0,0,0
GLD STK SMART,20150324,114451,114.06,1,0,0,0,0,0
GLD STK SMART,20150324,114717,114.07,1,0,0,0,0,0
GLD STK SMART,20150324,114743,114.07,1,0,0,0,0,0
GLD STK SMART,20150324,114759,114.05,2,0,0,0,0,0
GLD STK SMART,20150324,114841,114.08,1,0,0,0,0,0
GLD STK SMART,20150324,114853,114.06,1,0,0,0,0,0
GLD STK SMART,20150324,114856,114.07,1,0,0,0,0,0
GLD STK SMART,20150324,114913,114.11,1,0,0,0,0,0
GLD STK SMART,20150324,114920,114.11,1,0,0,0,0,0
GLD STK SMART,20150324,114930,114.12,1,0,0,0,0,0
GLD STK SMART,20150324,114940,114.15,1,0,0,0,0,0
GLD STK SMART,20150324,114951,114.13,1,0,0,0,0,0
GLD STK SMART,20150324,115013,114.11,1,0,0,0,0,0
GLD STK SMART,20150324,115215,114.12,1,0,0,0,0,0
GLD STK SMART,20150324,115229,114.14,1,0,0,0,0,0
GLD STK SMART,20150324,115254,114.12,1,0,0,0,0,0
GLD STK SMART,20150324,115304,114.11,2,0,0,0,0,0
GLD STK SMART,20150324,115322,114.1,2,0,0,0,0,0
GLD STK SMART,20150324,115348,114.12,2,0,0,0,0,0
GLD STK SMART,20150324,115405,114.12,2,0,0,0,0,0
GLD STK SMART,20150324,115520,114.11,2,0,0,0,0,0
GLD STK SMART,20150324,115611,114.12,1,0,0,0,0,0
GLD STK SMART,20150324,115619,114.13,1,0,0,0,0,0
GLD STK SMART,20150324,115642,114.13,1,0,0,0,0,0
GLD STK SMART,20150324,115721,114.14,2,0,0,0,0,0
GLD STK SMART,20150324,115725,114.14,1,0,0,0,0,0
GLD STK SMART,20150324,115813,114.15,1,0,0,0,0,0
GLD STK SMART,20150324,115821,114.17,1,0,0,0,0,0
GLD STK SMART,20150324,115829,114.17,1,0,0,0,0,0
GLD STK SMART,20150324,115908,114.18,1,0,0,0,0,0
GLD STK SMART,20150324,115915,114.17,3,0,0,0,0,0
GLD STK SMART,20150324,115930,114.17,2,0,0,0,0,0
GLD STK SMART,20150324,120003,114.16,1,0,0,0,0,0
GLD STK SMART,20150324,120023,114.17,2,0,0,0,0,0
GLD STK SMART,20150324,120028,114.17,1,0,0,0,0,0
GLD STK SMART,20150324,120119,114.15,1,0,0,0,0,0
GLD STK SMART,20150324,120131,114.18,1,0,0,0,0,0
GLD STK SMART,20150324,120257,114.16,1,0,0,0,0,0
GLD STK SMART,20150324,120310,114.18,1,0,0,0,0,0
GLD STK SMART,20150324,120331,114.19,1,0,0,0,0,0
GLD STK SMART,20150324,120354,114.24,1,0,0,0,0,0
GLD STK SMART,20150324,120404,114.26,2,0,0,0,0,0
GLD STK SMART,20150324,120432,114.23,1,0,0,0,0,0
GLD STK SMART,20150324,120456,114.22,1,0,0,0,0,0
GLD STK SMART,20150324,120531,114.25,2,0,0,0,0,0
GLD STK SMART,20150324,120740,114.24,2,0,0,0,0,0
GLD STK SMART,20150324,120818,114.25,1,0,0,0,0,0
GLD STK SMART,20150324,120846,114.27,1,0,0,0,0,0
GLD STK SMART,20150324,120911,114.28,1,0,0,0,0,0
GLD STK SMART,20150324,120923,114.28,1,0,0,0,0,0
GLD STK SMART,20150324,120933,114.26,2,0,0,0,0,0
GLD STK SMART,20150324,121003,114.25,2,0,0,0,0,0
GLD STK SMART,20150324,121102,114.25,2,0,0,0,0,0
GLD STK SMART,20150324,121114,114.25,1,0,0,0,0,0
GLD STK SMART,20150324,121115,114.25,3,0,0,0,0,0
GLD STK SMART,20150324,121148,114.27,1,0,0,0,0,0
GLD STK SMART,20150324,121158,114.26,1,0,0,0,0,0
GLD STK SMART,20150324,121208,114.28,1,0,0,0,0,0
GLD STK SMART,20150324,121216,114.29,1,0,0,0,0,0
GLD STK SMART,20150324,121252,114.26,1,0,0,0,0,0
GLD STK SMART,20150324,121314,114.28,2,0,0,0,0,0
GLD STK SMART,20150324,121345,114.28,1,0,0,0,0,0
GLD STK SMART,20150324,121423,114.26,1,0,0,0,0,0
GLD STK SMART,20150324,121617,114.27,1,0,0,0,0,0
GLD STK SMART,20150324,121813,114.24,2,0,0,0,0,0
GLD STK SMART,20150324,121840,114.24,1,0,0,0,0,0
GLD STK SMART,20150324,121849,114.25,1,0,0,0,0,0
GLD STK SMART,20150324,121858,114.25,1,0,0,0,0,0
GLD STK SMART,20150324,121906,114.24,1,0,0,0,0,0
GLD STK SMART,20150324,121928,114.22,1,0,0,0,0,0
GLD STK SMART,20150324,122005,114.24,1,0,0,0,0,0
GLD STK SMART,20150324,122011,114.25,1,0,0,0,0,0
GLD STK SMART,20150324,122047,114.25,2,0,0,0,0,0
GLD STK SMART,20150324,122258,114.26,1,0,0,0,0,0
GLD STK SMART,20150324,122343,114.28,2,0,0,0,0,0
GLD STK SMART,20150324,122425,114.23,1,0,0,0,0,0
GLD STK SMART,20150324,122449,114.2,2,0,0,0,0,0
GLD STK SMART,20150324,122506,114.18,1,0,0,0,0,0
GLD STK SMART,20150324,122541,114.15,1,0,0,0,0,0
GLD STK SMART,20150324,122555,114.14,1,0,0,0,0,0
GLD STK SMART,20150324,122632,114.14,2,0,0,0,0,0
GLD STK SMART,20150324,122644,114.14,1,0,0,0,0,0
GLD STK SMART,20150324,122651,114.15,1,0,0,0,0,0
GLD STK SMART,20150324,122707,114.17,2,0,0,0,0,0
GLD STK SMART,20150324,122729,114.2,6,0,0,0,0,0
GLD STK SMART,20150324,122800,114.2,1,0,0,0,0,0
GLD STK SMART,20150324,122851,114.23,2,0,0,0,0,0
GLD STK SMART,20150324,122941,114.25,1,0,0,0,0,0
GLD STK SMART,20150324,123042,114.23,1,0,0,0,0,0
GLD STK SMART,20150324,123409,114.25,2,0,0,0,0,0
GLD STK SMART,20150324,123623,114.24,1,0,0,0,0,0
GLD STK SMART,20150324,123656,114.23,2,0,0,0,0,0
GLD STK SMART,20150324,123656,114.23,1,0,0,0,0,0
GLD STK SMART,20150324,123733,114.22,2,0,0,0,0,0
GLD STK SMART,20150324,123801,114.22,1,0,0,0,0,0
GLD STK SMART,20150324,123815,114.23,2,0,0,0,0,0
GLD STK SMART,20150324,123911,114.23,1,0,0,0,0,0
GLD STK SMART,20150324,123921,114.24,1,0,0,0,0,0
GLD STK SMART,20150324,123930,114.25,2,0,0,0,0,0
GLD STK SMART,20150324,124017,114.26,1,0,0,0,0,0
GLD STK SMART,20150324,124052,114.28,2,0,0,0,0,0
GLD STK SMART,20150324,124158,114.28,1,0,0,0,0,0
GLD STK SMART,20150324,124215,114.27,1,0,0,0,0,0
GLD STK SMART,20150324,124218,114.26,1,0,0,0,0,0
GLD STK SMART,20150324,124359,114.28,1,0,0,0,0,0
GLD STK SMART,20150324,124421,114.29,1,0,0,0,0,0
GLD STK SMART,20150324,124432,114.32,4,0,0,0,0,0
GLD STK SMART,20150324,124445,114.32,1,0,0,0,0,0
GLD STK SMART,20150324,124457,114.32,1,0,0,0,0,0
GLD STK SMART,20150324,124605,114.31,2,0,0,0,0,0
GLD STK SMART,20150324,124614,114.32,1,0,0,0,0,0
GLD STK SMART,20150324,124631,114.33,1,0,0,0,0,0
GLD STK SMART,20150324,124639,114.35,1,0,0,0,0,0
GLD STK SMART,20150324,124752,114.34,1,0,0,0,0,0
GLD STK SMART,20150324,124757,114.32,1,0,0,0,0,0
GLD STK SMART,20150324,124821,114.32,2,0,0,0,0,0
GLD STK SMART,20150324,124830,114.31,1,0,0,0,0,0
GLD STK SMART,20150324,124921,114.34,1,0,0,0,0,0
GLD STK SMART,20150324,124953,114.35,3,0,0,0,0,0
GLD STK SMART,20150324,124958,114.35,1,0,0,0,0,0
GLD STK SMART,20150324,125046,114.35,2,0,0,0,0,0
GLD STK SMART,20150324,125056,114.35,2,0,0,0,0,0
GLD STK SMART,20150324,125112,114.34,1,0,0,0,0,0
GLD STK SMART,20150324,125132,114.34,1,0,0,0,0,0
GLD STK SMART,20150324,125140,114.35,1,0,0,0,0,0
GLD STK SMART,20150324,125223,114.34,1,0,0,0,0,0
GLD STK SMART,20150324,125259,114.35,2,0,0,0,0,0
GLD STK SMART,20150324,125313,114.36,1,0,0,0,0,0
GLD STK SMART,20150324,125343,114.37,2,0,0,0,0,0
GLD STK SMART,20150324,125425,114.4,3,0,0,0,0,0
GLD STK SMART,20150324,125431,114.41,1,0,0,0,0,0
GLD STK SMART,20150324,125452,114.37,1,0,0,0,0,0
GLD STK SMART,20150324,125535,114.38,1,0,0,0,0,0
GLD STK SMART,20150324,125549,114.39,1,0,0,0,0,0
GLD STK SMART,20150324,125601,114.44,2,0,0,0,0,0
GLD STK SMART,20150324,125609,114.43,1,0,0,0,0,0
GLD STK SMART,20150324,125704,114.41,2,0,0,0,0,0
GLD STK SMART,20150324,125710,114.41,1,0,0,0,0,0
GLD STK SMART,20150324,125723,114.42,2,0,0,0,0,0
GLD STK SMART,20150324,125743,114.42,1,0,0,0,0,0
GLD STK SMART,20150324,130000,114.4,1,0,0,0,0,0
GLD STK SMART,20150324,130045,114.4,8,0,0,0,0,0
GLD STK SMART,20150324,130048,114.39,1,0,0,0,0,0
GLD STK SMART,20150324,130107,114.38,1,0,0,0,0,0
GLD STK SMART,20150324,130142,114.4,1,0,0,0,0,0
GLD STK SMART,20150324,130236,114.43,1,0,0,0,0,0
GLD STK SMART,20150324,130253,114.45,2,0,0,0,0,0
GLD STK SMART,20150324,130337,114.45,1,0,0,0,0,0
GLD STK SMART,20150324,130347,114.43,1,0,0,0,0,0
GLD STK SMART,20150324,130407,114.42,2,0,0,0,0,0
GLD STK SMART,20150324,130420,114.42,1,0,0,0,0,0
GLD STK SMART,20150324,130442,114.44,2,0,0,0,0,0
GLD STK SMART,20150324,130509,114.45,1,0,0,0,0,0
GLD STK SMART,20150324,130520,114.48,1,0,0,0,0,0
GLD STK SMART,20150324,130533,114.46,1,0,0,0,0,0
GLD STK SMART,20150324,130617,114.45,1,0,0,0,0,0
GLD STK SMART,20150324,130648,114.46,1,0,0,0,0,0
GLD STK SMART,20150324,130741,114.49,1,0,0,0,0,0
GLD STK SMART,20150324,130757,114.48,1,0,0,0,0,0
GLD STK SMART,20150324,130837,114.48,1,0,0,0,0,0
GLD STK SMART,20150324,130853,114.5,1,0,0,0,0,0
GLD STK SMART,20150324,130901,114.51,1,0,0,0,0,0
GLD STK SMART,20150324,130916,114.5,1,0,0,0,0,0
GLD STK SMART,20150324,130931,114.52,1,0,0,0,0,0
GLD STK SMART,20150324,130954,114.5,1,0,0,0,0,0
GLD STK SMART,20150324,131024,114.45,1,0,0,0,0,0
GLD STK SMART,20150324,131100,114.47,1,0,0,0,0,0
GLD STK SMART,20150324,131202,114.45,1,0,0,0,0,0
GLD STK SMART,20150324,131233,114.44,1,0,0,0,0,0
GLD STK SMART,20150324,131334,114.45,1,0,0,0,0,0
GLD STK SMART,20150324,131349,114.44,1,0,0,0,0,0
GLD STK SMART,20150324,131508,114.43,2,0,0,0,0,0
GLD STK SMART,20150324,131546,114.43,1,0,0,0,0,0
GLD STK SMART,20150324,131603,114.42,2,0,0,0,0,0
GLD STK SMART,20150324,131610,114.4,2,0,0,0,0,0
GLD STK SMART,20150324,131632,114.4,1,0,0,0,0,0
GLD STK SMART,20150324,131642,114.4,3,0,0,0,0,0
GLD STK SMART,20150324,131704,114.39,1,0,0,0,0,0
GLD STK SMART,20150324,131928,114.4,1,0,0,0,0,0
GLD STK SMART,20150324,132002,114.39,3,0,0,0,0,0
GLD STK SMART,20150324,132035,114.39,2,0,0,0,0,0
GLD STK SMART,20150324,132040,114.42,1,0,0,0,0,0
GLD STK SMART,20150324,132123,114.43,2,0,0,0,0,0
GLD STK SMART,20150324,132206,114.41,1,0,0,0,0,0
GLD STK SMART,20150324,132248,114.42,1,0,0,0,0,0
GLD STK SMART,20150324,132306,114.42,1,0,0,0,0,0
GLD STK SMART,20150324,132327,114.43,1,0,0,0,0,0
GLD STK SMART,20150324,132338,114.42,2,0,0,0,0,0
GLD STK SMART,20150324,132428,114.41,2,0,0,0,0,0
GLD STK SMART,20150324,132511,114.4,1,0,0,0,0,0
GLD STK SMART,20150324,132548,114.41,2,0,0,0,0,0
GLD STK SMART,20150324,132607,114.4,1,0,0,0,0,0
GLD STK SMART,20150324,132708,114.39,1,0,0,0,0,0
GLD STK SMART,20150324,132713,114.38,2,0,0,0,0,0
GLD STK SMART,20150324,132725,114.39,1,0,0,0,0,0
GLD STK SMART,20150324,132757,114.38,1,0,0,0,0,0
GLD STK SMART,20150324,132827,114.37,2,0,0,0,0,0
GLD STK SMART,20150324,132828,114.37,1,0,0,0,0,0
GLD STK SMART,20150324,132921,114.4,1,0,0,0,0,0
GLD STK SMART,20150324,132945,114.4,1,0,0,0,0,0
GLD STK SMART,20150324,133005,114.41,2,0,0,0,0,0
GLD STK SMART,20150324,133046,114.43,1,0,0,0,0,0
GLD STK SMART,20150324,133055,114.43,5,0,0,0,0,0
GLD STK SMART,20150324,133135,114.41,1,0,0,0,0,0
GLD STK SMART,20150324,133153,114.39,1,0,0,0,0,0
GLD STK SMART,20150324,133527,114.41,1,0,0,0,0,0
GLD STK SMART,20150324,133542,114.4,1,0,0,0,0,0
GLD STK SMART,20150324,133624,114.42,3,0,0,0,0,0
GLD STK SMART,20150324,133635,114.42,1,0,0,0,0,0
GLD STK SMART,20150324,133655,114.43,1,0,0,0,0,0
GLD STK SMART,20150324,133740,114.4,1,0,0,0,0,0
GLD STK SMART,20150324,133807,114.42,1,0,0,0,0,0
GLD STK SMART,20150324,133855,114.42,1,0,0,0,0,0
GLD STK SMART,20150324,133915,114.44,2,0,0,0,0,0
GLD STK SMART,20150324,133930,114.44,1,0,0,0,0,0
GLD STK SMART,20150324,133954,114.46,2,0,0,0,0,0
GLD STK SMART,20150324,134003,114.47,1,0,0,0,0,0
GLD STK SMART,20150324,134025,114.51,1,0,0,0,0,0
GLD STK SMART,20150324,134036,114.54,1,0,0,0,0,0
GLD STK SMART,20150324,134055,114.49,2,0,0,0,0,0
GLD STK SMART,20150324,134142,114.48,1,0,0,0,0,0
GLD STK SMART,20150324,134231,114.47,2,0,0,0,0,0
GLD STK SMART,20150324,134425,114.47,1,0,0,0,0,0
GLD STK SMART,20150324,134502,114.49,1,0,0,0,0,0
GLD STK SMART,20150324,134538,114.5,1,0,0,0,0,0
GLD STK SMART,20150324,134540,114.52,1,0,0,0,0,0
GLD STK SMART,20150324,134558,114.5,1,0,0,0,0,0
GLD STK SMART,20150324,134608,114.52,1,0,0,0,0,0
GLD STK SMART,20150324,134619,114.51,1,0,0,0,0,0
GLD STK SMART,20150324,134620,114.51,2,0,0,0,0,0
GLD STK SMART,20150324,134639,114.52,1,0,0,0,0,0
GLD STK SMART,20150324,134737,114.5,1,0,0,0,0,0
GLD STK SMART,20150324,134746,114.51,1,0,0,0,0,0
GLD STK SMART,20150324,134754,114.51,2,0,0,0,0,0
GLD STK SMART,20150324,134804,114.52,6,0,0,0,0,0
GLD STK SMART,20150324,134816,114.53,2,0,0,0,0,0
GLD STK SMART,20150324,134837,114.52,1,0,0,0,0,0
GLD STK SMART,20150324,134924,114.51,1,0,0,0,0,0
GLD STK SMART,20150324,135015,114.53,2,0,0,0,0,0
GLD STK SMART,20150324,135024,114.52,1,0,0,0,0,0
GLD STK SMART,20150324,135107,114.52,1,0,0,0,0,0
GLD STK SMART,20150324,135136,114.51,1,0,0,0,0,0
GLD STK SMART,20150324,135141,114.52,2,0,0,0,0,0
GLD STK SMART,20150324,135211,114.53,2,0,0,0,0,0
GLD STK SMART,20150324,135332,114.54,1,0,0,0,0,0
GLD STK SMART,20150324,135421,114.55,1,0,0,0,0,0
GLD STK SMART,20150324,135455,114.54,1,0,0,0,0,0
GLD STK SMART,20150324,135517,114.54,1,0,0,0,0,0
GLD STK SMART,20150324,135532,114.57,1,0,0,0,0,0
GLD STK SMART,20150324,135633,114.57,4,0,0,0,0,0
GLD STK SMART,20150324,135646,114.58,1,0,0,0,0,0
GLD STK SMART,20150324,135722,114.59,1,0,0,0,0,0
GLD STK SMART,20150324,135746,114.58,1,0,0,0,0,0
GLD STK SMART,20150324,135812,114.59,1,0,0,0,0,0
GLD STK SMART,20150324,135838,114.58,1,0,0,0,0,0
GLD STK SMART,20150324,135916,114.57,1,0,0,0,0,0
GLD STK SMART,20150324,135927,114.56,1,0,0,0,0,0
GLD STK SMART,20150324,140022,114.54,1,0,0,0,0,0
GLD STK SMART,20150324,140037,114.53,1,0,0,0,0,0
GLD STK SMART,20150324,140054,114.54,1,0,0,0,0,0
GLD STK SMART,20150324,140115,114.55,1,0,0,0,0,0
GLD STK SMART,20150324,140147,114.54,1,0,0,0,0,0
GLD STK SMART,20150324,140206,114.55,1,0,0,0,0,0
GLD STK SMART,20150324,140211,114.54,1,0,0,0,0,0
GLD STK SMART,20150324,140228,114.55,1,0,0,0,0,0
GLD STK SMART,20150324,140349,114.53,1,0,0,0,0,0
GLD STK SMART,20150324,140417,114.55,4,0,0,0,0,0
GLD STK SMART,20150324,140437,114.54,1,0,0,0,0,0
GLD STK SMART,20150324,140449,114.53,2,0,0,0,0,0
GLD STK SMART,20150324,140455,114.52,1,0,0,0,0,0
GLD STK SMART,20150324,140514,114.51,1,0,0,0,0,0
GLD STK SMART,20150324,140526,114.53,1,0,0,0,0,0
GLD STK SMART,20150324,140544,114.54,1,0,0,0,0,0
GLD STK SMART,20150324,140611,114.53,1,0,0,0,0,0
GLD STK SMART,20150324,140720,114.54,2,0,0,0,0,0
GLD STK SMART,20150324,140721,114.54,1,0,0,0,0,0
GLD STK SMART,20150324,140758,114.54,1,0,0,0,0,0
GLD STK SMART,20150324,140914,114.53,2,0,0,0,0,0
GLD STK SMART,20150324,140939,114.53,1,0,0,0,0,0
GLD STK SMART,20150324,140953,114.53,2,0,0,0,0,0
GLD STK SMART,20150324,141034,114.52,1,0,0,0,0,0
GLD STK SMART,20150324,141219,114.53,1,0,0,0,0,0
GLD STK SMART,20150324,141236,114.54,1,0,0,0,0,0
GLD STK SMART,20150324,141303,114.53,1,0,0,0,0,0
GLD STK SMART,20150324,141417,114.54,2,0,0,0,0,0
GLD STK SMART,20150324,141429,114.54,1,0,0,0,0,0
GLD STK SMART,20150324,141436,114.52,1,0,0,0,0,0
GLD STK SMART,20150324,141603,114.52,1,0,0,0,0,0
GLD STK SMART,20150324,141635,114.51,2,0,0,0,0,0
GLD STK SMART,20150324,141910,114.53,1,0,0,0,0,0
GLD STK SMART,20150324,141928,114.54,1,0,0,0,0,0
GLD STK SMART,20150324,141950,114.55,2,0,0,0,0,0
GLD STK SMART,20150324,142000,114.54,1,0,0,0,0,0
GLD STK SMART,20150324,142205,114.55,1,0,0,0,0,0
GLD STK SMART,20150324,142301,114.56,1,0,0,0,0,0
GLD STK SMART,20150324,142316,114.55,1,0,0,0,0,0
GLD STK SMART,20150324,142330,114.56,1,0,0,0,0,0
GLD STK SMART,20150324,142341,114.57,1,0,0,0,0,0
GLD STK SMART,20150324,142351,114.58,1,0,0,0,0,0
GLD STK SMART,20150324,142405,114.58,1,0,0,0,0,0
GLD STK SMART,20150324,142514,114.59,1,0,0,0,0,0
GLD STK SMART,20150324,142528,114.59,2,0,0,0,0,0
GLD STK SMART,20150324,142627,114.57,1,0,0,0,0,0
GLD STK SMART,20150324,142635,114.56,1,0,0,0,0,0
GLD STK SMART,20150324,142658,114.57,1,0,0,0,0,0
GLD STK SMART,20150324,142702,114.58,1,0,0,0,0,0
GLD STK SMART,20150324,142713,114.59,1,0,0,0,0,0
GLD STK SMART,20150324,142748,114.59,1,0,0,0,0,0
GLD STK SMART,20150324,142809,114.59,1,0,0,0,0,0
GLD STK SMART,20150324,142837,114.6,1,0,0,0,0,0
GLD STK SMART,20150324,142910,114.57,1,0,0,0,0,0
GLD STK SMART,20150324,142923,114.59,1,0,0,0,0,0
GLD STK SMART,20150324,142937,114.58,1,0,0,0,0,0
GLD STK SMART,20150324,143000,114.59,2,0,0,0,0,0
GLD STK SMART,20150324,143112,114.59,1,0,0,0,0,0
GLD STK SMART,20150324,143122,114.6,1,0,0,0,0,0
GLD STK SMART,20150324,143150,114.6,2,0,0,0,0,0
GLD STK SMART,20150324,143223,114.62,1,0,0,0,0,0
GLD STK SMART,20150324,143238,114.62,12,0,0,0,0,0
GLD STK SMART,20150324,143248,114.62,2,0,0,0,0,0
GLD STK SMART,20150324,143323,114.62,2,0,0,0,0,0
GLD STK SMART,20150324,143420,114.62,1,0,0,0,0,0
GLD STK SMART,20150324,143425,114.63,6,0,0,0,0,0
GLD STK SMART,20150324,143453,114.64,1,0,0,0,0,0
GLD STK SMART,20150324,143509,114.64,2,0,0,0,0,0
GLD STK SMART,20150324,143539,114.63,1,0,0,0,0,0
GLD STK SMART,20150324,143644,114.62,1,0,0,0,0,0
GLD STK SMART,20150324,143737,114.59,1,0,0,0,0,0
GLD STK SMART,20150324,143821,114.58,1,0,0,0,0,0
GLD STK SMART,20150324,143900,114.57,1,0,0,0,0,0
GLD STK SMART,20150324,144017,114.6,2,0,0,0,0,0
GLD STK SMART,20150324,144201,114.58,1,0,0,0,0,0
GLD STK SMART,20150324,144317,114.57,2,0,0,0,0,0
GLD STK SMART,20150324,144501,114.55,1,0,0,0,0,0
GLD STK SMART,20150324,144551,114.54,2,0,0,0,0,0
GLD STK SMART,20150324,144614,114.54,1,0,0,0,0,0
GLD STK SMART,20150324,144652,114.55,4,0,0,0,0,0
GLD STK SMART,20150324,144654,114.55,1,0,0,0,0,0
GLD STK SMART,20150324,144719,114.54,1,0,0,0,0,0
GLD STK SMART,20150324,144751,114.55,1,0,0,0,0,0
GLD STK SMART,20150324,144814,114.54,2,0,0,0,0,0
GLD STK SMART,20150324,144830,114.53,2,0,0,0,0,0
GLD STK SMART,20150324,144845,114.52,1,0,0,0,0,0
GLD STK SMART,20150324,144859,114.51,1,0,0,0,0,0
GLD STK SMART,20150324,144925,114.52,1,0,0,0,0,0
GLD STK SMART,20150324,145110,114.52,1,0,0,0,0,0
GLD STK SMART,20150324,145117,114.51,1,0,0,0,0,0
GLD STK SMART,20150324,145140,114.5,1,0,0,0,0,0
GLD STK SMART,20150324,145148,114.51,1,0,0,0,0,0
GLD STK SMART,20150324,145201,114.5,1,0,0,0,0,0
GLD STK SMART,20150324,145205,114.51,1,0,0,0,0,0
GLD STK SMART,20150324,145217,114.5,1,0,0,0,0,0
GLD STK SMART,20150324,145232,114.51,1,0,0,0,0,0
GLD STK SMART,20150324,145236,114.53,1,0,0,0,0,0
GLD STK SMART,20150324,145246,114.54,2,0,0,0,0,0
GLD STK SMART,20150324,145303,114.54,1,0,0,0,0,0
GLD STK SMART,20150324,145321,114.53,1,0,0,0,0,0
GLD STK SMART,20150324,145416,114.52,1,0,0,0,0,0
GLD STK SMART,20150324,145502,114.51,1,0,0,0,0,0
GLD STK SMART,20150324,145651,114.5,3,0,0,0,0,0
GLD STK SMART,20150324,145654,114.51,2,0,0,0,0,0
GLD STK SMART,20150324,145725,114.48,2,0,0,0,0,0
GLD STK SMART,20150324,145748,114.48,1,0,0,0,0,0
GLD STK SMART,20150324,145849,114.48,1,0,0,0,0,0
GLD STK SMART,20150324,145911,114.47,1,0,0,0,0,0
GLD STK SMART,20150324,145927,114.47,2,0,0,0,0,0
GLD STK SMART,20150324,145938,114.47,7,0,0,0,0,0
GLD STK SMART,20150324,145947,114.47,1,0,0,0,0,0
GLD STK SMART,20150324,150000,114.44,2,0,0,0,0,0
GLD STK SMART,20150324,150021,114.44,4,0,0,0,0,0
GLD STK SMART,20150324,150030,114.46,1,0,0,0,0,0
GLD STK SMART,20150324,150042,114.47,1,0,0,0,0,0
GLD STK SMART,20150324,150051,114.47,1,0,0,0,0,0
GLD STK SMART,20150324,150054,114.47,2,0,0,0,0,0
GLD STK SMART,20150324,150127,114.49,1,0,0,0,0,0
GLD STK SMART,20150324,150149,114.5,1,0,0,0,0,0
GLD STK SMART,20150324,150202,114.49,1,0,0,0,0,0
GLD STK SMART,20150324,150207,114.48,2,0,0,0,0,0
GLD STK SMART,20150324,150254,114.48,1,0,0,0,0,0
GLD STK SMART,20150324,150340,114.49,2,0,0,0,0,0
GLD STK SMART,20150324,150349,114.49,1,0,0,0,0,0
GLD STK SMART,20150324,150438,114.49,5,0,0,0,0,0
GLD STK SMART,20150324,150502,114.49,1,0,0,0,0,0
GLD STK SMART,20150324,150612,114.49,1,0,0,0,0,0
GLD STK SMART,20150324,150623,114.48,1,0,0,0,0,0
GLD STK SMART,20150324,150630,114.49,2,0,0,0,0,0
GLD STK SMART,20150324,150702,114.5,1,0,0,0,0,0
GLD STK SMART,20150324,150710,114.5,1,0,0,0,0,0
GLD STK SMART,20150324,150717,114.5,1,0,0,0,0,0
GLD STK SMART,20150324,150823,114.49,1,0,0,0,0,0
GLD STK SMART,20150324,150828,114.49,1,0,0,0,0,0
GLD STK SMART,20150324,150955,114.5,1,0,0,0,0,0
GLD STK SMART,20150324,151038,114.48,1,0,0,0,0,0
GLD STK SMART,20150324,151136,114.47,1,0,0,0,0,0
GLD STK SMART,20150324,151204,114.45,1,0,0,0,0,0
GLD STK SMART,20150324,151225,114.46,1,0,0,0,0,0
GLD STK SMART,20150324,151234,114.46,2,0,0,0,0,0
GLD STK SMART,20150324,151256,114.46,1,0,0,0,0,0
GLD STK SMART,20150324,151312,114.46,1,0,0,0,0,0
GLD STK SMART,20150324,151343,114.46,2,0,0,0,0,0
GLD STK SMART,20150324,151351,114.46,1,0,0,0,0,0
GLD STK SMART,20150324,151357,114.47,1,0,0,0,0,0
GLD STK SMART,20150324,151411,114.47,2,0,0,0,0,0
GLD STK SMART,20150324,151440,114.46,1,0,0,0,0,0
GLD STK SMART,20150324,151448,114.46,1,0,0,0,0,0
GLD STK SMART,20150324,151534,114.45,2,0,0,0,0,0
GLD STK SMART,20150324,151545,114.45,1,0,0,0,0,0
GLD STK SMART,20150324,151604,114.46,2,0,0,0,0,0
GLD STK SMART,20150324,151611,114.47,1,0,0,0,0,0
GLD STK SMART,20150324,151802,114.48,1,0,0,0,0,0
GLD STK SMART,20150324,151838,114.47,2,0,0,0,0,0
GLD STK SMART,20150324,151852,114.48,1,0,0,0,0,0
GLD STK SMART,20150324,151905,114.49,2,0,0,0,0,0
GLD STK SMART,20150324,151927,114.5,1,0,0,0,0,0
GLD STK SMART,20150324,151951,114.5,1,0,0,0,0,0
GLD STK SMART,20150324,152011,114.49,1,0,0,0,0,0
GLD STK SMART,20150324,152149,114.5,1,0,0,0,0,0
GLD STK SMART,20150324,152210,114.5,1,0,0,0,0,0
GLD STK SMART,20150324,152247,114.49,1,0,0,0,0,0
GLD STK SMART,20150324,152429,114.5,1,0,0,0,0,0
GLD STK SMART,20150324,152542,114.5,6,0,0,0,0,0
GLD STK SMART,20150324,152604,114.48,1,0,0,0,0,0
GLD STK SMART,20150324,152604,114.49,1,0,0,0,0,0
GLD STK SMART,20150324,152641,114.48,1,0,0,0,0,0
GLD STK SMART,20150324,152744,114.48,2,0,0,0,0,0
GLD STK SMART,20150324,152801,114.48,1,0,0,0,0,0
GLD STK SMART,20150324,152917,114.48,2,0,0,0,0,0
GLD STK SMART,20150324,152934,114.5,1,0,0,0,0,0
GLD STK SMART,20150324,152939,114.49,1,0,0,0,0,0
GLD STK SMART,20150324,152945,114.49,2,0,0,0,0,0
GLD STK SMART,20150324,152955,114.48,1,0,0,0,0,0
GLD STK SMART,20150324,153108,114.48,2,0,0,0,0,0
GLD STK SMART,20150324,153115,114.49,1,0,0,0,0,0
GLD STK SMART,20150324,153240,114.5,4,0,0,0,0,0
GLD STK SMART,20150324,153254,114.5,1,0,0,0,0,0
GLD STK SMART,20150324,153300,114.51,1,0,0,0,0,0
GLD STK SMART,20150324,153308,114.53,1,0,0,0,0,0
GLD STK SMART,20150324,153417,114.53,1,0,0,0,0,0
GLD STK SMART,20150324,153544,114.52,1,0,0,0,0,0
GLD STK SMART,20150324,153550,114.51,1,0,0,0,0,0
GLD STK SMART,20150324,153555,114.5,1,0,0,0,0,0
GLD STK SMART,20150324,153642,114.51,3,0,0,0,0,0
GLD STK SMART,20150324,153653,114.52,1,0,0,0,0,0
GLD STK SMART,20150324,153708,114.51,1,0,0,0,0,0
GLD STK SMART,20150324,153736,114.52,1,0,0,0,0,0
GLD STK SMART,20150324,153755,114.53,1,0,0,0,0,0
GLD STK SMART,20150324,153825,114.53,1,0,0,0,0,0
GLD STK SMART,20150324,153831,114.51,1,0,0,0,0,0
GLD STK SMART,20150324,153837,114.5,1,0,0,0,0,0
GLD STK SMART,20150324,153902,114.51,2,0,0,0,0,0
GLD STK SMART,20150324,153910,114.51,1,0,0,0,0,0
GLD STK SMART,20150324,153932,114.52,1,0,0,0,0,0
GLD STK SMART,20150324,153945,114.53,1,0,0,0,0,0
GLD STK SMART,20150324,154018,114.52,1,0,0,0,0,0
GLD STK SMART,20150324,154042,114.53,1,0,0,0,0,0
GLD STK SMART,20150324,154050,114.53,2,0,0,0,0,0
GLD STK SMART,20150324,154209,114.53,1,0,0,0,0,0
GLD STK SMART,20150324,154243,114.54,1,0,0,0,0,0
GLD STK SMART,20150324,154317,114.53,1,0,0,0,0,0
GLD STK SMART,20150324,154428,114.52,1,0,0,0,0,0
GLD STK SMART,20150324,154452,114.54,1,0,0,0,0,0
GLD STK SMART,20150324,154509,114.54,1,0,0,0,0,0
GLD STK SMART,20150324,154524,114.54,2,0,0,0,0,0
GLD STK SMART,20150324,154529,114.54,1,0,0,0,0,0
GLD STK SMART,20150324,154543,114.53,1,0,0,0,0,0
GLD STK SMART,20150324,154549,114.51,1,0,0,0,0,0
GLD STK SMART,20150324,154609,114.51,1,0,0,0,0,0
GLD STK SMART,20150324,154636,114.52,1,0,0,0,0,0
GLD STK SMART,20150324,154701,114.51,1,0,0,0,0,0
GLD STK SMART,20150324,154709,114.52,1,0,0,0,0,0
GLD STK SMART,20150324,154731,114.51,1,0,0,0,0,0
GLD STK SMART,20150324,154748,114.52,1,0,0,0,0,0
GLD STK SMART,20150324,154805,114.53,1,0,0,0,0,0
GLD STK SMART,20150324,154905,114.52,1,0,0,0,0,0
GLD STK SMART,20150324,154922,114.51,6,0,0,0,0,0
GLD STK SMART,20150324,154928,114.52,1,0,0,0,0,0
GLD STK SMART,20150324,154943,114.53,2,0,0,0,0,0
GLD STK SMART,20150324,154949,114.53,1,0,0,0,0,0
GLD STK SMART,20150324,155014,114.52,1,0,0,0,0,0
GLD STK SMART,20150324,155042,114.53,1,0,0,0,0,0
GLD STK SMART,20150324,155054,114.53,1,0,0,0,0,0
GLD STK SMART,20150324,155059,114.53,1,0,0,0,0,0
GLD STK SMART,20150324,155229,114.52,1,0,0,0,0,0
GLD STK SMART,20150324,155245,114.53,4,0,0,0,0,0
GLD STK SMART,20150324,155254,114.53,1,0,0,0,0,0
GLD STK SMART,20150324,155314,114.52,1,0,0,0,0,0
GLD STK SMART,20150324,155322,114.52,1,0,0,0,0,0
GLD STK SMART,20150324,155335,114.52,1,0,0,0,0,0
GLD STK SMART,20150324,155414,114.52,2,0,0,0,0,0
GLD STK SMART,20150324,155419,114.53,1,0,0,0,0,0
GLD STK SMART,20150324,155455,114.54,2,0,0,0,0,0
GLD STK SMART,20150324,155501,114.53,1,0,0,0,0,0
GLD STK SMART,20150324,155515,114.55,1,0,0,0,0,0
GLD STK SMART,20150324,155540,114.56,1,0,0,0,0,0
GLD STK SMART,20150324,155554,114.56,1,0,0,0,0,0
GLD STK SMART,20150324,155605,114.58,3,0,0,0,0,0
GLD STK SMART,20150324,155614,114.58,3,0,0,0,0,0
GLD STK SMART,20150324,155625,114.57,1,0,0,0,0,0
GLD STK SMART,20150324,155635,114.58,1,0,0,0,0,0
GLD STK SMART,20150324,155637,114.57,1,0,0,0,0,0
GLD STK SMART,20150324,155656,114.56,1,0,0,0,0,0
GLD STK SMART,20150324,155703,114.57,1,0,0,0,0,0
GLD STK SMART,20150324,155709,114.57,2,0,0,0,0,0
GLD STK SMART,20150324,155726,114.56,1,0,0,0,0,0
GLD STK SMART,20150324,155728,114.56,1,0,0,0,0,0
GLD STK SMART,20150324,155746,114.56,1,0,0,0,0,0
GLD STK SMART,20150324,155752,114.56,1,0,0,0,0,0
GLD STK SMART,20150324,155825,114.57,1,0,0,0,0,0
GLD STK SMART,20150324,155828,114.57,1,0,0,0,0,0
GLD STK SMART,20150324,155842,114.57,3,0,0,0,0,0
GLD STK SMART,20150324,155856,114.56,1,0,0,0,0,0
GLD STK SMART,20150324,155857,114.57,1,0,0,0,0,0
GLD STK SMART,20150324,155913,114.56,1,0,0,0,0,0
GLD STK SMART,20150324,155925,114.55,1,0,0,0,0,0
GLD STK SMART,20150324,160552,114.6,10,0,0,0,0,0
GLD STK SMART,20150324,160609,114.59,6,0,0,0,0,0
GLD STK SMART,20150324,160820,114.6,1,0,0,0,0,0
GLD STK SMART,20150324,161605,114.52,1,0,0,0,0,0
