530                 
NGN5 FUT NYMEX 10000,20150324,73938,2.903,2,0,0,0,0,0
NGN5 FUT NYMEX 10000,20150324,75011,2.9,1,0,0,0,0,0
NGN5 FUT NYMEX 10000,20150324,75350,2.9,2,0,0,0,0,0
NGN5 FUT NYMEX 10000,20150324,75559,2.9,8,0,0,0,0,0
NGN5 FUT NYMEX 10000,20150324,75618,2.9,1,0,0,0,0,0
NGN5 FUT NYMEX 10000,20150324,75627,2.9,1,0,0,0,0,0
NGN5 FUT NYMEX 10000,20150324,75640,2.9,5,0,0,0,0,0
NGN5 FUT NYMEX 10000,20150324,75658,2.9,4,0,0,0,0,0
NGN5 FUT NYMEX 10000,20150324,75717,2.9,3,0,0,0,0,0
NGN5 FUT NYMEX 10000,20150324,75731,2.9,9,0,0,0,0,0
NGN5 FUT NYMEX 10000,20150324,75927,2.9,1,0,0,0,0,0
NGN5 FUT NYMEX 10000,20150324,75933,2.9,5,0,0,0,0,0
NGN5 FUT NYMEX 10000,20150324,80922,2.906,2,0,0,0,0,0
NGN5 FUT NYMEX 10000,20150324,81127,2.906,1,0,0,0,0,0
NGN5 FUT NYMEX 10000,20150324,81138,2.907,3,0,0,0,0,0
NGN5 FUT NYMEX 10000,20150324,81214,2.907,2,0,0,0,0,0
NGN5 FUT NYMEX 10000,20150324,81327,2.905,1,0,0,0,0,0
NGN5 FUT NYMEX 10000,20150324,81337,2.907,4,0,0,0,0,0
NGN5 FUT NYMEX 10000,20150324,81436,2.907,3,0,0,0,0,0
NGN5 FUT NYMEX 10000,20150324,81952,2.904,1,0,0,0,0,0
NGN5 FUT NYMEX 10000,20150324,82050,2.898,1,0,0,0,0,0
NGN5 FUT NYMEX 10000,20150324,82122,2.896,8,0,0,0,0,0
NGN5 FUT NYMEX 10000,20150324,82711,2.899,1,0,0,0,0,0
NGN5 FUT NYMEX 10000,20150324,82748,2.9,1,0,0,0,0,0
NGN5 FUT NYMEX 10000,20150324,83106,2.9,1,0,0,0,0,0
NGN5 FUT NYMEX 10000,20150324,83113,2.901,1,0,0,0,0,0
NGN5 FUT NYMEX 10000,20150324,83123,2.902,1,0,0,0,0,0
NGN5 FUT NYMEX 10000,20150324,83301,2.895,1,0,0,0,0,0
NGN5 FUT NYMEX 10000,20150324,83347,2.898,2,0,0,0,0,0
NGN5 FUT NYMEX 10000,20150324,83428,2.894,2,0,0,0,0,0
NGN5 FUT NYMEX 10000,20150324,83438,2.895,1,0,0,0,0,0
NGN5 FUT NYMEX 10000,20150324,83450,2.897,1,0,0,0,0,0
NGN5 FUT NYMEX 10000,20150324,83647,2.898,2,0,0,0,0,0
NGN5 FUT NYMEX 10000,20150324,83654,2.898,1,0,0,0,0,0
NGN5 FUT NYMEX 10000,20150324,83804,2.896,1,0,0,0,0,0
NGN5 FUT NYMEX 10000,20150324,83902,2.899,2,0,0,0,0,0
NGN5 FUT NYMEX 10000,20150324,84019,2.9,4,0,0,0,0,0
NGN5 FUT NYMEX 10000,20150324,84146,2.901,8,0,0,0,0,0
NGN5 FUT NYMEX 10000,20150324,84239,2.907,1,0,0,0,0,0
NGN5 FUT NYMEX 10000,20150324,84251,2.907,6,0,0,0,0,0
NGN5 FUT NYMEX 10000,20150324,84313,2.906,1,0,0,0,0,0
NGN5 FUT NYMEX 10000,20150324,84328,2.908,1,0,0,0,0,0
NGN5 FUT NYMEX 10000,20150324,84745,2.903,1,0,0,0,0,0
NGN5 FUT NYMEX 10000,20150324,84948,2.909,8,0,0,0,0,0
NGN5 FUT NYMEX 10000,20150324,85126,2.914,1,0,0,0,0,0
NGN5 FUT NYMEX 10000,20150324,85232,2.913,3,0,0,0,0,0
NGN5 FUT NYMEX 10000,20150324,85308,2.916,1,0,0,0,0,0
NGN5 FUT NYMEX 10000,20150324,85322,2.917,1,0,0,0,0,0
NGN5 FUT NYMEX 10000,20150324,85323,2.917,3,0,0,0,0,0
NGN5 FUT NYMEX 10000,20150324,85410,2.915,1,0,0,0,0,0
NGN5 FUT NYMEX 10000,20150324,85448,2.915,4,0,0,0,0,0
NGN5 FUT NYMEX 10000,20150324,85539,2.914,2,0,0,0,0,0
NGN5 FUT NYMEX 10000,20150324,85603,2.913,10,0,0,0,0,0
NGN5 FUT NYMEX 10000,20150324,85642,2.915,2,0,0,0,0,0
NGN5 FUT NYMEX 10000,20150324,85841,2.917,1,0,0,0,0,0
NGN5 FUT NYMEX 10000,20150324,85932,2.92,1,0,0,0,0,0
NGN5 FUT NYMEX 10000,20150324,85940,2.922,1,0,0,0,0,0
NGN5 FUT NYMEX 10000,20150324,90030,2.916,4,0,0,0,0,0
NGN5 FUT NYMEX 10000,20150324,90057,2.917,1,0,0,0,0,0
NGN5 FUT NYMEX 10000,20150324,90154,2.914,1,0,0,0,0,0
NGN5 FUT NYMEX 10000,20150324,90254,2.919,1,0,0,0,0,0
NGN5 FUT NYMEX 10000,20150324,90331,2.918,2,0,0,0,0,0
NGN5 FUT NYMEX 10000,20150324,90347,2.92,2,0,0,0,0,0
NGN5 FUT NYMEX 10000,20150324,90356,2.919,1,0,0,0,0,0
NGN5 FUT NYMEX 10000,20150324,90527,2.918,1,0,0,0,0,0
NGN5 FUT NYMEX 10000,20150324,90540,2.916,1,0,0,0,0,0
NGN5 FUT NYMEX 10000,20150324,90623,2.916,2,0,0,0,0,0
NGN5 FUT NYMEX 10000,20150324,90806,2.921,3,0,0,0,0,0
NGN5 FUT NYMEX 10000,20150324,90833,2.92,1,0,0,0,0,0
NGN5 FUT NYMEX 10000,20150324,91013,2.919,1,0,0,0,0,0
NGN5 FUT NYMEX 10000,20150324,91100,2.918,1,0,0,0,0,0
NGN5 FUT NYMEX 10000,20150324,91127,2.917,1,0,0,0,0,0
NGN5 FUT NYMEX 10000,20150324,91141,2.919,1,0,0,0,0,0
NGN5 FUT NYMEX 10000,20150324,91221,2.918,1,0,0,0,0,0
NGN5 FUT NYMEX 10000,20150324,91249,2.919,1,0,0,0,0,0
NGN5 FUT NYMEX 10000,20150324,91313,2.921,1,0,0,0,0,0
NGN5 FUT NYMEX 10000,20150324,91332,2.92,1,0,0,0,0,0
NGN5 FUT NYMEX 10000,20150324,91419,2.922,2,0,0,0,0,0
NGN5 FUT NYMEX 10000,20150324,91431,2.923,1,0,0,0,0,0
NGN5 FUT NYMEX 10000,20150324,91443,2.921,1,0,0,0,0,0
NGN5 FUT NYMEX 10000,20150324,91523,2.919,2,0,0,0,0,0
NGN5 FUT NYMEX 10000,20150324,91524,2.919,4,0,0,0,0,0
NGN5 FUT NYMEX 10000,20150324,91613,2.917,3,0,0,0,0,0
NGN5 FUT NYMEX 10000,20150324,91643,2.92,20,0,0,0,0,0
NGN5 FUT NYMEX 10000,20150324,91647,2.92,27,0,0,0,0,0
NGN5 FUT NYMEX 10000,20150324,91656,2.92,15,0,0,0,0,0
NGN5 FUT NYMEX 10000,20150324,91723,2.92,2,0,0,0,0,0
NGN5 FUT NYMEX 10000,20150324,91757,2.926,7,0,0,0,0,0
NGN5 FUT NYMEX 10000,20150324,91813,2.923,8,0,0,0,0,0
NGN5 FUT NYMEX 10000,20150324,91945,2.922,2,0,0,0,0,0
NGN5 FUT NYMEX 10000,20150324,92006,2.925,1,0,0,0,0,0
NGN5 FUT NYMEX 10000,20150324,92015,2.923,6,0,0,0,0,0
NGN5 FUT NYMEX 10000,20150324,92103,2.919,1,0,0,0,0,0
NGN5 FUT NYMEX 10000,20150324,92124,2.915,1,0,0,0,0,0
NGN5 FUT NYMEX 10000,20150324,92135,2.914,1,0,0,0,0,0
NGN5 FUT NYMEX 10000,20150324,92346,2.921,5,0,0,0,0,0
NGN5 FUT NYMEX 10000,20150324,92503,2.917,2,0,0,0,0,0
NGN5 FUT NYMEX 10000,20150324,92833,2.912,1,0,0,0,0,0
NGN5 FUT NYMEX 10000,20150324,92835,2.911,10,0,0,0,0,0
NGN5 FUT NYMEX 10000,20150324,93024,2.919,3,0,0,0,0,0
NGN5 FUT NYMEX 10000,20150324,93153,2.917,1,0,0,0,0,0
NGN5 FUT NYMEX 10000,20150324,93207,2.918,1,0,0,0,0,0
NGN5 FUT NYMEX 10000,20150324,93223,2.913,1,0,0,0,0,0
NGN5 FUT NYMEX 10000,20150324,93321,2.915,3,0,0,0,0,0
NGN5 FUT NYMEX 10000,20150324,93414,2.91,6,0,0,0,0,0
NGN5 FUT NYMEX 10000,20150324,93418,2.909,1,0,0,0,0,0
NGN5 FUT NYMEX 10000,20150324,93434,2.911,1,0,0,0,0,0
NGN5 FUT NYMEX 10000,20150324,93453,2.912,1,0,0,0,0,0
NGN5 FUT NYMEX 10000,20150324,93604,2.895,1,0,0,0,0,0
NGN5 FUT NYMEX 10000,20150324,93613,2.888,3,0,0,0,0,0
NGN5 FUT NYMEX 10000,20150324,93642,2.896,8,0,0,0,0,0
NGN5 FUT NYMEX 10000,20150324,93654,2.897,1,0,0,0,0,0
NGN5 FUT NYMEX 10000,20150324,93712,2.898,1,0,0,0,0,0
NGN5 FUT NYMEX 10000,20150324,93840,2.902,1,0,0,0,0,0
NGN5 FUT NYMEX 10000,20150324,93927,2.892,8,0,0,0,0,0
NGN5 FUT NYMEX 10000,20150324,93942,2.892,1,0,0,0,0,0
NGN5 FUT NYMEX 10000,20150324,93947,2.892,2,0,0,0,0,0
NGN5 FUT NYMEX 10000,20150324,94004,2.895,1,0,0,0,0,0
NGN5 FUT NYMEX 10000,20150324,94033,2.894,1,0,0,0,0,0
NGN5 FUT NYMEX 10000,20150324,94127,2.898,1,0,0,0,0,0
NGN5 FUT NYMEX 10000,20150324,94253,2.892,2,0,0,0,0,0
NGN5 FUT NYMEX 10000,20150324,94303,2.889,1,0,0,0,0,0
NGN5 FUT NYMEX 10000,20150324,94314,2.889,2,0,0,0,0,0
NGN5 FUT NYMEX 10000,20150324,94343,2.89,1,0,0,0,0,0
NGN5 FUT NYMEX 10000,20150324,94354,2.892,2,0,0,0,0,0
NGN5 FUT NYMEX 10000,20150324,94507,2.893,1,0,0,0,0,0
NGN5 FUT NYMEX 10000,20150324,94544,2.896,1,0,0,0,0,0
NGN5 FUT NYMEX 10000,20150324,94652,2.892,1,0,0,0,0,0
NGN5 FUT NYMEX 10000,20150324,94710,2.895,1,0,0,0,0,0
NGN5 FUT NYMEX 10000,20150324,94718,2.895,6,0,0,0,0,0
NGN5 FUT NYMEX 10000,20150324,94811,2.896,2,0,0,0,0,0
NGN5 FUT NYMEX 10000,20150324,94938,2.898,1,0,0,0,0,0
NGN5 FUT NYMEX 10000,20150324,95010,2.897,2,0,0,0,0,0
NGN5 FUT NYMEX 10000,20150324,95042,2.898,1,0,0,0,0,0
NGN5 FUT NYMEX 10000,20150324,95219,2.9,1,0,0,0,0,0
NGN5 FUT NYMEX 10000,20150324,95409,2.902,1,0,0,0,0,0
NGN5 FUT NYMEX 10000,20150324,95441,2.903,1,0,0,0,0,0
NGN5 FUT NYMEX 10000,20150324,95946,2.901,1,0,0,0,0,0
NGN5 FUT NYMEX 10000,20150324,100003,2.907,1,0,0,0,0,0
NGN5 FUT NYMEX 10000,20150324,100010,2.908,4,0,0,0,0,0
NGN5 FUT NYMEX 10000,20150324,100018,2.907,3,0,0,0,0,0
NGN5 FUT NYMEX 10000,20150324,100045,2.907,1,0,0,0,0,0
NGN5 FUT NYMEX 10000,20150324,100103,2.906,1,0,0,0,0,0
NGN5 FUT NYMEX 10000,20150324,100233,2.905,1,0,0,0,0,0
NGN5 FUT NYMEX 10000,20150324,100342,2.906,1,0,0,0,0,0
NGN5 FUT NYMEX 10000,20150324,100352,2.905,1,0,0,0,0,0
NGN5 FUT NYMEX 10000,20150324,101219,2.913,1,0,0,0,0,0
NGN5 FUT NYMEX 10000,20150324,101341,2.912,1,0,0,0,0,0
NGN5 FUT NYMEX 10000,20150324,101412,2.913,1,0,0,0,0,0
NGN5 FUT NYMEX 10000,20150324,101544,2.912,1,0,0,0,0,0
NGN5 FUT NYMEX 10000,20150324,101713,2.91,2,0,0,0,0,0
NGN5 FUT NYMEX 10000,20150324,101734,2.91,1,0,0,0,0,0
NGN5 FUT NYMEX 10000,20150324,102058,2.908,1,0,0,0,0,0
NGN5 FUT NYMEX 10000,20150324,102343,2.906,1,0,0,0,0,0
NGN5 FUT NYMEX 10000,20150324,102431,2.905,1,0,0,0,0,0
NGN5 FUT NYMEX 10000,20150324,102544,2.908,3,0,0,0,0,0
NGN5 FUT NYMEX 10000,20150324,102659,2.905,1,0,0,0,0,0
NGN5 FUT NYMEX 10000,20150324,102708,2.906,3,0,0,0,0,0
NGN5 FUT NYMEX 10000,20150324,102815,2.905,1,0,0,0,0,0
NGN5 FUT NYMEX 10000,20150324,102906,2.905,1,0,0,0,0,0
NGN5 FUT NYMEX 10000,20150324,102924,2.906,1,0,0,0,0,0
NGN5 FUT NYMEX 10000,20150324,102936,2.905,8,0,0,0,0,0
NGN5 FUT NYMEX 10000,20150324,102946,2.905,1,0,0,0,0,0
NGN5 FUT NYMEX 10000,20150324,103013,2.902,1,0,0,0,0,0
NGN5 FUT NYMEX 10000,20150324,103146,2.901,1,0,0,0,0,0
NGN5 FUT NYMEX 10000,20150324,103246,2.902,5,0,0,0,0,0
NGN5 FUT NYMEX 10000,20150324,103526,2.905,1,0,0,0,0,0
NGN5 FUT NYMEX 10000,20150324,103542,2.907,2,0,0,0,0,0
NGN5 FUT NYMEX 10000,20150324,103640,2.91,4,0,0,0,0,0
NGN5 FUT NYMEX 10000,20150324,103657,2.912,8,0,0,0,0,0
NGN5 FUT NYMEX 10000,20150324,103804,2.914,1,0,0,0,0,0
NGN5 FUT NYMEX 10000,20150324,103947,2.913,1,0,0,0,0,0
NGN5 FUT NYMEX 10000,20150324,103955,2.914,1,0,0,0,0,0
NGN5 FUT NYMEX 10000,20150324,104009,2.915,1,0,0,0,0,0
NGN5 FUT NYMEX 10000,20150324,104036,2.916,8,0,0,0,0,0
NGN5 FUT NYMEX 10000,20150324,104132,2.914,3,0,0,0,0,0
NGN5 FUT NYMEX 10000,20150324,104201,2.915,2,0,0,0,0,0
NGN5 FUT NYMEX 10000,20150324,104355,2.916,1,0,0,0,0,0
NGN5 FUT NYMEX 10000,20150324,104542,2.915,1,0,0,0,0,0
NGN5 FUT NYMEX 10000,20150324,104554,2.914,12,0,0,0,0,0
NGN5 FUT NYMEX 10000,20150324,104703,2.917,1,0,0,0,0,0
NGN5 FUT NYMEX 10000,20150324,104710,2.917,2,0,0,0,0,0
NGN5 FUT NYMEX 10000,20150324,104751,2.915,1,0,0,0,0,0
NGN5 FUT NYMEX 10000,20150324,104823,2.913,12,0,0,0,0,0
NGN5 FUT NYMEX 10000,20150324,104847,2.915,1,0,0,0,0,0
NGN5 FUT NYMEX 10000,20150324,104908,2.916,1,0,0,0,0,0
NGN5 FUT NYMEX 10000,20150324,104937,2.918,1,0,0,0,0,0
NGN5 FUT NYMEX 10000,20150324,104948,2.917,1,0,0,0,0,0
NGN5 FUT NYMEX 10000,20150324,105016,2.916,1,0,0,0,0,0
NGN5 FUT NYMEX 10000,20150324,105036,2.915,3,0,0,0,0,0
NGN5 FUT NYMEX 10000,20150324,105145,2.913,1,0,0,0,0,0
NGN5 FUT NYMEX 10000,20150324,105155,2.91,10,0,0,0,0,0
NGN5 FUT NYMEX 10000,20150324,105158,2.91,2,0,0,0,0,0
NGN5 FUT NYMEX 10000,20150324,105342,2.91,4,0,0,0,0,0
NGN5 FUT NYMEX 10000,20150324,105356,2.909,1,0,0,0,0,0
NGN5 FUT NYMEX 10000,20150324,105400,2.908,2,0,0,0,0,0
NGN5 FUT NYMEX 10000,20150324,105517,2.913,1,0,0,0,0,0
NGN5 FUT NYMEX 10000,20150324,105738,2.915,2,0,0,0,0,0
NGN5 FUT NYMEX 10000,20150324,105812,2.917,1,0,0,0,0,0
NGN5 FUT NYMEX 10000,20150324,105834,2.918,1,0,0,0,0,0
NGN5 FUT NYMEX 10000,20150324,110048,2.917,1,0,0,0,0,0
NGN5 FUT NYMEX 10000,20150324,110051,2.915,1,0,0,0,0,0
NGN5 FUT NYMEX 10000,20150324,110227,2.916,1,0,0,0,0,0
NGN5 FUT NYMEX 10000,20150324,110359,2.92,4,0,0,0,0,0
NGN5 FUT NYMEX 10000,20150324,110415,2.92,1,0,0,0,0,0
NGN5 FUT NYMEX 10000,20150324,110427,2.92,1,0,0,0,0,0
NGN5 FUT NYMEX 10000,20150324,110557,2.922,1,0,0,0,0,0
NGN5 FUT NYMEX 10000,20150324,110655,2.926,1,0,0,0,0,0
NGN5 FUT NYMEX 10000,20150324,110718,2.927,1,0,0,0,0,0
NGN5 FUT NYMEX 10000,20150324,110738,2.929,1,0,0,0,0,0
NGN5 FUT NYMEX 10000,20150324,110743,2.93,13,0,0,0,0,0
NGN5 FUT NYMEX 10000,20150324,110750,2.93,4,0,0,0,0,0
NGN5 FUT NYMEX 10000,20150324,110813,2.927,1,0,0,0,0,0
NGN5 FUT NYMEX 10000,20150324,110843,2.929,1,0,0,0,0,0
NGN5 FUT NYMEX 10000,20150324,110911,2.928,1,0,0,0,0,0
NGN5 FUT NYMEX 10000,20150324,110925,2.929,1,0,0,0,0,0
NGN5 FUT NYMEX 10000,20150324,110943,2.928,1,0,0,0,0,0
NGN5 FUT NYMEX 10000,20150324,111008,2.925,1,0,0,0,0,0
NGN5 FUT NYMEX 10000,20150324,111011,2.925,2,0,0,0,0,0
NGN5 FUT NYMEX 10000,20150324,111044,2.923,1,0,0,0,0,0
NGN5 FUT NYMEX 10000,20150324,111059,2.922,1,0,0,0,0,0
NGN5 FUT NYMEX 10000,20150324,111118,2.919,1,0,0,0,0,0
NGN5 FUT NYMEX 10000,20150324,111603,2.916,1,0,0,0,0,0
NGN5 FUT NYMEX 10000,20150324,111622,2.919,1,0,0,0,0,0
NGN5 FUT NYMEX 10000,20150324,111726,2.925,1,0,0,0,0,0
NGN5 FUT NYMEX 10000,20150324,111737,2.923,1,0,0,0,0,0
NGN5 FUT NYMEX 10000,20150324,111742,2.923,3,0,0,0,0,0
NGN5 FUT NYMEX 10000,20150324,111855,2.921,1,0,0,0,0,0
NGN5 FUT NYMEX 10000,20150324,111901,2.92,1,0,0,0,0,0
NGN5 FUT NYMEX 10000,20150324,111934,2.917,1,0,0,0,0,0
NGN5 FUT NYMEX 10000,20150324,112021,2.917,2,0,0,0,0,0
NGN5 FUT NYMEX 10000,20150324,112050,2.918,1,0,0,0,0,0
NGN5 FUT NYMEX 10000,20150324,112121,2.92,1,0,0,0,0,0
NGN5 FUT NYMEX 10000,20150324,112136,2.921,1,0,0,0,0,0
NGN5 FUT NYMEX 10000,20150324,112226,2.923,6,0,0,0,0,0
NGN5 FUT NYMEX 10000,20150324,112259,2.922,1,0,0,0,0,0
NGN5 FUT NYMEX 10000,20150324,112301,2.92,1,0,0,0,0,0
NGN5 FUT NYMEX 10000,20150324,112432,2.922,1,0,0,0,0,0
NGN5 FUT NYMEX 10000,20150324,112606,2.93,1,0,0,0,0,0
NGN5 FUT NYMEX 10000,20150324,113047,2.927,1,0,0,0,0,0
NGN5 FUT NYMEX 10000,20150324,113115,2.924,4,0,0,0,0,0
NGN5 FUT NYMEX 10000,20150324,113320,2.916,1,0,0,0,0,0
NGN5 FUT NYMEX 10000,20150324,113518,2.917,1,0,0,0,0,0
NGN5 FUT NYMEX 10000,20150324,113529,2.917,2,0,0,0,0,0
NGN5 FUT NYMEX 10000,20150324,113808,2.916,1,0,0,0,0,0
NGN5 FUT NYMEX 10000,20150324,113812,2.912,15,0,0,0,0,0
NGN5 FUT NYMEX 10000,20150324,113849,2.912,4,0,0,0,0,0
NGN5 FUT NYMEX 10000,20150324,113924,2.915,1,0,0,0,0,0
NGN5 FUT NYMEX 10000,20150324,114027,2.916,1,0,0,0,0,0
NGN5 FUT NYMEX 10000,20150324,114440,2.923,5,0,0,0,0,0
NGN5 FUT NYMEX 10000,20150324,114443,2.925,1,0,0,0,0,0
NGN5 FUT NYMEX 10000,20150324,114530,2.923,1,0,0,0,0,0
NGN5 FUT NYMEX 10000,20150324,114620,2.92,3,0,0,0,0,0
NGN5 FUT NYMEX 10000,20150324,114623,2.92,1,0,0,0,0,0
NGN5 FUT NYMEX 10000,20150324,114749,2.926,3,0,0,0,0,0
NGN5 FUT NYMEX 10000,20150324,114844,2.924,2,0,0,0,0,0
NGN5 FUT NYMEX 10000,20150324,114917,2.924,7,0,0,0,0,0
NGN5 FUT NYMEX 10000,20150324,114925,2.924,25,0,0,0,0,0
NGN5 FUT NYMEX 10000,20150324,114935,2.926,2,0,0,0,0,0
NGN5 FUT NYMEX 10000,20150324,115000,2.929,1,0,0,0,0,0
NGN5 FUT NYMEX 10000,20150324,115049,2.933,8,0,0,0,0,0
NGN5 FUT NYMEX 10000,20150324,115054,2.933,7,0,0,0,0,0
NGN5 FUT NYMEX 10000,20150324,115122,2.929,1,0,0,0,0,0
NGN5 FUT NYMEX 10000,20150324,115150,2.927,5,0,0,0,0,0
NGN5 FUT NYMEX 10000,20150324,115329,2.927,4,0,0,0,0,0
NGN5 FUT NYMEX 10000,20150324,115416,2.923,1,0,0,0,0,0
NGN5 FUT NYMEX 10000,20150324,115711,2.927,2,0,0,0,0,0
NGN5 FUT NYMEX 10000,20150324,115722,2.928,1,0,0,0,0,0
NGN5 FUT NYMEX 10000,20150324,115733,2.927,1,0,0,0,0,0
NGN5 FUT NYMEX 10000,20150324,115804,2.924,1,0,0,0,0,0
NGN5 FUT NYMEX 10000,20150324,115820,2.921,1,0,0,0,0,0
NGN5 FUT NYMEX 10000,20150324,115855,2.92,1,0,0,0,0,0
NGN5 FUT NYMEX 10000,20150324,115908,2.921,3,0,0,0,0,0
NGN5 FUT NYMEX 10000,20150324,115938,2.921,1,0,0,0,0,0
NGN5 FUT NYMEX 10000,20150324,120241,2.924,1,0,0,0,0,0
NGN5 FUT NYMEX 10000,20150324,120308,2.923,1,0,0,0,0,0
NGN5 FUT NYMEX 10000,20150324,120533,2.924,1,0,0,0,0,0
NGN5 FUT NYMEX 10000,20150324,120607,2.924,3,0,0,0,0,0
NGN5 FUT NYMEX 10000,20150324,120630,2.925,1,0,0,0,0,0
NGN5 FUT NYMEX 10000,20150324,120654,2.927,1,0,0,0,0,0
NGN5 FUT NYMEX 10000,20150324,121007,2.923,1,0,0,0,0,0
NGN5 FUT NYMEX 10000,20150324,121024,2.919,1,0,0,0,0,0
NGN5 FUT NYMEX 10000,20150324,121200,2.922,1,0,0,0,0,0
NGN5 FUT NYMEX 10000,20150324,121809,2.923,1,0,0,0,0,0
NGN5 FUT NYMEX 10000,20150324,121838,2.924,3,0,0,0,0,0
NGN5 FUT NYMEX 10000,20150324,122007,2.921,38,0,0,0,0,0
NGN5 FUT NYMEX 10000,20150324,122137,2.921,1,0,0,0,0,0
NGN5 FUT NYMEX 10000,20150324,122249,2.918,1,0,0,0,0,0
NGN5 FUT NYMEX 10000,20150324,122302,2.916,1,0,0,0,0,0
NGN5 FUT NYMEX 10000,20150324,122305,2.916,3,0,0,0,0,0
NGN5 FUT NYMEX 10000,20150324,122531,2.914,2,0,0,0,0,0
NGN5 FUT NYMEX 10000,20150324,122551,2.913,3,0,0,0,0,0
NGN5 FUT NYMEX 10000,20150324,122611,2.91,31,0,0,0,0,0
NGN5 FUT NYMEX 10000,20150324,122632,2.909,2,0,0,0,0,0
NGN5 FUT NYMEX 10000,20150324,122643,2.909,2,0,0,0,0,0
NGN5 FUT NYMEX 10000,20150324,122652,2.911,1,0,0,0,0,0
NGN5 FUT NYMEX 10000,20150324,122655,2.911,2,0,0,0,0,0
NGN5 FUT NYMEX 10000,20150324,122743,2.911,2,0,0,0,0,0
NGN5 FUT NYMEX 10000,20150324,122746,2.911,1,0,0,0,0,0
NGN5 FUT NYMEX 10000,20150324,122801,2.914,7,0,0,0,0,0
NGN5 FUT NYMEX 10000,20150324,122840,2.914,1,0,0,0,0,0
NGN5 FUT NYMEX 10000,20150324,122903,2.915,20,0,0,0,0,0
NGN5 FUT NYMEX 10000,20150324,123018,2.908,1,0,0,0,0,0
NGN5 FUT NYMEX 10000,20150324,123027,2.907,1,0,0,0,0,0
NGN5 FUT NYMEX 10000,20150324,123040,2.905,1,0,0,0,0,0
NGN5 FUT NYMEX 10000,20150324,123051,2.906,2,0,0,0,0,0
NGN5 FUT NYMEX 10000,20150324,123135,2.91,1,0,0,0,0,0
NGN5 FUT NYMEX 10000,20150324,123323,2.911,1,0,0,0,0,0
NGN5 FUT NYMEX 10000,20150324,123335,2.915,1,0,0,0,0,0
NGN5 FUT NYMEX 10000,20150324,123353,2.913,1,0,0,0,0,0
NGN5 FUT NYMEX 10000,20150324,123533,2.911,1,0,0,0,0,0
NGN5 FUT NYMEX 10000,20150324,123617,2.909,1,0,0,0,0,0
NGN5 FUT NYMEX 10000,20150324,123827,2.906,1,0,0,0,0,0
NGN5 FUT NYMEX 10000,20150324,123900,2.907,4,0,0,0,0,0
NGN5 FUT NYMEX 10000,20150324,123922,2.904,1,0,0,0,0,0
NGN5 FUT NYMEX 10000,20150324,123946,2.908,1,0,0,0,0,0
NGN5 FUT NYMEX 10000,20150324,124003,2.907,1,0,0,0,0,0
NGN5 FUT NYMEX 10000,20150324,124212,2.903,2,0,0,0,0,0
NGN5 FUT NYMEX 10000,20150324,124243,2.901,1,0,0,0,0,0
NGN5 FUT NYMEX 10000,20150324,124246,2.902,1,0,0,0,0,0
NGN5 FUT NYMEX 10000,20150324,124517,2.907,1,0,0,0,0,0
NGN5 FUT NYMEX 10000,20150324,124606,2.908,1,0,0,0,0,0
NGN5 FUT NYMEX 10000,20150324,124726,2.909,1,0,0,0,0,0
NGN5 FUT NYMEX 10000,20150324,124930,2.91,2,0,0,0,0,0
NGN5 FUT NYMEX 10000,20150324,125018,2.909,2,0,0,0,0,0
NGN5 FUT NYMEX 10000,20150324,125109,2.91,2,0,0,0,0,0
NGN5 FUT NYMEX 10000,20150324,125116,2.909,1,0,0,0,0,0
NGN5 FUT NYMEX 10000,20150324,125218,2.91,1,0,0,0,0,0
NGN5 FUT NYMEX 10000,20150324,125253,2.909,1,0,0,0,0,0
NGN5 FUT NYMEX 10000,20150324,125410,2.908,1,0,0,0,0,0
NGN5 FUT NYMEX 10000,20150324,125516,2.911,1,0,0,0,0,0
NGN5 FUT NYMEX 10000,20150324,125610,2.913,2,0,0,0,0,0
NGN5 FUT NYMEX 10000,20150324,125645,2.911,1,0,0,0,0,0
NGN5 FUT NYMEX 10000,20150324,125739,2.914,20,0,0,0,0,0
NGN5 FUT NYMEX 10000,20150324,125748,2.914,1,0,0,0,0,0
NGN5 FUT NYMEX 10000,20150324,125807,2.915,20,0,0,0,0,0
NGN5 FUT NYMEX 10000,20150324,125926,2.913,1,0,0,0,0,0
NGN5 FUT NYMEX 10000,20150324,130015,2.911,1,0,0,0,0,0
NGN5 FUT NYMEX 10000,20150324,130232,2.915,1,0,0,0,0,0
NGN5 FUT NYMEX 10000,20150324,130301,2.916,19,0,0,0,0,0
NGN5 FUT NYMEX 10000,20150324,130313,2.915,1,0,0,0,0,0
NGN5 FUT NYMEX 10000,20150324,130401,2.915,2,0,0,0,0,0
NGN5 FUT NYMEX 10000,20150324,130645,2.914,1,0,0,0,0,0
NGN5 FUT NYMEX 10000,20150324,130649,2.912,8,0,0,0,0,0
NGN5 FUT NYMEX 10000,20150324,130710,2.909,1,0,0,0,0,0
NGN5 FUT NYMEX 10000,20150324,130814,2.908,1,0,0,0,0,0
NGN5 FUT NYMEX 10000,20150324,130854,2.908,2,0,0,0,0,0
NGN5 FUT NYMEX 10000,20150324,130921,2.909,1,0,0,0,0,0
NGN5 FUT NYMEX 10000,20150324,130927,2.911,7,0,0,0,0,0
NGN5 FUT NYMEX 10000,20150324,131020,2.911,1,0,0,0,0,0
NGN5 FUT NYMEX 10000,20150324,131119,2.907,1,0,0,0,0,0
NGN5 FUT NYMEX 10000,20150324,131146,2.907,3,0,0,0,0,0
NGN5 FUT NYMEX 10000,20150324,131249,2.91,26,0,0,0,0,0
NGN5 FUT NYMEX 10000,20150324,131309,2.91,2,0,0,0,0,0
NGN5 FUT NYMEX 10000,20150324,131324,2.91,1,0,0,0,0,0
NGN5 FUT NYMEX 10000,20150324,131443,2.909,1,0,0,0,0,0
NGN5 FUT NYMEX 10000,20150324,131517,2.91,1,0,0,0,0,0
NGN5 FUT NYMEX 10000,20150324,131627,2.909,1,0,0,0,0,0
NGN5 FUT NYMEX 10000,20150324,131715,2.91,1,0,0,0,0,0
NGN5 FUT NYMEX 10000,20150324,131810,2.909,1,0,0,0,0,0
NGN5 FUT NYMEX 10000,20150324,131818,2.908,1,0,0,0,0,0
NGN5 FUT NYMEX 10000,20150324,131919,2.909,1,0,0,0,0,0
NGN5 FUT NYMEX 10000,20150324,132427,2.909,4,0,0,0,0,0
NGN5 FUT NYMEX 10000,20150324,132457,2.91,1,0,0,0,0,0
NGN5 FUT NYMEX 10000,20150324,132509,2.911,1,0,0,0,0,0
NGN5 FUT NYMEX 10000,20150324,132534,2.91,1,0,0,0,0,0
NGN5 FUT NYMEX 10000,20150324,132541,2.909,4,0,0,0,0,0
NGN5 FUT NYMEX 10000,20150324,132610,2.911,1,0,0,0,0,0
NGN5 FUT NYMEX 10000,20150324,132741,2.908,1,0,0,0,0,0
NGN5 FUT NYMEX 10000,20150324,132803,2.909,1,0,0,0,0,0
NGN5 FUT NYMEX 10000,20150324,132856,2.909,2,0,0,0,0,0
NGN5 FUT NYMEX 10000,20150324,132922,2.909,1,0,0,0,0,0
NGN5 FUT NYMEX 10000,20150324,133051,2.908,2,0,0,0,0,0
NGN5 FUT NYMEX 10000,20150324,133058,2.907,1,0,0,0,0,0
NGN5 FUT NYMEX 10000,20150324,133325,2.905,2,0,0,0,0,0
NGN5 FUT NYMEX 10000,20150324,133340,2.903,1,0,0,0,0,0
NGN5 FUT NYMEX 10000,20150324,133356,2.903,7,0,0,0,0,0
NGN5 FUT NYMEX 10000,20150324,133426,2.903,1,0,0,0,0,0
NGN5 FUT NYMEX 10000,20150324,133429,2.901,4,0,0,0,0,0
NGN5 FUT NYMEX 10000,20150324,133446,2.903,1,0,0,0,0,0
NGN5 FUT NYMEX 10000,20150324,133456,2.902,1,0,0,0,0,0
NGN5 FUT NYMEX 10000,20150324,133515,2.903,2,0,0,0,0,0
NGN5 FUT NYMEX 10000,20150324,133620,2.904,1,0,0,0,0,0
NGN5 FUT NYMEX 10000,20150324,133638,2.903,1,0,0,0,0,0
NGN5 FUT NYMEX 10000,20150324,133757,2.901,1,0,0,0,0,0
NGN5 FUT NYMEX 10000,20150324,133828,2.902,2,0,0,0,0,0
NGN5 FUT NYMEX 10000,20150324,134041,2.905,2,0,0,0,0,0
NGN5 FUT NYMEX 10000,20150324,134102,2.905,1,0,0,0,0,0
NGN5 FUT NYMEX 10000,20150324,134118,2.906,1,0,0,0,0,0
NGN5 FUT NYMEX 10000,20150324,134303,2.907,10,0,0,0,0,0
NGN5 FUT NYMEX 10000,20150324,134337,2.91,2,0,0,0,0,0
NGN5 FUT NYMEX 10000,20150324,134405,2.909,1,0,0,0,0,0
NGN5 FUT NYMEX 10000,20150324,134622,2.911,1,0,0,0,0,0
NGN5 FUT NYMEX 10000,20150324,134631,2.91,1,0,0,0,0,0
NGN5 FUT NYMEX 10000,20150324,134643,2.909,1,0,0,0,0,0
NGN5 FUT NYMEX 10000,20150324,134737,2.905,1,0,0,0,0,0
NGN5 FUT NYMEX 10000,20150324,134818,2.905,2,0,0,0,0,0
NGN5 FUT NYMEX 10000,20150324,134921,2.906,1,0,0,0,0,0
NGN5 FUT NYMEX 10000,20150324,135009,2.904,1,0,0,0,0,0
NGN5 FUT NYMEX 10000,20150324,135100,2.906,2,0,0,0,0,0
NGN5 FUT NYMEX 10000,20150324,135128,2.907,2,0,0,0,0,0
NGN5 FUT NYMEX 10000,20150324,135147,2.906,1,0,0,0,0,0
NGN5 FUT NYMEX 10000,20150324,135325,2.904,1,0,0,0,0,0
NGN5 FUT NYMEX 10000,20150324,135403,2.905,1,0,0,0,0,0
NGN5 FUT NYMEX 10000,20150324,135413,2.907,2,0,0,0,0,0
NGN5 FUT NYMEX 10000,20150324,135517,2.906,1,0,0,0,0,0
NGN5 FUT NYMEX 10000,20150324,135645,2.905,1,0,0,0,0,0
NGN5 FUT NYMEX 10000,20150324,135722,2.904,1,0,0,0,0,0
NGN5 FUT NYMEX 10000,20150324,135827,2.901,2,0,0,0,0,0
NGN5 FUT NYMEX 10000,20150324,135831,2.903,1,0,0,0,0,0
NGN5 FUT NYMEX 10000,20150324,135957,2.901,1,0,0,0,0,0
NGN5 FUT NYMEX 10000,20150324,140121,2.903,1,0,0,0,0,0
NGN5 FUT NYMEX 10000,20150324,140128,2.904,1,0,0,0,0,0
NGN5 FUT NYMEX 10000,20150324,140302,2.902,2,0,0,0,0,0
NGN5 FUT NYMEX 10000,20150324,140429,2.9,1,0,0,0,0,0
NGN5 FUT NYMEX 10000,20150324,140505,2.896,1,0,0,0,0,0
NGN5 FUT NYMEX 10000,20150324,140536,2.897,1,0,0,0,0,0
NGN5 FUT NYMEX 10000,20150324,140616,2.898,1,0,0,0,0,0
NGN5 FUT NYMEX 10000,20150324,140840,2.896,3,0,0,0,0,0
NGN5 FUT NYMEX 10000,20150324,140945,2.9,1,0,0,0,0,0
NGN5 FUT NYMEX 10000,20150324,141111,2.896,1,0,0,0,0,0
NGN5 FUT NYMEX 10000,20150324,141147,2.897,1,0,0,0,0,0
NGN5 FUT NYMEX 10000,20150324,141224,2.899,1,0,0,0,0,0
NGN5 FUT NYMEX 10000,20150324,141247,2.901,35,0,0,0,0,0
NGN5 FUT NYMEX 10000,20150324,141307,2.902,1,0,0,0,0,0
NGN5 FUT NYMEX 10000,20150324,141351,2.902,2,0,0,0,0,0
NGN5 FUT NYMEX 10000,20150324,141418,2.901,1,0,0,0,0,0
NGN5 FUT NYMEX 10000,20150324,141505,2.903,1,0,0,0,0,0
NGN5 FUT NYMEX 10000,20150324,141623,2.904,3,0,0,0,0,0
NGN5 FUT NYMEX 10000,20150324,141724,2.905,1,0,0,0,0,0
NGN5 FUT NYMEX 10000,20150324,141757,2.907,1,0,0,0,0,0
NGN5 FUT NYMEX 10000,20150324,141842,2.909,1,0,0,0,0,0
NGN5 FUT NYMEX 10000,20150324,141857,2.908,1,0,0,0,0,0
NGN5 FUT NYMEX 10000,20150324,141901,2.908,5,0,0,0,0,0
NGN5 FUT NYMEX 10000,20150324,141958,2.904,20,0,0,0,0,0
NGN5 FUT NYMEX 10000,20150324,142002,2.905,30,0,0,0,0,0
NGN5 FUT NYMEX 10000,20150324,142036,2.904,1,0,0,0,0,0
NGN5 FUT NYMEX 10000,20150324,142144,2.902,1,0,0,0,0,0
NGN5 FUT NYMEX 10000,20150324,142224,2.906,3,0,0,0,0,0
NGN5 FUT NYMEX 10000,20150324,142234,2.904,1,0,0,0,0,0
NGN5 FUT NYMEX 10000,20150324,142247,2.903,1,0,0,0,0,0
NGN5 FUT NYMEX 10000,20150324,142251,2.901,2,0,0,0,0,0
NGN5 FUT NYMEX 10000,20150324,142302,2.9,1,0,0,0,0,0
NGN5 FUT NYMEX 10000,20150324,142326,2.901,1,0,0,0,0,0
NGN5 FUT NYMEX 10000,20150324,142408,2.902,4,0,0,0,0,0
NGN5 FUT NYMEX 10000,20150324,142418,2.904,3,0,0,0,0,0
NGN5 FUT NYMEX 10000,20150324,142427,2.905,3,0,0,0,0,0
NGN5 FUT NYMEX 10000,20150324,142433,2.901,1,0,0,0,0,0
NGN5 FUT NYMEX 10000,20150324,142446,2.903,1,0,0,0,0,0
NGN5 FUT NYMEX 10000,20150324,142455,2.902,1,0,0,0,0,0
NGN5 FUT NYMEX 10000,20150324,142504,2.904,1,0,0,0,0,0
NGN5 FUT NYMEX 10000,20150324,142518,2.904,3,0,0,0,0,0
NGN5 FUT NYMEX 10000,20150324,142520,2.902,1,0,0,0,0,0
NGN5 FUT NYMEX 10000,20150324,142547,2.901,1,0,0,0,0,0
NGN5 FUT NYMEX 10000,20150324,142550,2.901,2,0,0,0,0,0
NGN5 FUT NYMEX 10000,20150324,142559,2.902,1,0,0,0,0,0
NGN5 FUT NYMEX 10000,20150324,142619,2.901,4,0,0,0,0,0
NGN5 FUT NYMEX 10000,20150324,142621,2.902,4,0,0,0,0,0
NGN5 FUT NYMEX 10000,20150324,142637,2.9,1,0,0,0,0,0
NGN5 FUT NYMEX 10000,20150324,142645,2.899,3,0,0,0,0,0
NGN5 FUT NYMEX 10000,20150324,142659,2.901,1,0,0,0,0,0
NGN5 FUT NYMEX 10000,20150324,142703,2.901,3,0,0,0,0,0
NGN5 FUT NYMEX 10000,20150324,142718,2.903,2,0,0,0,0,0
NGN5 FUT NYMEX 10000,20150324,142726,2.905,2,0,0,0,0,0
NGN5 FUT NYMEX 10000,20150324,142738,2.906,4,0,0,0,0,0
NGN5 FUT NYMEX 10000,20150324,142746,2.909,1,0,0,0,0,0
NGN5 FUT NYMEX 10000,20150324,142754,2.909,1,0,0,0,0,0
NGN5 FUT NYMEX 10000,20150324,142807,2.909,2,0,0,0,0,0
NGN5 FUT NYMEX 10000,20150324,142815,2.91,1,0,0,0,0,0
NGN5 FUT NYMEX 10000,20150324,142826,2.909,1,0,0,0,0,0
NGN5 FUT NYMEX 10000,20150324,142835,2.909,1,0,0,0,0,0
NGN5 FUT NYMEX 10000,20150324,142847,2.91,25,0,0,0,0,0
NGN5 FUT NYMEX 10000,20150324,142856,2.912,4,0,0,0,0,0
NGN5 FUT NYMEX 10000,20150324,142905,2.912,1,0,0,0,0,0
NGN5 FUT NYMEX 10000,20150324,142918,2.911,1,0,0,0,0,0
NGN5 FUT NYMEX 10000,20150324,142922,2.908,1,0,0,0,0,0
NGN5 FUT NYMEX 10000,20150324,142938,2.907,1,0,0,0,0,0
NGN5 FUT NYMEX 10000,20150324,143126,2.908,2,0,0,0,0,0
NGN5 FUT NYMEX 10000,20150324,143211,2.908,1,0,0,0,0,0
NGN5 FUT NYMEX 10000,20150324,143224,2.907,1,0,0,0,0,0
NGN5 FUT NYMEX 10000,20150324,143233,2.904,1,0,0,0,0,0
NGN5 FUT NYMEX 10000,20150324,143254,2.903,1,0,0,0,0,0
NGN5 FUT NYMEX 10000,20150324,143419,2.904,3,0,0,0,0,0
NGN5 FUT NYMEX 10000,20150324,143624,2.903,1,0,0,0,0,0
NGN5 FUT NYMEX 10000,20150324,143703,2.904,1,0,0,0,0,0
NGN5 FUT NYMEX 10000,20150324,144103,2.907,3,0,0,0,0,0
NGN5 FUT NYMEX 10000,20150324,144736,2.899,1,0,0,0,0,0
NGN5 FUT NYMEX 10000,20150324,145113,2.897,1,0,0,0,0,0
NGN5 FUT NYMEX 10000,20150324,145255,2.899,1,0,0,0,0,0
NGN5 FUT NYMEX 10000,20150324,145408,2.899,1,0,0,0,0,0
NGN5 FUT NYMEX 10000,20150324,150218,2.899,3,0,0,0,0,0
NGN5 FUT NYMEX 10000,20150324,150224,2.899,1,0,0,0,0,0
NGN5 FUT NYMEX 10000,20150324,151041,2.903,2,0,0,0,0,0
NGN5 FUT NYMEX 10000,20150324,151206,2.903,4,0,0,0,0,0
NGN5 FUT NYMEX 10000,20150324,151250,2.904,1,0,0,0,0,0
NGN5 FUT NYMEX 10000,20150324,151512,2.9,1,0,0,0,0,0
NGN5 FUT NYMEX 10000,20150324,151536,2.902,3,0,0,0,0,0
NGN5 FUT NYMEX 10000,20150324,152444,2.901,1,0,0,0,0,0
NGN5 FUT NYMEX 10000,20150324,153409,2.906,1,0,0,0,0,0
NGN5 FUT NYMEX 10000,20150324,153446,2.903,4,0,0,0,0,0
NGN5 FUT NYMEX 10000,20150324,153914,2.901,1,0,0,0,0,0
NGN5 FUT NYMEX 10000,20150324,154156,2.901,5,0,0,0,0,0
NGN5 FUT NYMEX 10000,20150324,154333,2.9,5,0,0,0,0,0
NGN5 FUT NYMEX 10000,20150324,155032,2.898,1,0,0,0,0,0
NGN5 FUT NYMEX 10000,20150324,155550,2.9,1,0,0,0,0,0
NGN5 FUT NYMEX 10000,20150324,155742,2.9,15,0,0,0,0,0
NGN5 FUT NYMEX 10000,20150324,155929,2.9,3,0,0,0,0,0
NGN5 FUT NYMEX 10000,20150324,160020,2.899,6,0,0,0,0,0
NGN5 FUT NYMEX 10000,20150324,160049,2.9,2,0,0,0,0,0
NGN5 FUT NYMEX 10000,20150324,160145,2.898,1,0,0,0,0,0
NGN5 FUT NYMEX 10000,20150324,160223,2.898,1,0,0,0,0,0
NGN5 FUT NYMEX 10000,20150324,160240,2.898,2,0,0,0,0,0
NGN5 FUT NYMEX 10000,20150324,160314,2.9,1,0,0,0,0,0
NGN5 FUT NYMEX 10000,20150324,160926,2.901,1,0,0,0,0,0
NGN5 FUT NYMEX 10000,20150324,160958,2.9,1,0,0,0,0,0
NGN5 FUT NYMEX 10000,20150324,161019,2.9,7,0,0,0,0,0
NGN5 FUT NYMEX 10000,20150324,161109,2.901,1,0,0,0,0,0
NGN5 FUT NYMEX 10000,20150324,161253,2.902,5,0,0,0,0,0
NGN5 FUT NYMEX 10000,20150324,162859,2.902,2,0,0,0,0,0
NGN5 FUT NYMEX 10000,20150324,162908,2.902,3,0,0,0,0,0
NGN5 FUT NYMEX 10000,20150324,164831,2.898,1,0,0,0,0,0
NGN5 FUT NYMEX 10000,20150324,164943,2.899,1,0,0,0,0,0
NGN5 FUT NYMEX 10000,20150324,165747,2.9,3,0,0,0,0,0
NGN5 FUT NYMEX 10000,20150324,165910,2.9,1,0,0,0,0,0
NGN5 FUT NYMEX 10000,20150324,170511,2.896,1,0,0,0,0,0
NGN5 FUT NYMEX 10000,20150324,170731,2.896,5,0,0,0,0,0
NGN5 FUT NYMEX 10000,20150324,170816,2.896,4,0,0,0,0,0
NGN5 FUT NYMEX 10000,20150324,170828,2.896,5,0,0,0,0,0
NGN5 FUT NYMEX 10000,20150324,170904,2.895,2,0,0,0,0,0
NGN5 FUT NYMEX 10000,20150324,170908,2.896,3,0,0,0,0,0
