20                  
NQU5 FUT GLOBEX 20,20150324,73938,4439,1,0,0,0,0,0
NQU5 FUT GLOBEX 20,20150324,91649,4429,1,0,0,0,0,0
NQU5 FUT GLOBEX 20,20150324,93409,4434,1,0,0,0,0,0
NQU5 FUT GLOBEX 20,20150324,95026,4436,1,0,0,0,0,0
NQU5 FUT GLOBEX 20,20150324,95612,4435,1,0,0,0,0,0
NQU5 FUT GLOBEX 20,20150324,95934,4439,1,0,0,0,0,0
NQU5 FUT GLOBEX 20,20150324,100436,4443.25,1,0,0,0,0,0
NQU5 FUT GLOBEX 20,20150324,100619,4446.25,1,0,0,0,0,0
NQU5 FUT GLOBEX 20,20150324,100731,4443,1,0,0,0,0,0
NQU5 FUT GLOBEX 20,20150324,100739,4442.75,1,0,0,0,0,0
NQU5 FUT GLOBEX 20,20150324,110639,4450,1,0,0,0,0,0
NQU5 FUT GLOBEX 20,20150324,111917,4453,1,0,0,0,0,0
NQU5 FUT GLOBEX 20,20150324,122349,4449,1,0,0,0,0,0
NQU5 FUT GLOBEX 20,20150324,122930,4445,1,0,0,0,0,0
NQU5 FUT GLOBEX 20,20150324,123555,4437.5,2,0,0,0,0,0
NQU5 FUT GLOBEX 20,20150324,132511,4436,1,0,0,0,0,0
NQU5 FUT GLOBEX 20,20150324,134454,4433,1,0,0,0,0,0
NQU5 FUT GLOBEX 20,20150324,141944,4421.25,1,0,0,0,0,0
NQU5 FUT GLOBEX 20,20150324,155244,4420,1,0,0,0,0,0
NQU5 FUT GLOBEX 20,20150324,155527,4419.5,1,0,0,0,0,0
