1487                
SLB STK SMART,20150324,83939,81.95,1,0,0,0,0,0
SLB STK SMART,20150324,90927,82.15,1,0,0,0,0,0
SLB STK SMART,20150324,91510,82,2,0,0,0,0,0
SLB STK SMART,20150324,91524,82.05,4,0,0,0,0,0
SLB STK SMART,20150324,92109,82.05,5,0,0,0,0,0
SLB STK SMART,20150324,92145,82.05,4,0,0,0,0,0
SLB STK SMART,20150324,92847,81.87,1,0,0,0,0,0
SLB STK SMART,20150324,92935,81.88,1,0,0,0,0,0
SLB STK SMART,20150324,92951,81.96,4,0,0,0,0,0
SLB STK SMART,20150324,93000,82,2,0,0,0,0,0
SLB STK SMART,20150324,93005,81.98,1,0,0,0,0,0
SLB STK SMART,20150324,93014,82,1,0,0,0,0,0
SLB STK SMART,20150324,93042,82.06,1,0,0,0,0,0
SLB STK SMART,20150324,93050,82.05,1,0,0,0,0,0
SLB STK SMART,20150324,93101,82.04,3,0,0,0,0,0
SLB STK SMART,20150324,93102,82.04,1,0,0,0,0,0
SLB STK SMART,20150324,93120,82.13,1,0,0,0,0,0
SLB STK SMART,20150324,93142,82.03,1,0,0,0,0,0
SLB STK SMART,20150324,93148,81.97,1,0,0,0,0,0
SLB STK SMART,20150324,93200,81.93,1,0,0,0,0,0
SLB STK SMART,20150324,93222,81.99,1,0,0,0,0,0
SLB STK SMART,20150324,93228,81.92,1,0,0,0,0,0
SLB STK SMART,20150324,93237,81.93,2,0,0,0,0,0
SLB STK SMART,20150324,93251,81.92,1,0,0,0,0,0
SLB STK SMART,20150324,93310,81.88,1,0,0,0,0,0
SLB STK SMART,20150324,93320,81.8,1,0,0,0,0,0
SLB STK SMART,20150324,93329,81.78,1,0,0,0,0,0
SLB STK SMART,20150324,93342,81.89,6,0,0,0,0,0
SLB STK SMART,20150324,93349,81.97,2,0,0,0,0,0
SLB STK SMART,20150324,93359,81.95,1,0,0,0,0,0
SLB STK SMART,20150324,93409,81.86,1,0,0,0,0,0
SLB STK SMART,20150324,93420,81.95,1,0,0,0,0,0
SLB STK SMART,20150324,93430,81.97,1,0,0,0,0,0
SLB STK SMART,20150324,93439,82.02,2,0,0,0,0,0
SLB STK SMART,20150324,93451,82.02,1,0,0,0,0,0
SLB STK SMART,20150324,93501,82.04,2,0,0,0,0,0
SLB STK SMART,20150324,93510,82.12,1,0,0,0,0,0
SLB STK SMART,20150324,93522,82.03,1,0,0,0,0,0
SLB STK SMART,20150324,93526,82.06,1,0,0,0,0,0
SLB STK SMART,20150324,93539,81.97,1,0,0,0,0,0
SLB STK SMART,20150324,93543,82.08,1,0,0,0,0,0
SLB STK SMART,20150324,93612,81.96,1,0,0,0,0,0
SLB STK SMART,20150324,93621,81.89,1,0,0,0,0,0
SLB STK SMART,20150324,93642,81.9,1,0,0,0,0,0
SLB STK SMART,20150324,93702,81.89,1,0,0,0,0,0
SLB STK SMART,20150324,93721,82.01,2,0,0,0,0,0
SLB STK SMART,20150324,93739,82.03,1,0,0,0,0,0
SLB STK SMART,20150324,93754,81.99,1,0,0,0,0,0
SLB STK SMART,20150324,93807,81.93,1,0,0,0,0,0
SLB STK SMART,20150324,93818,81.86,1,0,0,0,0,0
SLB STK SMART,20150324,93852,81.91,2,0,0,0,0,0
SLB STK SMART,20150324,93904,81.86,1,0,0,0,0,0
SLB STK SMART,20150324,93918,81.87,1,0,0,0,0,0
SLB STK SMART,20150324,93927,81.85,1,0,0,0,0,0
SLB STK SMART,20150324,93938,81.83,1,0,0,0,0,0
SLB STK SMART,20150324,93945,81.84,1,0,0,0,0,0
SLB STK SMART,20150324,93959,81.85,2,0,0,0,0,0
SLB STK SMART,20150324,94012,81.92,1,0,0,0,0,0
SLB STK SMART,20150324,94019,81.93,1,0,0,0,0,0
SLB STK SMART,20150324,94023,81.94,1,0,0,0,0,0
SLB STK SMART,20150324,94051,81.98,1,0,0,0,0,0
SLB STK SMART,20150324,94053,82,1,0,0,0,0,0
SLB STK SMART,20150324,94104,82.01,2,0,0,0,0,0
SLB STK SMART,20150324,94121,81.99,1,0,0,0,0,0
SLB STK SMART,20150324,94126,81.99,1,0,0,0,0,0
SLB STK SMART,20150324,94141,81.97,1,0,0,0,0,0
SLB STK SMART,20150324,94151,81.92,1,0,0,0,0,0
SLB STK SMART,20150324,94202,81.95,1,0,0,0,0,0
SLB STK SMART,20150324,94203,81.95,2,0,0,0,0,0
SLB STK SMART,20150324,94216,81.98,1,0,0,0,0,0
SLB STK SMART,20150324,94240,82.07,1,0,0,0,0,0
SLB STK SMART,20150324,94243,82.09,1,0,0,0,0,0
SLB STK SMART,20150324,94304,82.11,1,0,0,0,0,0
SLB STK SMART,20150324,94320,82.11,1,0,0,0,0,0
SLB STK SMART,20150324,94325,82.12,1,0,0,0,0,0
SLB STK SMART,20150324,94342,82.11,1,0,0,0,0,0
SLB STK SMART,20150324,94347,82.1,1,0,0,0,0,0
SLB STK SMART,20150324,94401,82.08,1,0,0,0,0,0
SLB STK SMART,20150324,94412,82.07,1,0,0,0,0,0
SLB STK SMART,20150324,94431,82.06,1,0,0,0,0,0
SLB STK SMART,20150324,94436,82.05,1,0,0,0,0,0
SLB STK SMART,20150324,94448,82.05,1,0,0,0,0,0
SLB STK SMART,20150324,94501,82.06,1,0,0,0,0,0
SLB STK SMART,20150324,94510,82.04,1,0,0,0,0,0
SLB STK SMART,20150324,94517,82.05,4,0,0,0,0,0
SLB STK SMART,20150324,94532,82.04,1,0,0,0,0,0
SLB STK SMART,20150324,94541,82.11,1,0,0,0,0,0
SLB STK SMART,20150324,94548,82.06,1,0,0,0,0,0
SLB STK SMART,20150324,94600,82.08,2,0,0,0,0,0
SLB STK SMART,20150324,94610,82.07,1,0,0,0,0,0
SLB STK SMART,20150324,94631,82.05,1,0,0,0,0,0
SLB STK SMART,20150324,94640,82,1,0,0,0,0,0
SLB STK SMART,20150324,94648,82,1,0,0,0,0,0
SLB STK SMART,20150324,94659,82.05,1,0,0,0,0,0
SLB STK SMART,20150324,94707,82.05,1,0,0,0,0,0
SLB STK SMART,20150324,94722,82.03,1,0,0,0,0,0
SLB STK SMART,20150324,94732,81.95,1,0,0,0,0,0
SLB STK SMART,20150324,94737,81.93,3,0,0,0,0,0
SLB STK SMART,20150324,94749,81.97,1,0,0,0,0,0
SLB STK SMART,20150324,94754,82,1,0,0,0,0,0
SLB STK SMART,20150324,94812,82,1,0,0,0,0,0
SLB STK SMART,20150324,94818,81.99,1,0,0,0,0,0
SLB STK SMART,20150324,94848,82.02,1,0,0,0,0,0
SLB STK SMART,20150324,94905,82.03,1,0,0,0,0,0
SLB STK SMART,20150324,94922,82.01,6,0,0,0,0,0
SLB STK SMART,20150324,94933,82.02,1,0,0,0,0,0
SLB STK SMART,20150324,94943,82.05,1,0,0,0,0,0
SLB STK SMART,20150324,94953,82.02,1,0,0,0,0,0
SLB STK SMART,20150324,94959,82.05,1,0,0,0,0,0
SLB STK SMART,20150324,95012,82.01,1,0,0,0,0,0
SLB STK SMART,20150324,95018,82.04,1,0,0,0,0,0
SLB STK SMART,20150324,95032,82,1,0,0,0,0,0
SLB STK SMART,20150324,95040,82.02,1,0,0,0,0,0
SLB STK SMART,20150324,95047,82.04,1,0,0,0,0,0
SLB STK SMART,20150324,95101,82,1,0,0,0,0,0
SLB STK SMART,20150324,95112,81.98,1,0,0,0,0,0
SLB STK SMART,20150324,95118,82.02,1,0,0,0,0,0
SLB STK SMART,20150324,95132,81.99,1,0,0,0,0,0
SLB STK SMART,20150324,95137,81.96,1,0,0,0,0,0
SLB STK SMART,20150324,95151,82,1,0,0,0,0,0
SLB STK SMART,20150324,95155,81.98,1,0,0,0,0,0
SLB STK SMART,20150324,95207,81.97,1,0,0,0,0,0
SLB STK SMART,20150324,95223,82,1,0,0,0,0,0
SLB STK SMART,20150324,95231,82.03,1,0,0,0,0,0
SLB STK SMART,20150324,95234,82.04,1,0,0,0,0,0
SLB STK SMART,20150324,95250,82.05,1,0,0,0,0,0
SLB STK SMART,20150324,95301,81.96,1,0,0,0,0,0
SLB STK SMART,20150324,95312,82,1,0,0,0,0,0
SLB STK SMART,20150324,95322,82.01,1,0,0,0,0,0
SLB STK SMART,20150324,95328,81.97,1,0,0,0,0,0
SLB STK SMART,20150324,95338,81.98,1,0,0,0,0,0
SLB STK SMART,20150324,95352,82,1,0,0,0,0,0
SLB STK SMART,20150324,95355,82.01,1,0,0,0,0,0
SLB STK SMART,20150324,95420,82.07,1,0,0,0,0,0
SLB STK SMART,20150324,95431,82.05,1,0,0,0,0,0
SLB STK SMART,20150324,95439,82.06,1,0,0,0,0,0
SLB STK SMART,20150324,95450,82.08,1,0,0,0,0,0
SLB STK SMART,20150324,95501,82.09,2,0,0,0,0,0
SLB STK SMART,20150324,95511,82.05,5,0,0,0,0,0
SLB STK SMART,20150324,95521,82,1,0,0,0,0,0
SLB STK SMART,20150324,95525,82,1,0,0,0,0,0
SLB STK SMART,20150324,95537,82.01,1,0,0,0,0,0
SLB STK SMART,20150324,95549,82.03,1,0,0,0,0,0
SLB STK SMART,20150324,95618,82.02,1,0,0,0,0,0
SLB STK SMART,20150324,95630,82.03,1,0,0,0,0,0
SLB STK SMART,20150324,95644,82.04,1,0,0,0,0,0
SLB STK SMART,20150324,95743,82.02,1,0,0,0,0,0
SLB STK SMART,20150324,95743,82.03,1,0,0,0,0,0
SLB STK SMART,20150324,95755,82.04,1,0,0,0,0,0
SLB STK SMART,20150324,95812,82.05,1,0,0,0,0,0
SLB STK SMART,20150324,95820,82.03,1,0,0,0,0,0
SLB STK SMART,20150324,95824,82.02,1,0,0,0,0,0
SLB STK SMART,20150324,95900,82.01,1,0,0,0,0,0
SLB STK SMART,20150324,95911,82.04,3,0,0,0,0,0
SLB STK SMART,20150324,95919,82.05,1,0,0,0,0,0
SLB STK SMART,20150324,95928,82.07,1,0,0,0,0,0
SLB STK SMART,20150324,95942,82.03,1,0,0,0,0,0
SLB STK SMART,20150324,95952,82.03,1,0,0,0,0,0
SLB STK SMART,20150324,100003,82.04,1,0,0,0,0,0
SLB STK SMART,20150324,100011,82.08,1,0,0,0,0,0
SLB STK SMART,20150324,100014,82.1,1,0,0,0,0,0
SLB STK SMART,20150324,100027,82.11,1,0,0,0,0,0
SLB STK SMART,20150324,100042,82.09,1,0,0,0,0,0
SLB STK SMART,20150324,100055,82.07,1,0,0,0,0,0
SLB STK SMART,20150324,100113,82.09,1,0,0,0,0,0
SLB STK SMART,20150324,100122,82.07,1,0,0,0,0,0
SLB STK SMART,20150324,100131,82.06,1,0,0,0,0,0
SLB STK SMART,20150324,100139,82.05,1,0,0,0,0,0
SLB STK SMART,20150324,100152,82,1,0,0,0,0,0
SLB STK SMART,20150324,100203,82.04,1,0,0,0,0,0
SLB STK SMART,20150324,100208,82.06,1,0,0,0,0,0
SLB STK SMART,20150324,100220,82.05,1,0,0,0,0,0
SLB STK SMART,20150324,100231,82.1,1,0,0,0,0,0
SLB STK SMART,20150324,100242,82,1,0,0,0,0,0
SLB STK SMART,20150324,100253,82.02,1,0,0,0,0,0
SLB STK SMART,20150324,100303,82.02,1,0,0,0,0,0
SLB STK SMART,20150324,100312,82.04,1,0,0,0,0,0
SLB STK SMART,20150324,100323,82.02,2,0,0,0,0,0
SLB STK SMART,20150324,100327,82.01,1,0,0,0,0,0
SLB STK SMART,20150324,100340,82.03,1,0,0,0,0,0
SLB STK SMART,20150324,100352,82.08,1,0,0,0,0,0
SLB STK SMART,20150324,100403,82.09,1,0,0,0,0,0
SLB STK SMART,20150324,100413,82.18,1,0,0,0,0,0
SLB STK SMART,20150324,100423,82.15,1,0,0,0,0,0
SLB STK SMART,20150324,100433,82.21,1,0,0,0,0,0
SLB STK SMART,20150324,100442,82.29,1,0,0,0,0,0
SLB STK SMART,20150324,100453,82.28,1,0,0,0,0,0
SLB STK SMART,20150324,100503,82.31,1,0,0,0,0,0
SLB STK SMART,20150324,100512,82.31,1,0,0,0,0,0
SLB STK SMART,20150324,100523,82.33,1,0,0,0,0,0
SLB STK SMART,20150324,100532,82.34,1,0,0,0,0,0
SLB STK SMART,20150324,100542,82.29,3,0,0,0,0,0
SLB STK SMART,20150324,100553,82.32,1,0,0,0,0,0
SLB STK SMART,20150324,100602,82.23,1,0,0,0,0,0
SLB STK SMART,20150324,100608,82.24,1,0,0,0,0,0
SLB STK SMART,20150324,100623,82.15,1,0,0,0,0,0
SLB STK SMART,20150324,100629,82.17,1,0,0,0,0,0
SLB STK SMART,20150324,100640,82.2,1,0,0,0,0,0
SLB STK SMART,20150324,100723,82.24,1,0,0,0,0,0
SLB STK SMART,20150324,100729,82.21,2,0,0,0,0,0
SLB STK SMART,20150324,100740,82.23,1,0,0,0,0,0
SLB STK SMART,20150324,100745,82.25,1,0,0,0,0,0
SLB STK SMART,20150324,100754,82.23,1,0,0,0,0,0
SLB STK SMART,20150324,100805,82.22,1,0,0,0,0,0
SLB STK SMART,20150324,100824,82.21,1,0,0,0,0,0
SLB STK SMART,20150324,100841,82.24,1,0,0,0,0,0
SLB STK SMART,20150324,100859,82.23,1,0,0,0,0,0
SLB STK SMART,20150324,100908,82.22,1,0,0,0,0,0
SLB STK SMART,20150324,100927,82.23,1,0,0,0,0,0
SLB STK SMART,20150324,100943,82.19,1,0,0,0,0,0
SLB STK SMART,20150324,100951,82.12,1,0,0,0,0,0
SLB STK SMART,20150324,101003,82.1,1,0,0,0,0,0
SLB STK SMART,20150324,101011,82.08,1,0,0,0,0,0
SLB STK SMART,20150324,101023,82.06,3,0,0,0,0,0
SLB STK SMART,20150324,101033,82.06,1,0,0,0,0,0
SLB STK SMART,20150324,101041,82.06,2,0,0,0,0,0
SLB STK SMART,20150324,101049,82.03,1,0,0,0,0,0
SLB STK SMART,20150324,101101,82.01,1,0,0,0,0,0
SLB STK SMART,20150324,101110,81.98,1,0,0,0,0,0
SLB STK SMART,20150324,101121,81.99,1,0,0,0,0,0
SLB STK SMART,20150324,101131,82.03,1,0,0,0,0,0
SLB STK SMART,20150324,101137,82.03,1,0,0,0,0,0
SLB STK SMART,20150324,101150,82.03,1,0,0,0,0,0
SLB STK SMART,20150324,101208,82.01,1,0,0,0,0,0
SLB STK SMART,20150324,101244,82.04,1,0,0,0,0,0
SLB STK SMART,20150324,101250,82.07,2,0,0,0,0,0
SLB STK SMART,20150324,101300,82.13,1,0,0,0,0,0
SLB STK SMART,20150324,101313,82.09,1,0,0,0,0,0
SLB STK SMART,20150324,101323,82.08,1,0,0,0,0,0
SLB STK SMART,20150324,101333,82.07,1,0,0,0,0,0
SLB STK SMART,20150324,101338,82.06,1,0,0,0,0,0
SLB STK SMART,20150324,101403,82.05,1,0,0,0,0,0
SLB STK SMART,20150324,101408,82.05,1,0,0,0,0,0
SLB STK SMART,20150324,101415,82.02,1,0,0,0,0,0
SLB STK SMART,20150324,101433,82.01,1,0,0,0,0,0
SLB STK SMART,20150324,101443,82.02,1,0,0,0,0,0
SLB STK SMART,20150324,101451,82.05,1,0,0,0,0,0
SLB STK SMART,20150324,101504,82.04,1,0,0,0,0,0
SLB STK SMART,20150324,101509,82.03,1,0,0,0,0,0
SLB STK SMART,20150324,101520,82.04,1,0,0,0,0,0
SLB STK SMART,20150324,101529,82.03,1,0,0,0,0,0
SLB STK SMART,20150324,101554,82.06,1,0,0,0,0,0
SLB STK SMART,20150324,101614,82.08,1,0,0,0,0,0
SLB STK SMART,20150324,101624,82.06,1,0,0,0,0,0
SLB STK SMART,20150324,101640,82.05,1,0,0,0,0,0
SLB STK SMART,20150324,101647,82.06,1,0,0,0,0,0
SLB STK SMART,20150324,101659,82.06,1,0,0,0,0,0
SLB STK SMART,20150324,101713,82.06,2,0,0,0,0,0
SLB STK SMART,20150324,101718,82.06,1,0,0,0,0,0
SLB STK SMART,20150324,101731,82.05,1,0,0,0,0,0
SLB STK SMART,20150324,101740,82.06,1,0,0,0,0,0
SLB STK SMART,20150324,101753,82.03,1,0,0,0,0,0
SLB STK SMART,20150324,101811,82.04,1,0,0,0,0,0
SLB STK SMART,20150324,101823,82.06,1,0,0,0,0,0
SLB STK SMART,20150324,101828,82.07,1,0,0,0,0,0
SLB STK SMART,20150324,101838,82.11,1,0,0,0,0,0
SLB STK SMART,20150324,101851,82.11,1,0,0,0,0,0
SLB STK SMART,20150324,101859,82.12,1,0,0,0,0,0
SLB STK SMART,20150324,101911,82.11,1,0,0,0,0,0
SLB STK SMART,20150324,101930,82.11,1,0,0,0,0,0
SLB STK SMART,20150324,101939,82.12,1,0,0,0,0,0
SLB STK SMART,20150324,101951,82.13,1,0,0,0,0,0
SLB STK SMART,20150324,101956,82.12,1,0,0,0,0,0
SLB STK SMART,20150324,102023,82.06,1,0,0,0,0,0
SLB STK SMART,20150324,102027,82.05,1,0,0,0,0,0
SLB STK SMART,20150324,102044,82.01,1,0,0,0,0,0
SLB STK SMART,20150324,102054,82.03,1,0,0,0,0,0
SLB STK SMART,20150324,102125,82.04,1,0,0,0,0,0
SLB STK SMART,20150324,102136,82.02,1,0,0,0,0,0
SLB STK SMART,20150324,102158,82.03,1,0,0,0,0,0
SLB STK SMART,20150324,102213,82.03,1,0,0,0,0,0
SLB STK SMART,20150324,102223,82.01,1,0,0,0,0,0
SLB STK SMART,20150324,102229,81.99,1,0,0,0,0,0
SLB STK SMART,20150324,102244,81.95,1,0,0,0,0,0
SLB STK SMART,20150324,102250,81.9,1,0,0,0,0,0
SLB STK SMART,20150324,102311,81.88,1,0,0,0,0,0
SLB STK SMART,20150324,102321,81.85,1,0,0,0,0,0
SLB STK SMART,20150324,102325,81.84,1,0,0,0,0,0
SLB STK SMART,20150324,102338,81.86,1,0,0,0,0,0
SLB STK SMART,20150324,102355,81.85,1,0,0,0,0,0
SLB STK SMART,20150324,102414,81.92,1,0,0,0,0,0
SLB STK SMART,20150324,102421,81.92,1,0,0,0,0,0
SLB STK SMART,20150324,102440,81.9,1,0,0,0,0,0
SLB STK SMART,20150324,102509,81.88,1,0,0,0,0,0
SLB STK SMART,20150324,102522,81.92,1,0,0,0,0,0
SLB STK SMART,20150324,102530,81.91,1,0,0,0,0,0
SLB STK SMART,20150324,102552,81.9,1,0,0,0,0,0
SLB STK SMART,20150324,102559,81.87,1,0,0,0,0,0
SLB STK SMART,20150324,102613,81.82,1,0,0,0,0,0
SLB STK SMART,20150324,102623,81.82,1,0,0,0,0,0
SLB STK SMART,20150324,102646,81.84,1,0,0,0,0,0
SLB STK SMART,20150324,102703,81.86,1,0,0,0,0,0
SLB STK SMART,20150324,102715,81.87,1,0,0,0,0,0
SLB STK SMART,20150324,102747,81.8,1,0,0,0,0,0
SLB STK SMART,20150324,102802,81.81,1,0,0,0,0,0
SLB STK SMART,20150324,102810,81.78,1,0,0,0,0,0
SLB STK SMART,20150324,102830,81.75,1,0,0,0,0,0
SLB STK SMART,20150324,102837,81.76,1,0,0,0,0,0
SLB STK SMART,20150324,102901,81.75,1,0,0,0,0,0
SLB STK SMART,20150324,102912,81.79,1,0,0,0,0,0
SLB STK SMART,20150324,102923,81.77,1,0,0,0,0,0
SLB STK SMART,20150324,102933,81.78,1,0,0,0,0,0
SLB STK SMART,20150324,102941,81.79,2,0,0,0,0,0
SLB STK SMART,20150324,102949,81.79,1,0,0,0,0,0
SLB STK SMART,20150324,103002,81.79,1,0,0,0,0,0
SLB STK SMART,20150324,103013,81.78,1,0,0,0,0,0
SLB STK SMART,20150324,103024,81.75,1,0,0,0,0,0
SLB STK SMART,20150324,103034,81.72,1,0,0,0,0,0
SLB STK SMART,20150324,103041,81.72,1,0,0,0,0,0
SLB STK SMART,20150324,103050,81.73,1,0,0,0,0,0
SLB STK SMART,20150324,103101,81.75,1,0,0,0,0,0
SLB STK SMART,20150324,103115,81.78,1,0,0,0,0,0
SLB STK SMART,20150324,103125,81.76,2,0,0,0,0,0
SLB STK SMART,20150324,103131,81.79,1,0,0,0,0,0
SLB STK SMART,20150324,103152,81.79,1,0,0,0,0,0
SLB STK SMART,20150324,103202,81.77,1,0,0,0,0,0
SLB STK SMART,20150324,103214,81.76,1,0,0,0,0,0
SLB STK SMART,20150324,103223,81.77,1,0,0,0,0,0
SLB STK SMART,20150324,103234,81.79,1,0,0,0,0,0
SLB STK SMART,20150324,103248,81.78,1,0,0,0,0,0
SLB STK SMART,20150324,103259,81.76,1,0,0,0,0,0
SLB STK SMART,20150324,103330,81.79,1,0,0,0,0,0
SLB STK SMART,20150324,103348,81.76,1,0,0,0,0,0
SLB STK SMART,20150324,103414,81.78,1,0,0,0,0,0
SLB STK SMART,20150324,103433,81.77,1,0,0,0,0,0
SLB STK SMART,20150324,103444,81.76,1,0,0,0,0,0
SLB STK SMART,20150324,103453,81.75,1,0,0,0,0,0
SLB STK SMART,20150324,103500,81.76,1,0,0,0,0,0
SLB STK SMART,20150324,103513,81.79,1,0,0,0,0,0
SLB STK SMART,20150324,103517,81.81,1,0,0,0,0,0
SLB STK SMART,20150324,103534,81.84,1,0,0,0,0,0
SLB STK SMART,20150324,103543,81.87,1,0,0,0,0,0
SLB STK SMART,20150324,103551,81.87,1,0,0,0,0,0
SLB STK SMART,20150324,103559,81.89,1,0,0,0,0,0
SLB STK SMART,20150324,103608,81.9,1,0,0,0,0,0
SLB STK SMART,20150324,103623,81.9,1,0,0,0,0,0
SLB STK SMART,20150324,103632,81.89,1,0,0,0,0,0
SLB STK SMART,20150324,103636,81.88,1,0,0,0,0,0
SLB STK SMART,20150324,103653,81.9,1,0,0,0,0,0
SLB STK SMART,20150324,103704,81.91,1,0,0,0,0,0
SLB STK SMART,20150324,103715,81.93,1,0,0,0,0,0
SLB STK SMART,20150324,103720,81.94,1,0,0,0,0,0
SLB STK SMART,20150324,103731,81.92,1,0,0,0,0,0
SLB STK SMART,20150324,103738,81.94,1,0,0,0,0,0
SLB STK SMART,20150324,103754,81.94,1,0,0,0,0,0
SLB STK SMART,20150324,103805,81.91,1,0,0,0,0,0
SLB STK SMART,20150324,103820,81.93,1,0,0,0,0,0
SLB STK SMART,20150324,103857,81.94,1,0,0,0,0,0
SLB STK SMART,20150324,103924,81.94,5,0,0,0,0,0
SLB STK SMART,20150324,103935,81.94,1,0,0,0,0,0
SLB STK SMART,20150324,103942,81.96,1,0,0,0,0,0
SLB STK SMART,20150324,103953,81.98,1,0,0,0,0,0
SLB STK SMART,20150324,104000,81.97,1,0,0,0,0,0
SLB STK SMART,20150324,104022,81.97,1,0,0,0,0,0
SLB STK SMART,20150324,104030,81.98,1,0,0,0,0,0
SLB STK SMART,20150324,104055,82,1,0,0,0,0,0
SLB STK SMART,20150324,104057,82,1,0,0,0,0,0
SLB STK SMART,20150324,104114,81.98,2,0,0,0,0,0
SLB STK SMART,20150324,104133,81.98,1,0,0,0,0,0
SLB STK SMART,20150324,104137,81.99,1,0,0,0,0,0
SLB STK SMART,20150324,104146,81.98,1,0,0,0,0,0
SLB STK SMART,20150324,104157,81.99,1,0,0,0,0,0
SLB STK SMART,20150324,104212,81.93,1,0,0,0,0,0
SLB STK SMART,20150324,104242,81.89,1,0,0,0,0,0
SLB STK SMART,20150324,104254,81.89,2,0,0,0,0,0
SLB STK SMART,20150324,104300,81.88,1,0,0,0,0,0
SLB STK SMART,20150324,104307,81.91,1,0,0,0,0,0
SLB STK SMART,20150324,104324,81.93,1,0,0,0,0,0
SLB STK SMART,20150324,104326,81.91,1,0,0,0,0,0
SLB STK SMART,20150324,104354,81.91,1,0,0,0,0,0
SLB STK SMART,20150324,104414,81.91,1,0,0,0,0,0
SLB STK SMART,20150324,104422,81.89,1,0,0,0,0,0
SLB STK SMART,20150324,104443,81.85,1,0,0,0,0,0
SLB STK SMART,20150324,104451,81.82,1,0,0,0,0,0
SLB STK SMART,20150324,104508,81.84,1,0,0,0,0,0
SLB STK SMART,20150324,104535,81.87,1,0,0,0,0,0
SLB STK SMART,20150324,104600,81.88,1,0,0,0,0,0
SLB STK SMART,20150324,104616,81.9,1,0,0,0,0,0
SLB STK SMART,20150324,104622,81.88,1,0,0,0,0,0
SLB STK SMART,20150324,104639,81.89,1,0,0,0,0,0
SLB STK SMART,20150324,104704,81.91,1,0,0,0,0,0
SLB STK SMART,20150324,104715,81.92,1,0,0,0,0,0
SLB STK SMART,20150324,104720,81.93,1,0,0,0,0,0
SLB STK SMART,20150324,104730,81.96,1,0,0,0,0,0
SLB STK SMART,20150324,104741,81.97,1,0,0,0,0,0
SLB STK SMART,20150324,104746,81.98,1,0,0,0,0,0
SLB STK SMART,20150324,104801,82,1,0,0,0,0,0
SLB STK SMART,20150324,104835,81.99,1,0,0,0,0,0
SLB STK SMART,20150324,104842,82,1,0,0,0,0,0
SLB STK SMART,20150324,104853,81.99,1,0,0,0,0,0
SLB STK SMART,20150324,104911,82,1,0,0,0,0,0
SLB STK SMART,20150324,104934,82.01,1,0,0,0,0,0
SLB STK SMART,20150324,104943,82.01,1,0,0,0,0,0
SLB STK SMART,20150324,104954,81.99,1,0,0,0,0,0
SLB STK SMART,20150324,105017,82.02,1,0,0,0,0,0
SLB STK SMART,20150324,105035,82,11,0,0,0,0,0
SLB STK SMART,20150324,105039,82.01,2,0,0,0,0,0
SLB STK SMART,20150324,105050,82.01,1,0,0,0,0,0
SLB STK SMART,20150324,105127,82.01,2,0,0,0,0,0
SLB STK SMART,20150324,105144,82,1,0,0,0,0,0
SLB STK SMART,20150324,105156,82,3,0,0,0,0,0
SLB STK SMART,20150324,105158,81.99,1,0,0,0,0,0
SLB STK SMART,20150324,105211,81.97,1,0,0,0,0,0
SLB STK SMART,20150324,105221,81.98,1,0,0,0,0,0
SLB STK SMART,20150324,105252,82,1,0,0,0,0,0
SLB STK SMART,20150324,105310,81.99,2,0,0,0,0,0
SLB STK SMART,20150324,105320,81.99,1,0,0,0,0,0
SLB STK SMART,20150324,105339,81.97,1,0,0,0,0,0
SLB STK SMART,20150324,105418,81.96,1,0,0,0,0,0
SLB STK SMART,20150324,105442,81.97,1,0,0,0,0,0
SLB STK SMART,20150324,105456,81.96,1,0,0,0,0,0
SLB STK SMART,20150324,105457,81.96,1,0,0,0,0,0
SLB STK SMART,20150324,105522,81.95,1,0,0,0,0,0
SLB STK SMART,20150324,105542,81.97,1,0,0,0,0,0
SLB STK SMART,20150324,105626,81.95,1,0,0,0,0,0
SLB STK SMART,20150324,105645,81.96,1,0,0,0,0,0
SLB STK SMART,20150324,105724,81.96,1,0,0,0,0,0
SLB STK SMART,20150324,105733,81.97,1,0,0,0,0,0
SLB STK SMART,20150324,105758,81.98,1,0,0,0,0,0
SLB STK SMART,20150324,105824,81.99,1,0,0,0,0,0
SLB STK SMART,20150324,105846,82,1,0,0,0,0,0
SLB STK SMART,20150324,105854,82.02,1,0,0,0,0,0
SLB STK SMART,20150324,105906,82.02,1,0,0,0,0,0
SLB STK SMART,20150324,105916,82.04,1,0,0,0,0,0
SLB STK SMART,20150324,105916,82.03,1,0,0,0,0,0
SLB STK SMART,20150324,105931,82.01,1,0,0,0,0,0
SLB STK SMART,20150324,105944,82.01,1,0,0,0,0,0
SLB STK SMART,20150324,105954,82,1,0,0,0,0,0
SLB STK SMART,20150324,110006,81.93,1,0,0,0,0,0
SLB STK SMART,20150324,110016,81.91,1,0,0,0,0,0
SLB STK SMART,20150324,110021,81.92,1,0,0,0,0,0
SLB STK SMART,20150324,110034,81.94,1,0,0,0,0,0
SLB STK SMART,20150324,110052,81.93,1,0,0,0,0,0
SLB STK SMART,20150324,110111,81.96,1,0,0,0,0,0
SLB STK SMART,20150324,110118,81.95,1,0,0,0,0,0
SLB STK SMART,20150324,110128,81.94,1,0,0,0,0,0
SLB STK SMART,20150324,110155,81.96,1,0,0,0,0,0
SLB STK SMART,20150324,110205,81.97,1,0,0,0,0,0
SLB STK SMART,20150324,110209,81.96,1,0,0,0,0,0
SLB STK SMART,20150324,110241,81.99,1,0,0,0,0,0
SLB STK SMART,20150324,110304,82,1,0,0,0,0,0
SLB STK SMART,20150324,110325,82.02,1,0,0,0,0,0
SLB STK SMART,20150324,110336,82.06,1,0,0,0,0,0
SLB STK SMART,20150324,110342,82.08,1,0,0,0,0,0
SLB STK SMART,20150324,110401,82.12,1,0,0,0,0,0
SLB STK SMART,20150324,110410,82.14,1,0,0,0,0,0
SLB STK SMART,20150324,110420,82.13,2,0,0,0,0,0
SLB STK SMART,20150324,110435,82.15,1,0,0,0,0,0
SLB STK SMART,20150324,110442,82.16,1,0,0,0,0,0
SLB STK SMART,20150324,110454,82.15,1,0,0,0,0,0
SLB STK SMART,20150324,110501,82.13,1,0,0,0,0,0
SLB STK SMART,20150324,110515,82.12,1,0,0,0,0,0
SLB STK SMART,20150324,110530,82.1,1,0,0,0,0,0
SLB STK SMART,20150324,110544,82.09,1,0,0,0,0,0
SLB STK SMART,20150324,110605,82.14,1,0,0,0,0,0
SLB STK SMART,20150324,110612,82.18,1,0,0,0,0,0
SLB STK SMART,20150324,110655,82.24,2,0,0,0,0,0
SLB STK SMART,20150324,110727,82.21,1,0,0,0,0,0
SLB STK SMART,20150324,110730,82.18,1,0,0,0,0,0
SLB STK SMART,20150324,110744,82.16,1,0,0,0,0,0
SLB STK SMART,20150324,110807,82.15,1,0,0,0,0,0
SLB STK SMART,20150324,110841,82.1,1,0,0,0,0,0
SLB STK SMART,20150324,110850,82.11,1,0,0,0,0,0
SLB STK SMART,20150324,110913,82.08,1,0,0,0,0,0
SLB STK SMART,20150324,110924,82.09,1,0,0,0,0,0
SLB STK SMART,20150324,110946,82.15,1,0,0,0,0,0
SLB STK SMART,20150324,111004,82.14,1,0,0,0,0,0
SLB STK SMART,20150324,111048,82.16,1,0,0,0,0,0
SLB STK SMART,20150324,111131,82.2,1,0,0,0,0,0
SLB STK SMART,20150324,111138,82.2,1,0,0,0,0,0
SLB STK SMART,20150324,111208,82.21,1,0,0,0,0,0
SLB STK SMART,20150324,111226,82.21,2,0,0,0,0,0
SLB STK SMART,20150324,111230,82.21,1,0,0,0,0,0
SLB STK SMART,20150324,111325,82.19,2,0,0,0,0,0
SLB STK SMART,20150324,111327,82.2,1,0,0,0,0,0
SLB STK SMART,20150324,111341,82.19,1,0,0,0,0,0
SLB STK SMART,20150324,111403,82.2,1,0,0,0,0,0
SLB STK SMART,20150324,111408,82.21,1,0,0,0,0,0
SLB STK SMART,20150324,111430,82.21,1,0,0,0,0,0
SLB STK SMART,20150324,111459,82.2,1,0,0,0,0,0
SLB STK SMART,20150324,111509,82.21,1,0,0,0,0,0
SLB STK SMART,20150324,111521,82.2,1,0,0,0,0,0
SLB STK SMART,20150324,111541,82.22,1,0,0,0,0,0
SLB STK SMART,20150324,111607,82.2,1,0,0,0,0,0
SLB STK SMART,20150324,111608,82.19,1,0,0,0,0,0
SLB STK SMART,20150324,111645,82.21,1,0,0,0,0,0
SLB STK SMART,20150324,111706,82.24,1,0,0,0,0,0
SLB STK SMART,20150324,111714,82.24,1,0,0,0,0,0
SLB STK SMART,20150324,111725,82.28,1,0,0,0,0,0
SLB STK SMART,20150324,111744,82.3,1,0,0,0,0,0
SLB STK SMART,20150324,111757,82.32,7,0,0,0,0,0
SLB STK SMART,20150324,111757,82.32,4,0,0,0,0,0
SLB STK SMART,20150324,111856,82.35,1,0,0,0,0,0
SLB STK SMART,20150324,111904,82.34,1,0,0,0,0,0
SLB STK SMART,20150324,111923,82.32,1,0,0,0,0,0
SLB STK SMART,20150324,111931,82.34,1,0,0,0,0,0
SLB STK SMART,20150324,111956,82.32,1,0,0,0,0,0
SLB STK SMART,20150324,111959,82.3,1,0,0,0,0,0
SLB STK SMART,20150324,112015,82.29,1,0,0,0,0,0
SLB STK SMART,20150324,112044,82.3,1,0,0,0,0,0
SLB STK SMART,20150324,112153,82.34,1,0,0,0,0,0
SLB STK SMART,20150324,112206,82.33,1,0,0,0,0,0
SLB STK SMART,20150324,112229,82.34,1,0,0,0,0,0
SLB STK SMART,20150324,112255,82.33,1,0,0,0,0,0
SLB STK SMART,20150324,112301,82.32,1,0,0,0,0,0
SLB STK SMART,20150324,112317,82.31,1,0,0,0,0,0
SLB STK SMART,20150324,112332,82.33,1,0,0,0,0,0
SLB STK SMART,20150324,112350,82.33,2,0,0,0,0,0
SLB STK SMART,20150324,112419,82.34,1,0,0,0,0,0
SLB STK SMART,20150324,112431,82.32,1,0,0,0,0,0
SLB STK SMART,20150324,112447,82.32,1,0,0,0,0,0
SLB STK SMART,20150324,112454,82.32,2,0,0,0,0,0
SLB STK SMART,20150324,112509,82.3,1,0,0,0,0,0
SLB STK SMART,20150324,112522,82.31,1,0,0,0,0,0
SLB STK SMART,20150324,112554,82.32,1,0,0,0,0,0
SLB STK SMART,20150324,112621,82.28,1,0,0,0,0,0
SLB STK SMART,20150324,112633,82.27,1,0,0,0,0,0
SLB STK SMART,20150324,112648,82.24,1,0,0,0,0,0
SLB STK SMART,20150324,112650,82.22,1,0,0,0,0,0
SLB STK SMART,20150324,112705,82.23,1,0,0,0,0,0
SLB STK SMART,20150324,112735,82.25,1,0,0,0,0,0
SLB STK SMART,20150324,112753,82.28,1,0,0,0,0,0
SLB STK SMART,20150324,112830,82.3,1,0,0,0,0,0
SLB STK SMART,20150324,112858,82.31,1,0,0,0,0,0
SLB STK SMART,20150324,112937,82.36,1,0,0,0,0,0
SLB STK SMART,20150324,113018,82.34,1,0,0,0,0,0
SLB STK SMART,20150324,113035,82.31,1,0,0,0,0,0
SLB STK SMART,20150324,113039,82.3,1,0,0,0,0,0
SLB STK SMART,20150324,113107,82.3,1,0,0,0,0,0
SLB STK SMART,20150324,113112,82.32,1,0,0,0,0,0
SLB STK SMART,20150324,113153,82.33,1,0,0,0,0,0
SLB STK SMART,20150324,113227,82.33,1,0,0,0,0,0
SLB STK SMART,20150324,113232,82.34,1,0,0,0,0,0
SLB STK SMART,20150324,113247,82.29,1,0,0,0,0,0
SLB STK SMART,20150324,113304,82.28,1,0,0,0,0,0
SLB STK SMART,20150324,113310,82.27,1,0,0,0,0,0
SLB STK SMART,20150324,113318,82.26,1,0,0,0,0,0
SLB STK SMART,20150324,113334,82.28,1,0,0,0,0,0
SLB STK SMART,20150324,113400,82.27,1,0,0,0,0,0
SLB STK SMART,20150324,113448,82.29,2,0,0,0,0,0
SLB STK SMART,20150324,113449,82.28,1,0,0,0,0,0
SLB STK SMART,20150324,113506,82.27,1,0,0,0,0,0
SLB STK SMART,20150324,113518,82.31,1,0,0,0,0,0
SLB STK SMART,20150324,113558,82.36,1,0,0,0,0,0
SLB STK SMART,20150324,113604,82.35,1,0,0,0,0,0
SLB STK SMART,20150324,113631,82.32,1,0,0,0,0,0
SLB STK SMART,20150324,113647,82.33,1,0,0,0,0,0
SLB STK SMART,20150324,113728,82.3,1,0,0,0,0,0
SLB STK SMART,20150324,113736,82.29,3,0,0,0,0,0
SLB STK SMART,20150324,113743,82.28,1,0,0,0,0,0
SLB STK SMART,20150324,113756,82.27,1,0,0,0,0,0
SLB STK SMART,20150324,113807,82.24,1,0,0,0,0,0
SLB STK SMART,20150324,113815,82.2,1,0,0,0,0,0
SLB STK SMART,20150324,113826,82.2,1,0,0,0,0,0
SLB STK SMART,20150324,113835,82.19,1,0,0,0,0,0
SLB STK SMART,20150324,113844,82.16,1,0,0,0,0,0
SLB STK SMART,20150324,113904,82.14,1,0,0,0,0,0
SLB STK SMART,20150324,113913,82.15,1,0,0,0,0,0
SLB STK SMART,20150324,113931,82.18,1,0,0,0,0,0
SLB STK SMART,20150324,113945,82.19,2,0,0,0,0,0
SLB STK SMART,20150324,113958,82.18,1,0,0,0,0,0
SLB STK SMART,20150324,114005,82.19,1,0,0,0,0,0
SLB STK SMART,20150324,114014,82.17,1,0,0,0,0,0
SLB STK SMART,20150324,114042,82.18,1,0,0,0,0,0
SLB STK SMART,20150324,114116,82.14,1,0,0,0,0,0
SLB STK SMART,20150324,114121,82.13,1,0,0,0,0,0
SLB STK SMART,20150324,114133,82.14,1,0,0,0,0,0
SLB STK SMART,20150324,114146,82.14,1,0,0,0,0,0
SLB STK SMART,20150324,114248,82.16,1,0,0,0,0,0
SLB STK SMART,20150324,114346,82.14,1,0,0,0,0,0
SLB STK SMART,20150324,114357,82.13,1,0,0,0,0,0
SLB STK SMART,20150324,114406,82.12,1,0,0,0,0,0
SLB STK SMART,20150324,114416,82.11,1,0,0,0,0,0
SLB STK SMART,20150324,114441,82.1,1,0,0,0,0,0
SLB STK SMART,20150324,114452,82.11,1,0,0,0,0,0
SLB STK SMART,20150324,114536,82.12,1,0,0,0,0,0
SLB STK SMART,20150324,114546,82.11,1,0,0,0,0,0
SLB STK SMART,20150324,114600,82.12,1,0,0,0,0,0
SLB STK SMART,20150324,114609,82.13,1,0,0,0,0,0
SLB STK SMART,20150324,114706,82.17,1,0,0,0,0,0
SLB STK SMART,20150324,114806,82.14,1,0,0,0,0,0
SLB STK SMART,20150324,114815,82.11,1,0,0,0,0,0
SLB STK SMART,20150324,114824,82.12,1,0,0,0,0,0
SLB STK SMART,20150324,114837,82.1,1,0,0,0,0,0
SLB STK SMART,20150324,114847,82.11,1,0,0,0,0,0
SLB STK SMART,20150324,114855,82.14,1,0,0,0,0,0
SLB STK SMART,20150324,114916,82.16,1,0,0,0,0,0
SLB STK SMART,20150324,114945,82.17,1,0,0,0,0,0
SLB STK SMART,20150324,115007,82.2,1,0,0,0,0,0
SLB STK SMART,20150324,115021,82.19,1,0,0,0,0,0
SLB STK SMART,20150324,115034,82.18,1,0,0,0,0,0
SLB STK SMART,20150324,115046,82.19,1,0,0,0,0,0
SLB STK SMART,20150324,115056,82.2,1,0,0,0,0,0
SLB STK SMART,20150324,115106,82.2,2,0,0,0,0,0
SLB STK SMART,20150324,115138,82.15,1,0,0,0,0,0
SLB STK SMART,20150324,115155,82.14,1,0,0,0,0,0
SLB STK SMART,20150324,115208,82.13,1,0,0,0,0,0
SLB STK SMART,20150324,115238,82.1,1,0,0,0,0,0
SLB STK SMART,20150324,115248,82.13,1,0,0,0,0,0
SLB STK SMART,20150324,115255,82.14,1,0,0,0,0,0
SLB STK SMART,20150324,115303,82.15,1,0,0,0,0,0
SLB STK SMART,20150324,115318,82.16,1,0,0,0,0,0
SLB STK SMART,20150324,115330,82.18,1,0,0,0,0,0
SLB STK SMART,20150324,115346,82.21,1,0,0,0,0,0
SLB STK SMART,20150324,115407,82.18,1,0,0,0,0,0
SLB STK SMART,20150324,115418,82.25,1,0,0,0,0,0
SLB STK SMART,20150324,115448,82.18,4,0,0,0,0,0
SLB STK SMART,20150324,115455,82.17,2,0,0,0,0,0
SLB STK SMART,20150324,115522,82.19,1,0,0,0,0,0
SLB STK SMART,20150324,115545,82.16,1,0,0,0,0,0
SLB STK SMART,20150324,115557,82.14,2,0,0,0,0,0
SLB STK SMART,20150324,115637,82.15,1,0,0,0,0,0
SLB STK SMART,20150324,115706,82.14,1,0,0,0,0,0
SLB STK SMART,20150324,115758,82.12,1,0,0,0,0,0
SLB STK SMART,20150324,115817,82.1,1,0,0,0,0,0
SLB STK SMART,20150324,115827,82.11,1,0,0,0,0,0
SLB STK SMART,20150324,115845,82.12,1,0,0,0,0,0
SLB STK SMART,20150324,115906,82.1,1,0,0,0,0,0
SLB STK SMART,20150324,115916,82.06,1,0,0,0,0,0
SLB STK SMART,20150324,115926,82.02,1,0,0,0,0,0
SLB STK SMART,20150324,115936,82.03,1,0,0,0,0,0
SLB STK SMART,20150324,115948,82.04,1,0,0,0,0,0
SLB STK SMART,20150324,120011,82.08,1,0,0,0,0,0
SLB STK SMART,20150324,120043,82.07,1,0,0,0,0,0
SLB STK SMART,20150324,120109,82.05,1,0,0,0,0,0
SLB STK SMART,20150324,120153,82.03,1,0,0,0,0,0
SLB STK SMART,20150324,120232,82.03,1,0,0,0,0,0
SLB STK SMART,20150324,120245,82.02,1,0,0,0,0,0
SLB STK SMART,20150324,120259,82,2,0,0,0,0,0
SLB STK SMART,20150324,120308,82.01,1,0,0,0,0,0
SLB STK SMART,20150324,120348,82.06,1,0,0,0,0,0
SLB STK SMART,20150324,120411,82.07,1,0,0,0,0,0
SLB STK SMART,20150324,120428,82.09,1,0,0,0,0,0
SLB STK SMART,20150324,120431,82.1,1,0,0,0,0,0
SLB STK SMART,20150324,120447,82.12,1,0,0,0,0,0
SLB STK SMART,20150324,120457,82.11,1,0,0,0,0,0
SLB STK SMART,20150324,120518,82.13,1,0,0,0,0,0
SLB STK SMART,20150324,120527,82.17,1,0,0,0,0,0
SLB STK SMART,20150324,120559,82.18,1,0,0,0,0,0
SLB STK SMART,20150324,120637,82.15,1,0,0,0,0,0
SLB STK SMART,20150324,120641,82.14,1,0,0,0,0,0
SLB STK SMART,20150324,120659,82.11,1,0,0,0,0,0
SLB STK SMART,20150324,120707,82.13,1,0,0,0,0,0
SLB STK SMART,20150324,120711,82.14,1,0,0,0,0,0
SLB STK SMART,20150324,120728,82.17,1,0,0,0,0,0
SLB STK SMART,20150324,120748,82.17,1,0,0,0,0,0
SLB STK SMART,20150324,120758,82.19,1,0,0,0,0,0
SLB STK SMART,20150324,120813,82.17,1,0,0,0,0,0
SLB STK SMART,20150324,120820,82.18,1,0,0,0,0,0
SLB STK SMART,20150324,120858,82.2,1,0,0,0,0,0
SLB STK SMART,20150324,120919,82.2,1,0,0,0,0,0
SLB STK SMART,20150324,120929,82.18,1,0,0,0,0,0
SLB STK SMART,20150324,120932,82.17,1,0,0,0,0,0
SLB STK SMART,20150324,121009,82.2,1,0,0,0,0,0
SLB STK SMART,20150324,121012,82.2,1,0,0,0,0,0
SLB STK SMART,20150324,121025,82.19,1,0,0,0,0,0
SLB STK SMART,20150324,121053,82.18,1,0,0,0,0,0
SLB STK SMART,20150324,121114,82.2,3,0,0,0,0,0
SLB STK SMART,20150324,121124,82.21,1,0,0,0,0,0
SLB STK SMART,20150324,121131,82.2,1,0,0,0,0,0
SLB STK SMART,20150324,121144,82.21,1,0,0,0,0,0
SLB STK SMART,20150324,121154,82.21,1,0,0,0,0,0
SLB STK SMART,20150324,121212,82.22,1,0,0,0,0,0
SLB STK SMART,20150324,121228,82.22,1,0,0,0,0,0
SLB STK SMART,20150324,121254,82.23,1,0,0,0,0,0
SLB STK SMART,20150324,121313,82.25,1,0,0,0,0,0
SLB STK SMART,20150324,121324,82.25,1,0,0,0,0,0
SLB STK SMART,20150324,121334,82.26,1,0,0,0,0,0
SLB STK SMART,20150324,121410,82.27,1,0,0,0,0,0
SLB STK SMART,20150324,121416,82.26,1,0,0,0,0,0
SLB STK SMART,20150324,121428,82.24,1,0,0,0,0,0
SLB STK SMART,20150324,121433,82.23,1,0,0,0,0,0
SLB STK SMART,20150324,121448,82.24,1,0,0,0,0,0
SLB STK SMART,20150324,121457,82.22,1,0,0,0,0,0
SLB STK SMART,20150324,121516,82.2,1,0,0,0,0,0
SLB STK SMART,20150324,121559,82.19,1,0,0,0,0,0
SLB STK SMART,20150324,121601,82.2,1,0,0,0,0,0
SLB STK SMART,20150324,121640,82.18,1,0,0,0,0,0
SLB STK SMART,20150324,121646,82.18,1,0,0,0,0,0
SLB STK SMART,20150324,121700,82.16,1,0,0,0,0,0
SLB STK SMART,20150324,121705,82.15,1,0,0,0,0,0
SLB STK SMART,20150324,121810,82.18,1,0,0,0,0,0
SLB STK SMART,20150324,121823,82.18,1,0,0,0,0,0
SLB STK SMART,20150324,121839,82.19,1,0,0,0,0,0
SLB STK SMART,20150324,121843,82.18,2,0,0,0,0,0
SLB STK SMART,20150324,121858,82.21,1,0,0,0,0,0
SLB STK SMART,20150324,121905,82.2,1,0,0,0,0,0
SLB STK SMART,20150324,121916,82.2,1,0,0,0,0,0
SLB STK SMART,20150324,121936,82.19,1,0,0,0,0,0
SLB STK SMART,20150324,121949,82.2,1,0,0,0,0,0
SLB STK SMART,20150324,121955,82.19,1,0,0,0,0,0
SLB STK SMART,20150324,122010,82.19,2,0,0,0,0,0
SLB STK SMART,20150324,122012,82.21,1,0,0,0,0,0
SLB STK SMART,20150324,122052,82.22,1,0,0,0,0,0
SLB STK SMART,20150324,122108,82.23,1,0,0,0,0,0
SLB STK SMART,20150324,122147,82.26,1,0,0,0,0,0
SLB STK SMART,20150324,122159,82.25,1,0,0,0,0,0
SLB STK SMART,20150324,122229,82.25,1,0,0,0,0,0
SLB STK SMART,20150324,122235,82.26,1,0,0,0,0,0
SLB STK SMART,20150324,122241,82.28,1,0,0,0,0,0
SLB STK SMART,20150324,122329,82.29,1,0,0,0,0,0
SLB STK SMART,20150324,122347,82.31,1,0,0,0,0,0
SLB STK SMART,20150324,122359,82.31,1,0,0,0,0,0
SLB STK SMART,20150324,122410,82.32,1,0,0,0,0,0
SLB STK SMART,20150324,122427,82.31,1,0,0,0,0,0
SLB STK SMART,20150324,122513,82.3,1,0,0,0,0,0
SLB STK SMART,20150324,122528,82.28,1,0,0,0,0,0
SLB STK SMART,20150324,122546,82.27,1,0,0,0,0,0
SLB STK SMART,20150324,122617,82.26,1,0,0,0,0,0
SLB STK SMART,20150324,122629,82.27,1,0,0,0,0,0
SLB STK SMART,20150324,122636,82.28,1,0,0,0,0,0
SLB STK SMART,20150324,122647,82.31,1,0,0,0,0,0
SLB STK SMART,20150324,122703,82.33,1,0,0,0,0,0
SLB STK SMART,20150324,122730,82.35,1,0,0,0,0,0
SLB STK SMART,20150324,122739,82.38,1,0,0,0,0,0
SLB STK SMART,20150324,122747,82.4,1,0,0,0,0,0
SLB STK SMART,20150324,122758,82.36,1,0,0,0,0,0
SLB STK SMART,20150324,122804,82.37,1,0,0,0,0,0
SLB STK SMART,20150324,122838,82.35,1,0,0,0,0,0
SLB STK SMART,20150324,122844,82.34,1,0,0,0,0,0
SLB STK SMART,20150324,122859,82.34,1,0,0,0,0,0
SLB STK SMART,20150324,122907,82.35,1,0,0,0,0,0
SLB STK SMART,20150324,122928,82.34,1,0,0,0,0,0
SLB STK SMART,20150324,122950,82.32,1,0,0,0,0,0
SLB STK SMART,20150324,123005,82.31,1,0,0,0,0,0
SLB STK SMART,20150324,123104,82.32,1,0,0,0,0,0
SLB STK SMART,20150324,123127,82.34,1,0,0,0,0,0
SLB STK SMART,20150324,123139,82.32,1,0,0,0,0,0
SLB STK SMART,20150324,123141,82.3,1,0,0,0,0,0
SLB STK SMART,20150324,123155,82.31,1,0,0,0,0,0
SLB STK SMART,20150324,123224,82.31,1,0,0,0,0,0
SLB STK SMART,20150324,123242,82.29,1,0,0,0,0,0
SLB STK SMART,20150324,123307,82.32,1,0,0,0,0,0
SLB STK SMART,20150324,123312,82.33,1,0,0,0,0,0
SLB STK SMART,20150324,123329,82.34,1,0,0,0,0,0
SLB STK SMART,20150324,123339,82.35,1,0,0,0,0,0
SLB STK SMART,20150324,123345,82.37,1,0,0,0,0,0
SLB STK SMART,20150324,123400,82.38,1,0,0,0,0,0
SLB STK SMART,20150324,123404,82.37,1,0,0,0,0,0
SLB STK SMART,20150324,123431,82.38,1,0,0,0,0,0
SLB STK SMART,20150324,123441,82.38,1,0,0,0,0,0
SLB STK SMART,20150324,123501,82.32,2,0,0,0,0,0
SLB STK SMART,20150324,123508,82.3,1,0,0,0,0,0
SLB STK SMART,20150324,123521,82.31,1,0,0,0,0,0
SLB STK SMART,20150324,123536,82.32,1,0,0,0,0,0
SLB STK SMART,20150324,123542,82.35,1,0,0,0,0,0
SLB STK SMART,20150324,123601,82.37,1,0,0,0,0,0
SLB STK SMART,20150324,123610,82.41,1,0,0,0,0,0
SLB STK SMART,20150324,123631,82.4,1,0,0,0,0,0
SLB STK SMART,20150324,123646,82.39,1,0,0,0,0,0
SLB STK SMART,20150324,123656,82.38,1,0,0,0,0,0
SLB STK SMART,20150324,123705,82.39,1,0,0,0,0,0
SLB STK SMART,20150324,123717,82.43,1,0,0,0,0,0
SLB STK SMART,20150324,123740,82.42,1,0,0,0,0,0
SLB STK SMART,20150324,123748,82.41,1,0,0,0,0,0
SLB STK SMART,20150324,123811,82.36,1,0,0,0,0,0
SLB STK SMART,20150324,123819,82.37,1,0,0,0,0,0
SLB STK SMART,20150324,123850,82.38,1,0,0,0,0,0
SLB STK SMART,20150324,123919,82.38,1,0,0,0,0,0
SLB STK SMART,20150324,123930,82.38,1,0,0,0,0,0
SLB STK SMART,20150324,123956,82.37,1,0,0,0,0,0
SLB STK SMART,20150324,124004,82.38,1,0,0,0,0,0
SLB STK SMART,20150324,124022,82.39,1,0,0,0,0,0
SLB STK SMART,20150324,124057,82.44,1,0,0,0,0,0
SLB STK SMART,20150324,124102,82.45,1,0,0,0,0,0
SLB STK SMART,20150324,124137,82.46,1,0,0,0,0,0
SLB STK SMART,20150324,124157,82.46,1,0,0,0,0,0
SLB STK SMART,20150324,124218,82.42,1,0,0,0,0,0
SLB STK SMART,20150324,124229,82.41,1,0,0,0,0,0
SLB STK SMART,20150324,124254,82.39,1,0,0,0,0,0
SLB STK SMART,20150324,124310,82.4,1,0,0,0,0,0
SLB STK SMART,20150324,124312,82.41,1,0,0,0,0,0
SLB STK SMART,20150324,124356,82.38,1,0,0,0,0,0
SLB STK SMART,20150324,124407,82.39,1,0,0,0,0,0
SLB STK SMART,20150324,124427,82.4,1,0,0,0,0,0
SLB STK SMART,20150324,124441,82.42,1,0,0,0,0,0
SLB STK SMART,20150324,124448,82.45,1,0,0,0,0,0
SLB STK SMART,20150324,124524,82.47,1,0,0,0,0,0
SLB STK SMART,20150324,124543,82.49,1,0,0,0,0,0
SLB STK SMART,20150324,124612,82.5,1,0,0,0,0,0
SLB STK SMART,20150324,124618,82.51,1,0,0,0,0,0
SLB STK SMART,20150324,124636,82.5,1,0,0,0,0,0
SLB STK SMART,20150324,124740,82.45,1,0,0,0,0,0
SLB STK SMART,20150324,124754,82.46,1,0,0,0,0,0
SLB STK SMART,20150324,124809,82.47,1,0,0,0,0,0
SLB STK SMART,20150324,124827,82.48,1,0,0,0,0,0
SLB STK SMART,20150324,124834,82.47,1,0,0,0,0,0
SLB STK SMART,20150324,124905,82.41,1,0,0,0,0,0
SLB STK SMART,20150324,124919,82.4,1,0,0,0,0,0
SLB STK SMART,20150324,124925,82.4,1,0,0,0,0,0
SLB STK SMART,20150324,124940,82.37,1,0,0,0,0,0
SLB STK SMART,20150324,124950,82.36,1,0,0,0,0,0
SLB STK SMART,20150324,124957,82.35,1,0,0,0,0,0
SLB STK SMART,20150324,125024,82.34,1,0,0,0,0,0
SLB STK SMART,20150324,125041,82.33,1,0,0,0,0,0
SLB STK SMART,20150324,125048,82.34,1,0,0,0,0,0
SLB STK SMART,20150324,125055,82.35,1,0,0,0,0,0
SLB STK SMART,20150324,125111,82.34,1,0,0,0,0,0
SLB STK SMART,20150324,125124,82.33,1,0,0,0,0,0
SLB STK SMART,20150324,125141,82.33,1,0,0,0,0,0
SLB STK SMART,20150324,125152,82.34,2,0,0,0,0,0
SLB STK SMART,20150324,125153,82.34,1,0,0,0,0,0
SLB STK SMART,20150324,125211,82.35,1,0,0,0,0,0
SLB STK SMART,20150324,125234,82.34,1,0,0,0,0,0
SLB STK SMART,20150324,125259,82.29,1,0,0,0,0,0
SLB STK SMART,20150324,125308,82.3,1,0,0,0,0,0
SLB STK SMART,20150324,125322,82.3,1,0,0,0,0,0
SLB STK SMART,20150324,125325,82.3,1,0,0,0,0,0
SLB STK SMART,20150324,125337,82.3,1,0,0,0,0,0
SLB STK SMART,20150324,125343,82.3,1,0,0,0,0,0
SLB STK SMART,20150324,125421,82.32,1,0,0,0,0,0
SLB STK SMART,20150324,125431,82.33,1,0,0,0,0,0
SLB STK SMART,20150324,125437,82.32,1,0,0,0,0,0
SLB STK SMART,20150324,125449,82.34,1,0,0,0,0,0
SLB STK SMART,20150324,125501,82.37,1,0,0,0,0,0
SLB STK SMART,20150324,125511,82.4,1,0,0,0,0,0
SLB STK SMART,20150324,125519,82.41,1,0,0,0,0,0
SLB STK SMART,20150324,125528,82.42,1,0,0,0,0,0
SLB STK SMART,20150324,125534,82.43,1,0,0,0,0,0
SLB STK SMART,20150324,125609,82.41,1,0,0,0,0,0
SLB STK SMART,20150324,125622,82.4,1,0,0,0,0,0
SLB STK SMART,20150324,125631,82.39,2,0,0,0,0,0
SLB STK SMART,20150324,125634,82.39,1,0,0,0,0,0
SLB STK SMART,20150324,125651,82.39,1,0,0,0,0,0
SLB STK SMART,20150324,125656,82.41,1,0,0,0,0,0
SLB STK SMART,20150324,125732,82.4,2,0,0,0,0,0
SLB STK SMART,20150324,125733,82.4,1,0,0,0,0,0
SLB STK SMART,20150324,125759,82.39,1,0,0,0,0,0
SLB STK SMART,20150324,125811,82.37,1,0,0,0,0,0
SLB STK SMART,20150324,125818,82.38,1,0,0,0,0,0
SLB STK SMART,20150324,125824,82.39,1,0,0,0,0,0
SLB STK SMART,20150324,125840,82.37,1,0,0,0,0,0
SLB STK SMART,20150324,125901,82.32,1,0,0,0,0,0
SLB STK SMART,20150324,125912,82.3,1,0,0,0,0,0
SLB STK SMART,20150324,125918,82.29,1,0,0,0,0,0
SLB STK SMART,20150324,125924,82.27,1,0,0,0,0,0
SLB STK SMART,20150324,125937,82.29,1,0,0,0,0,0
SLB STK SMART,20150324,125951,82.27,1,0,0,0,0,0
SLB STK SMART,20150324,130027,82.28,1,0,0,0,0,0
SLB STK SMART,20150324,130100,82.31,1,0,0,0,0,0
SLB STK SMART,20150324,130129,82.32,1,0,0,0,0,0
SLB STK SMART,20150324,130220,82.36,2,0,0,0,0,0
SLB STK SMART,20150324,130226,82.39,1,0,0,0,0,0
SLB STK SMART,20150324,130234,82.38,1,0,0,0,0,0
SLB STK SMART,20150324,130352,82.33,1,0,0,0,0,0
SLB STK SMART,20150324,130429,82.32,1,0,0,0,0,0
SLB STK SMART,20150324,130448,82.31,1,0,0,0,0,0
SLB STK SMART,20150324,130513,82.3,1,0,0,0,0,0
SLB STK SMART,20150324,130528,82.32,1,0,0,0,0,0
SLB STK SMART,20150324,130551,82.35,1,0,0,0,0,0
SLB STK SMART,20150324,130601,82.37,1,0,0,0,0,0
SLB STK SMART,20150324,130603,82.39,1,0,0,0,0,0
SLB STK SMART,20150324,130741,82.38,1,0,0,0,0,0
SLB STK SMART,20150324,130745,82.36,1,0,0,0,0,0
SLB STK SMART,20150324,130809,82.37,1,0,0,0,0,0
SLB STK SMART,20150324,130832,82.38,1,0,0,0,0,0
SLB STK SMART,20150324,130859,82.37,1,0,0,0,0,0
SLB STK SMART,20150324,130912,82.37,2,0,0,0,0,0
SLB STK SMART,20150324,130926,82.36,1,0,0,0,0,0
SLB STK SMART,20150324,130934,82.37,1,0,0,0,0,0
SLB STK SMART,20150324,130952,82.36,1,0,0,0,0,0
SLB STK SMART,20150324,130954,82.35,1,0,0,0,0,0
SLB STK SMART,20150324,131021,82.33,1,0,0,0,0,0
SLB STK SMART,20150324,131030,82.32,1,0,0,0,0,0
SLB STK SMART,20150324,131053,82.34,1,0,0,0,0,0
SLB STK SMART,20150324,131110,82.35,1,0,0,0,0,0
SLB STK SMART,20150324,131120,82.36,1,0,0,0,0,0
SLB STK SMART,20150324,131131,82.35,1,0,0,0,0,0
SLB STK SMART,20150324,131139,82.35,1,0,0,0,0,0
SLB STK SMART,20150324,131151,82.35,3,0,0,0,0,0
SLB STK SMART,20150324,131231,82.38,1,0,0,0,0,0
SLB STK SMART,20150324,131239,82.39,1,0,0,0,0,0
SLB STK SMART,20150324,131250,82.38,1,0,0,0,0,0
SLB STK SMART,20150324,131255,82.39,1,0,0,0,0,0
SLB STK SMART,20150324,131310,82.39,1,0,0,0,0,0
SLB STK SMART,20150324,131318,82.4,1,0,0,0,0,0
SLB STK SMART,20150324,131332,82.39,1,0,0,0,0,0
SLB STK SMART,20150324,131342,82.37,1,0,0,0,0,0
SLB STK SMART,20150324,131419,82.38,1,0,0,0,0,0
SLB STK SMART,20150324,131438,82.35,1,0,0,0,0,0
SLB STK SMART,20150324,131450,82.36,1,0,0,0,0,0
SLB STK SMART,20150324,131511,82.37,1,0,0,0,0,0
SLB STK SMART,20150324,131531,82.36,1,0,0,0,0,0
SLB STK SMART,20150324,131536,82.38,1,0,0,0,0,0
SLB STK SMART,20150324,131550,82.41,1,0,0,0,0,0
SLB STK SMART,20150324,131607,82.41,1,0,0,0,0,0
SLB STK SMART,20150324,131630,82.39,1,0,0,0,0,0
SLB STK SMART,20150324,131648,82.4,1,0,0,0,0,0
SLB STK SMART,20150324,131703,82.41,1,0,0,0,0,0
SLB STK SMART,20150324,131724,82.42,1,0,0,0,0,0
SLB STK SMART,20150324,131734,82.42,4,0,0,0,0,0
SLB STK SMART,20150324,131744,82.43,1,0,0,0,0,0
SLB STK SMART,20150324,131833,82.42,1,0,0,0,0,0
SLB STK SMART,20150324,131919,82.44,1,0,0,0,0,0
SLB STK SMART,20150324,131925,82.43,1,0,0,0,0,0
SLB STK SMART,20150324,132019,82.44,1,0,0,0,0,0
SLB STK SMART,20150324,132042,82.45,1,0,0,0,0,0
SLB STK SMART,20150324,132046,82.46,1,0,0,0,0,0
SLB STK SMART,20150324,132103,82.47,1,0,0,0,0,0
SLB STK SMART,20150324,132123,82.48,1,0,0,0,0,0
SLB STK SMART,20150324,132128,82.47,1,0,0,0,0,0
SLB STK SMART,20150324,132151,82.46,1,0,0,0,0,0
SLB STK SMART,20150324,132211,82.46,1,0,0,0,0,0
SLB STK SMART,20150324,132216,82.45,1,0,0,0,0,0
SLB STK SMART,20150324,132238,82.44,1,0,0,0,0,0
SLB STK SMART,20150324,132246,82.43,1,0,0,0,0,0
SLB STK SMART,20150324,132311,82.43,1,0,0,0,0,0
SLB STK SMART,20150324,132328,82.41,1,0,0,0,0,0
SLB STK SMART,20150324,132336,82.44,1,0,0,0,0,0
SLB STK SMART,20150324,132353,82.43,1,0,0,0,0,0
SLB STK SMART,20150324,132411,82.42,1,0,0,0,0,0
SLB STK SMART,20150324,132414,82.41,1,0,0,0,0,0
SLB STK SMART,20150324,132431,82.37,1,0,0,0,0,0
SLB STK SMART,20150324,132437,82.35,1,0,0,0,0,0
SLB STK SMART,20150324,132458,82.35,1,0,0,0,0,0
SLB STK SMART,20150324,132506,82.33,1,0,0,0,0,0
SLB STK SMART,20150324,132527,82.32,1,0,0,0,0,0
SLB STK SMART,20150324,132535,82.33,1,0,0,0,0,0
SLB STK SMART,20150324,132551,82.28,1,0,0,0,0,0
SLB STK SMART,20150324,132602,82.26,1,0,0,0,0,0
SLB STK SMART,20150324,132605,82.24,1,0,0,0,0,0
SLB STK SMART,20150324,132618,82.24,1,0,0,0,0,0
SLB STK SMART,20150324,132657,82.23,1,0,0,0,0,0
SLB STK SMART,20150324,132707,82.24,1,0,0,0,0,0
SLB STK SMART,20150324,132742,82.19,1,0,0,0,0,0
SLB STK SMART,20150324,132810,82.16,1,0,0,0,0,0
SLB STK SMART,20150324,132834,82.13,1,0,0,0,0,0
SLB STK SMART,20150324,132839,82.11,1,0,0,0,0,0
SLB STK SMART,20150324,132845,82.12,1,0,0,0,0,0
SLB STK SMART,20150324,132858,82.13,1,0,0,0,0,0
SLB STK SMART,20150324,132912,82.12,2,0,0,0,0,0
SLB STK SMART,20150324,132921,82.14,1,0,0,0,0,0
SLB STK SMART,20150324,132926,82.13,1,0,0,0,0,0
SLB STK SMART,20150324,132943,82.15,1,0,0,0,0,0
SLB STK SMART,20150324,133001,82.2,1,0,0,0,0,0
SLB STK SMART,20150324,133010,82.22,1,0,0,0,0,0
SLB STK SMART,20150324,133016,82.19,1,0,0,0,0,0
SLB STK SMART,20150324,133030,82.18,1,0,0,0,0,0
SLB STK SMART,20150324,133041,82.16,1,0,0,0,0,0
SLB STK SMART,20150324,133048,82.17,1,0,0,0,0,0
SLB STK SMART,20150324,133055,82.21,1,0,0,0,0,0
SLB STK SMART,20150324,133120,82.23,1,0,0,0,0,0
SLB STK SMART,20150324,133131,82.23,1,0,0,0,0,0
SLB STK SMART,20150324,133156,82.24,1,0,0,0,0,0
SLB STK SMART,20150324,133224,82.27,1,0,0,0,0,0
SLB STK SMART,20150324,133239,82.24,1,0,0,0,0,0
SLB STK SMART,20150324,133254,82.22,1,0,0,0,0,0
SLB STK SMART,20150324,133314,82.18,1,0,0,0,0,0
SLB STK SMART,20150324,133328,82.13,1,0,0,0,0,0
SLB STK SMART,20150324,133341,82.14,1,0,0,0,0,0
SLB STK SMART,20150324,133354,82.15,1,0,0,0,0,0
SLB STK SMART,20150324,133419,82.16,1,0,0,0,0,0
SLB STK SMART,20150324,133440,82.18,1,0,0,0,0,0
SLB STK SMART,20150324,133600,82.19,1,0,0,0,0,0
SLB STK SMART,20150324,133631,82.18,1,0,0,0,0,0
SLB STK SMART,20150324,133640,82.18,1,0,0,0,0,0
SLB STK SMART,20150324,133721,82.2,1,0,0,0,0,0
SLB STK SMART,20150324,133732,82.2,1,0,0,0,0,0
SLB STK SMART,20150324,133734,82.19,1,0,0,0,0,0
SLB STK SMART,20150324,133900,82.17,1,0,0,0,0,0
SLB STK SMART,20150324,133924,82.2,1,0,0,0,0,0
SLB STK SMART,20150324,133934,82.2,1,0,0,0,0,0
SLB STK SMART,20150324,133942,82.22,1,0,0,0,0,0
SLB STK SMART,20150324,133947,82.24,1,0,0,0,0,0
SLB STK SMART,20150324,134013,82.24,1,0,0,0,0,0
SLB STK SMART,20150324,134021,82.25,1,0,0,0,0,0
SLB STK SMART,20150324,134036,82.26,1,0,0,0,0,0
SLB STK SMART,20150324,134122,82.27,1,0,0,0,0,0
SLB STK SMART,20150324,134132,82.26,1,0,0,0,0,0
SLB STK SMART,20150324,134143,82.25,4,0,0,0,0,0
SLB STK SMART,20150324,134151,82.23,1,0,0,0,0,0
SLB STK SMART,20150324,134211,82.25,1,0,0,0,0,0
SLB STK SMART,20150324,134216,82.23,1,0,0,0,0,0
SLB STK SMART,20150324,134246,82.24,1,0,0,0,0,0
SLB STK SMART,20150324,134259,82.22,1,0,0,0,0,0
SLB STK SMART,20150324,134326,82.21,1,0,0,0,0,0
SLB STK SMART,20150324,134337,82.19,1,0,0,0,0,0
SLB STK SMART,20150324,134348,82.17,1,0,0,0,0,0
SLB STK SMART,20150324,134408,82.17,1,0,0,0,0,0
SLB STK SMART,20150324,134428,82.16,1,0,0,0,0,0
SLB STK SMART,20150324,134444,82.14,1,0,0,0,0,0
SLB STK SMART,20150324,134450,82.12,1,0,0,0,0,0
SLB STK SMART,20150324,134503,82.11,1,0,0,0,0,0
SLB STK SMART,20150324,134522,82.1,1,0,0,0,0,0
SLB STK SMART,20150324,134531,82.11,1,0,0,0,0,0
SLB STK SMART,20150324,134543,82.16,1,0,0,0,0,0
SLB STK SMART,20150324,134545,82.19,1,0,0,0,0,0
SLB STK SMART,20150324,134603,82.18,1,0,0,0,0,0
SLB STK SMART,20150324,134636,82.19,1,0,0,0,0,0
SLB STK SMART,20150324,134650,82.2,1,0,0,0,0,0
SLB STK SMART,20150324,134724,82.22,1,0,0,0,0,0
SLB STK SMART,20150324,134802,82.21,1,0,0,0,0,0
SLB STK SMART,20150324,134813,82.21,1,0,0,0,0,0
SLB STK SMART,20150324,134820,82.22,1,0,0,0,0,0
SLB STK SMART,20150324,134831,82.21,1,0,0,0,0,0
SLB STK SMART,20150324,134837,82.2,1,0,0,0,0,0
SLB STK SMART,20150324,134920,82.21,1,0,0,0,0,0
SLB STK SMART,20150324,134933,82.2,1,0,0,0,0,0
SLB STK SMART,20150324,134954,82.18,1,0,0,0,0,0
SLB STK SMART,20150324,134959,82.18,2,0,0,0,0,0
SLB STK SMART,20150324,135017,82.18,1,0,0,0,0,0
SLB STK SMART,20150324,135054,82.19,1,0,0,0,0,0
SLB STK SMART,20150324,135112,82.25,1,0,0,0,0,0
SLB STK SMART,20150324,135116,82.25,1,0,0,0,0,0
SLB STK SMART,20150324,135143,82.24,1,0,0,0,0,0
SLB STK SMART,20150324,135200,82.25,1,0,0,0,0,0
SLB STK SMART,20150324,135220,82.26,1,0,0,0,0,0
SLB STK SMART,20150324,135226,82.25,1,0,0,0,0,0
SLB STK SMART,20150324,135300,82.21,1,0,0,0,0,0
SLB STK SMART,20150324,135306,82.2,1,0,0,0,0,0
SLB STK SMART,20150324,135322,82.19,1,0,0,0,0,0
SLB STK SMART,20150324,135338,82.21,5,0,0,0,0,0
SLB STK SMART,20150324,135350,82.21,1,0,0,0,0,0
SLB STK SMART,20150324,135402,82.22,1,0,0,0,0,0
SLB STK SMART,20150324,135409,82.23,1,0,0,0,0,0
SLB STK SMART,20150324,135429,82.24,1,0,0,0,0,0
SLB STK SMART,20150324,135456,82.23,1,0,0,0,0,0
SLB STK SMART,20150324,135523,82.23,1,0,0,0,0,0
SLB STK SMART,20150324,135532,82.25,1,0,0,0,0,0
SLB STK SMART,20150324,135543,82.3,1,0,0,0,0,0
SLB STK SMART,20150324,135551,82.28,1,0,0,0,0,0
SLB STK SMART,20150324,135614,82.25,1,0,0,0,0,0
SLB STK SMART,20150324,135623,82.26,1,0,0,0,0,0
SLB STK SMART,20150324,135632,82.27,1,0,0,0,0,0
SLB STK SMART,20150324,135648,82.28,1,0,0,0,0,0
SLB STK SMART,20150324,135701,82.28,1,0,0,0,0,0
SLB STK SMART,20150324,135720,82.25,1,0,0,0,0,0
SLB STK SMART,20150324,135755,82.22,1,0,0,0,0,0
SLB STK SMART,20150324,135805,82.23,1,0,0,0,0,0
SLB STK SMART,20150324,135834,82.21,1,0,0,0,0,0
SLB STK SMART,20150324,135904,82.18,1,0,0,0,0,0
SLB STK SMART,20150324,135909,82.19,1,0,0,0,0,0
SLB STK SMART,20150324,135922,82.17,1,0,0,0,0,0
SLB STK SMART,20150324,135932,82.17,1,0,0,0,0,0
SLB STK SMART,20150324,135937,82.18,1,0,0,0,0,0
SLB STK SMART,20150324,135953,82.16,1,0,0,0,0,0
SLB STK SMART,20150324,140000,82.13,1,0,0,0,0,0
SLB STK SMART,20150324,140044,82.16,1,0,0,0,0,0
SLB STK SMART,20150324,140054,82.19,1,0,0,0,0,0
SLB STK SMART,20150324,140110,82.2,1,0,0,0,0,0
SLB STK SMART,20150324,140153,82.21,1,0,0,0,0,0
SLB STK SMART,20150324,140158,82.2,1,0,0,0,0,0
SLB STK SMART,20150324,140209,82.19,1,0,0,0,0,0
SLB STK SMART,20150324,140219,82.2,1,0,0,0,0,0
SLB STK SMART,20150324,140236,82.19,1,0,0,0,0,0
SLB STK SMART,20150324,140254,82.18,1,0,0,0,0,0
SLB STK SMART,20150324,140304,82.17,1,0,0,0,0,0
SLB STK SMART,20150324,140308,82.16,1,0,0,0,0,0
SLB STK SMART,20150324,140320,82.14,1,0,0,0,0,0
SLB STK SMART,20150324,140355,82.18,1,0,0,0,0,0
SLB STK SMART,20150324,140403,82.19,1,0,0,0,0,0
SLB STK SMART,20150324,140422,82.21,1,0,0,0,0,0
SLB STK SMART,20150324,140452,82.18,1,0,0,0,0,0
SLB STK SMART,20150324,140503,82.19,1,0,0,0,0,0
SLB STK SMART,20150324,140542,82.16,1,0,0,0,0,0
SLB STK SMART,20150324,140547,82.18,1,0,0,0,0,0
SLB STK SMART,20150324,140624,82.2,1,0,0,0,0,0
SLB STK SMART,20150324,140631,82.19,1,0,0,0,0,0
SLB STK SMART,20150324,140659,82.2,2,0,0,0,0,0
SLB STK SMART,20150324,140714,82.2,1,0,0,0,0,0
SLB STK SMART,20150324,140739,82.21,1,0,0,0,0,0
SLB STK SMART,20150324,140828,82.2,1,0,0,0,0,0
SLB STK SMART,20150324,140900,82.19,1,0,0,0,0,0
SLB STK SMART,20150324,140913,82.19,1,0,0,0,0,0
SLB STK SMART,20150324,140932,82.21,1,0,0,0,0,0
SLB STK SMART,20150324,140941,82.22,1,0,0,0,0,0
SLB STK SMART,20150324,140958,82.2,1,0,0,0,0,0
SLB STK SMART,20150324,141030,82.19,1,0,0,0,0,0
SLB STK SMART,20150324,141105,82.17,1,0,0,0,0,0
SLB STK SMART,20150324,141110,82.18,1,0,0,0,0,0
SLB STK SMART,20150324,141119,82.19,1,0,0,0,0,0
SLB STK SMART,20150324,141145,82.22,1,0,0,0,0,0
SLB STK SMART,20150324,141154,82.24,1,0,0,0,0,0
SLB STK SMART,20150324,141207,82.23,1,0,0,0,0,0
SLB STK SMART,20150324,141245,82.21,1,0,0,0,0,0
SLB STK SMART,20150324,141252,82.2,1,0,0,0,0,0
SLB STK SMART,20150324,141305,82.17,1,0,0,0,0,0
SLB STK SMART,20150324,141313,82.17,1,0,0,0,0,0
SLB STK SMART,20150324,141324,82.18,1,0,0,0,0,0
SLB STK SMART,20150324,141349,82.16,1,0,0,0,0,0
SLB STK SMART,20150324,141403,82.13,1,0,0,0,0,0
SLB STK SMART,20150324,141413,82.13,1,0,0,0,0,0
SLB STK SMART,20150324,141423,82.09,1,0,0,0,0,0
SLB STK SMART,20150324,141434,82.11,1,0,0,0,0,0
SLB STK SMART,20150324,141450,82.09,1,0,0,0,0,0
SLB STK SMART,20150324,141505,82.07,1,0,0,0,0,0
SLB STK SMART,20150324,141519,82.06,1,0,0,0,0,0
SLB STK SMART,20150324,141528,82.07,1,0,0,0,0,0
SLB STK SMART,20150324,141545,82.08,1,0,0,0,0,0
SLB STK SMART,20150324,141604,82.09,1,0,0,0,0,0
SLB STK SMART,20150324,141616,82.08,1,0,0,0,0,0
SLB STK SMART,20150324,141645,82.06,1,0,0,0,0,0
SLB STK SMART,20150324,141653,82.07,1,0,0,0,0,0
SLB STK SMART,20150324,141742,82.09,1,0,0,0,0,0
SLB STK SMART,20150324,141750,82.06,8,0,0,0,0,0
SLB STK SMART,20150324,141800,82.04,1,0,0,0,0,0
SLB STK SMART,20150324,141816,82.02,1,0,0,0,0,0
SLB STK SMART,20150324,141823,82.02,6,0,0,0,0,0
SLB STK SMART,20150324,141846,82.05,1,0,0,0,0,0
SLB STK SMART,20150324,141904,82.06,1,0,0,0,0,0
SLB STK SMART,20150324,141907,82.05,1,0,0,0,0,0
SLB STK SMART,20150324,141921,82.04,1,0,0,0,0,0
SLB STK SMART,20150324,141933,82.02,1,0,0,0,0,0
SLB STK SMART,20150324,141941,82.03,1,0,0,0,0,0
SLB STK SMART,20150324,142002,82.01,1,0,0,0,0,0
SLB STK SMART,20150324,142019,82.03,1,0,0,0,0,0
SLB STK SMART,20150324,142104,82.04,1,0,0,0,0,0
SLB STK SMART,20150324,142107,82.05,1,0,0,0,0,0
SLB STK SMART,20150324,142119,82.07,1,0,0,0,0,0
SLB STK SMART,20150324,142135,82.08,1,0,0,0,0,0
SLB STK SMART,20150324,142150,82.09,1,0,0,0,0,0
SLB STK SMART,20150324,142220,82.1,1,0,0,0,0,0
SLB STK SMART,20150324,142227,82.09,1,0,0,0,0,0
SLB STK SMART,20150324,142256,82.06,1,0,0,0,0,0
SLB STK SMART,20150324,142305,82.1,1,0,0,0,0,0
SLB STK SMART,20150324,142335,82.13,1,0,0,0,0,0
SLB STK SMART,20150324,142344,82.09,1,0,0,0,0,0
SLB STK SMART,20150324,142417,82.14,1,0,0,0,0,0
SLB STK SMART,20150324,142434,82.1,1,0,0,0,0,0
SLB STK SMART,20150324,142442,82.12,1,0,0,0,0,0
SLB STK SMART,20150324,142447,82.11,1,0,0,0,0,0
SLB STK SMART,20150324,142505,82.09,1,0,0,0,0,0
SLB STK SMART,20150324,142508,82.06,1,0,0,0,0,0
SLB STK SMART,20150324,142520,82.05,1,0,0,0,0,0
SLB STK SMART,20150324,142536,82.05,1,0,0,0,0,0
SLB STK SMART,20150324,142550,82.06,1,0,0,0,0,0
SLB STK SMART,20150324,142610,82.05,1,0,0,0,0,0
SLB STK SMART,20150324,142626,82.04,1,0,0,0,0,0
SLB STK SMART,20150324,142650,82.07,1,0,0,0,0,0
SLB STK SMART,20150324,142705,82.07,1,0,0,0,0,0
SLB STK SMART,20150324,142737,82.1,1,0,0,0,0,0
SLB STK SMART,20150324,142816,82.08,1,0,0,0,0,0
SLB STK SMART,20150324,142826,82.1,1,0,0,0,0,0
SLB STK SMART,20150324,142828,82.09,1,0,0,0,0,0
SLB STK SMART,20150324,142839,82.11,1,0,0,0,0,0
SLB STK SMART,20150324,142852,82.12,1,0,0,0,0,0
SLB STK SMART,20150324,142933,82.1,1,0,0,0,0,0
SLB STK SMART,20150324,142956,82.05,1,0,0,0,0,0
SLB STK SMART,20150324,142957,82.05,1,0,0,0,0,0
SLB STK SMART,20150324,143016,82.03,1,0,0,0,0,0
SLB STK SMART,20150324,143051,82,1,0,0,0,0,0
SLB STK SMART,20150324,143100,81.96,1,0,0,0,0,0
SLB STK SMART,20150324,143130,81.95,1,0,0,0,0,0
SLB STK SMART,20150324,143151,81.94,1,0,0,0,0,0
SLB STK SMART,20150324,143206,81.94,1,0,0,0,0,0
SLB STK SMART,20150324,143211,81.95,1,0,0,0,0,0
SLB STK SMART,20150324,143226,81.94,1,0,0,0,0,0
SLB STK SMART,20150324,143234,81.94,3,0,0,0,0,0
SLB STK SMART,20150324,143245,81.94,1,0,0,0,0,0
SLB STK SMART,20150324,143249,81.94,1,0,0,0,0,0
SLB STK SMART,20150324,143337,81.94,2,0,0,0,0,0
SLB STK SMART,20150324,143402,81.94,1,0,0,0,0,0
SLB STK SMART,20150324,143408,81.93,1,0,0,0,0,0
SLB STK SMART,20150324,143421,81.94,1,0,0,0,0,0
SLB STK SMART,20150324,143500,81.94,1,0,0,0,0,0
SLB STK SMART,20150324,143522,81.97,1,0,0,0,0,0
SLB STK SMART,20150324,143547,81.98,1,0,0,0,0,0
SLB STK SMART,20150324,143617,81.99,1,0,0,0,0,0
SLB STK SMART,20150324,143618,81.97,1,0,0,0,0,0
SLB STK SMART,20150324,143634,81.99,1,0,0,0,0,0
SLB STK SMART,20150324,143651,81.98,1,0,0,0,0,0
SLB STK SMART,20150324,143700,81.97,1,0,0,0,0,0
SLB STK SMART,20150324,143709,81.96,1,0,0,0,0,0
SLB STK SMART,20150324,143726,81.98,1,0,0,0,0,0
SLB STK SMART,20150324,143748,81.99,1,0,0,0,0,0
SLB STK SMART,20150324,143815,82,1,0,0,0,0,0
SLB STK SMART,20150324,143847,82.02,1,0,0,0,0,0
SLB STK SMART,20150324,143907,82.03,1,0,0,0,0,0
SLB STK SMART,20150324,143910,82.02,1,0,0,0,0,0
SLB STK SMART,20150324,143944,82.03,1,0,0,0,0,0
SLB STK SMART,20150324,144008,82.05,1,0,0,0,0,0
SLB STK SMART,20150324,144047,82.05,1,0,0,0,0,0
SLB STK SMART,20150324,144057,82.03,1,0,0,0,0,0
SLB STK SMART,20150324,144103,82.04,1,0,0,0,0,0
SLB STK SMART,20150324,144111,82.02,1,0,0,0,0,0
SLB STK SMART,20150324,144149,81.99,1,0,0,0,0,0
SLB STK SMART,20150324,144211,81.96,1,0,0,0,0,0
SLB STK SMART,20150324,144327,82,1,0,0,0,0,0
SLB STK SMART,20150324,144353,82.01,1,0,0,0,0,0
SLB STK SMART,20150324,144402,82.02,1,0,0,0,0,0
SLB STK SMART,20150324,144436,82.03,2,0,0,0,0,0
SLB STK SMART,20150324,144453,82.01,1,0,0,0,0,0
SLB STK SMART,20150324,144506,82.02,1,0,0,0,0,0
SLB STK SMART,20150324,144606,82.07,2,0,0,0,0,0
SLB STK SMART,20150324,144612,82.07,1,0,0,0,0,0
SLB STK SMART,20150324,144619,82.08,1,0,0,0,0,0
SLB STK SMART,20150324,144657,82.1,2,0,0,0,0,0
SLB STK SMART,20150324,144702,82.1,1,0,0,0,0,0
SLB STK SMART,20150324,144714,82.1,2,0,0,0,0,0
SLB STK SMART,20150324,144722,82.11,2,0,0,0,0,0
SLB STK SMART,20150324,144732,82.11,1,0,0,0,0,0
SLB STK SMART,20150324,144742,82.11,1,0,0,0,0,0
SLB STK SMART,20150324,144748,82.12,1,0,0,0,0,0
SLB STK SMART,20150324,144835,82.13,1,0,0,0,0,0
SLB STK SMART,20150324,144843,82.11,1,0,0,0,0,0
SLB STK SMART,20150324,144852,82.1,1,0,0,0,0,0
SLB STK SMART,20150324,144917,82.09,1,0,0,0,0,0
SLB STK SMART,20150324,144920,82.11,1,0,0,0,0,0
SLB STK SMART,20150324,144958,82.1,1,0,0,0,0,0
SLB STK SMART,20150324,145104,82.11,1,0,0,0,0,0
SLB STK SMART,20150324,145114,82.1,2,0,0,0,0,0
SLB STK SMART,20150324,145123,82.09,1,0,0,0,0,0
SLB STK SMART,20150324,145135,82.1,1,0,0,0,0,0
SLB STK SMART,20150324,145145,82.1,2,0,0,0,0,0
SLB STK SMART,20150324,145148,82.1,1,0,0,0,0,0
SLB STK SMART,20150324,145204,82.09,3,0,0,0,0,0
SLB STK SMART,20150324,145244,82.1,1,0,0,0,0,0
SLB STK SMART,20150324,145252,82.1,2,0,0,0,0,0
SLB STK SMART,20150324,145339,82.11,1,0,0,0,0,0
SLB STK SMART,20150324,145400,82.13,1,0,0,0,0,0
SLB STK SMART,20150324,145416,82.11,1,0,0,0,0,0
SLB STK SMART,20150324,145421,82.12,2,0,0,0,0,0
SLB STK SMART,20150324,145435,82.14,1,0,0,0,0,0
SLB STK SMART,20150324,145439,82.13,1,0,0,0,0,0
SLB STK SMART,20150324,145455,82.14,1,0,0,0,0,0
SLB STK SMART,20150324,145524,82.15,1,0,0,0,0,0
SLB STK SMART,20150324,145602,82.18,1,0,0,0,0,0
SLB STK SMART,20150324,145704,82.18,1,0,0,0,0,0
SLB STK SMART,20150324,145724,82.17,2,0,0,0,0,0
SLB STK SMART,20150324,145728,82.17,1,0,0,0,0,0
SLB STK SMART,20150324,145807,82.17,1,0,0,0,0,0
SLB STK SMART,20150324,145825,82.19,2,0,0,0,0,0
SLB STK SMART,20150324,145836,82.19,2,0,0,0,0,0
SLB STK SMART,20150324,145844,82.19,1,0,0,0,0,0
SLB STK SMART,20150324,145857,82.2,1,0,0,0,0,0
SLB STK SMART,20150324,145904,82.2,2,0,0,0,0,0
SLB STK SMART,20150324,145911,82.2,1,0,0,0,0,0
SLB STK SMART,20150324,145926,82.22,1,0,0,0,0,0
SLB STK SMART,20150324,145938,82.2,1,0,0,0,0,0
SLB STK SMART,20150324,145940,82.2,1,0,0,0,0,0
SLB STK SMART,20150324,150005,82.17,1,0,0,0,0,0
SLB STK SMART,20150324,150023,82.18,1,0,0,0,0,0
SLB STK SMART,20150324,150038,82.22,1,0,0,0,0,0
SLB STK SMART,20150324,150046,82.24,1,0,0,0,0,0
SLB STK SMART,20150324,150055,82.25,1,0,0,0,0,0
SLB STK SMART,20150324,150105,82.24,1,0,0,0,0,0
SLB STK SMART,20150324,150110,82.24,1,0,0,0,0,0
SLB STK SMART,20150324,150204,82.22,1,0,0,0,0,0
SLB STK SMART,20150324,150213,82.21,1,0,0,0,0,0
SLB STK SMART,20150324,150227,82.2,1,0,0,0,0,0
SLB STK SMART,20150324,150247,82.2,2,0,0,0,0,0
SLB STK SMART,20150324,150252,82.2,1,0,0,0,0,0
SLB STK SMART,20150324,150337,82.19,1,0,0,0,0,0
SLB STK SMART,20150324,150400,82.18,1,0,0,0,0,0
SLB STK SMART,20150324,150418,82.17,1,0,0,0,0,0
SLB STK SMART,20150324,150435,82.18,1,0,0,0,0,0
SLB STK SMART,20150324,150504,82.21,1,0,0,0,0,0
SLB STK SMART,20150324,150514,82.22,1,0,0,0,0,0
SLB STK SMART,20150324,150527,82.23,1,0,0,0,0,0
SLB STK SMART,20150324,150546,82.24,2,0,0,0,0,0
SLB STK SMART,20150324,150611,82.26,1,0,0,0,0,0
SLB STK SMART,20150324,150627,82.22,1,0,0,0,0,0
SLB STK SMART,20150324,150634,82.2,1,0,0,0,0,0
SLB STK SMART,20150324,150647,82.19,1,0,0,0,0,0
SLB STK SMART,20150324,150654,82.18,2,0,0,0,0,0
SLB STK SMART,20150324,150707,82.22,1,0,0,0,0,0
SLB STK SMART,20150324,150749,82.24,1,0,0,0,0,0
SLB STK SMART,20150324,150752,82.25,1,0,0,0,0,0
SLB STK SMART,20150324,150805,82.25,1,0,0,0,0,0
SLB STK SMART,20150324,150814,82.24,1,0,0,0,0,0
SLB STK SMART,20150324,150826,82.24,1,0,0,0,0,0
SLB STK SMART,20150324,150843,82.23,1,0,0,0,0,0
SLB STK SMART,20150324,150853,82.24,1,0,0,0,0,0
SLB STK SMART,20150324,150908,82.23,1,0,0,0,0,0
SLB STK SMART,20150324,150915,82.22,2,0,0,0,0,0
SLB STK SMART,20150324,150920,82.22,1,0,0,0,0,0
SLB STK SMART,20150324,150942,82.22,1,0,0,0,0,0
SLB STK SMART,20150324,151017,82.22,2,0,0,0,0,0
SLB STK SMART,20150324,151026,82.21,1,0,0,0,0,0
SLB STK SMART,20150324,151048,82.19,1,0,0,0,0,0
SLB STK SMART,20150324,151058,82.18,1,0,0,0,0,0
SLB STK SMART,20150324,151105,82.17,1,0,0,0,0,0
SLB STK SMART,20150324,151114,82.16,1,0,0,0,0,0
SLB STK SMART,20150324,151125,82.17,2,0,0,0,0,0
SLB STK SMART,20150324,151131,82.17,2,0,0,0,0,0
SLB STK SMART,20150324,151153,82.15,1,0,0,0,0,0
SLB STK SMART,20150324,151201,82.14,1,0,0,0,0,0
SLB STK SMART,20150324,151210,82.15,1,0,0,0,0,0
SLB STK SMART,20150324,151226,82.14,2,0,0,0,0,0
SLB STK SMART,20150324,151236,82.13,1,0,0,0,0,0
SLB STK SMART,20150324,151259,82.11,1,0,0,0,0,0
SLB STK SMART,20150324,151309,82.11,2,0,0,0,0,0
SLB STK SMART,20150324,151323,82.12,1,0,0,0,0,0
SLB STK SMART,20150324,151427,82.11,1,0,0,0,0,0
SLB STK SMART,20150324,151445,82.1,1,0,0,0,0,0
SLB STK SMART,20150324,151457,82.11,1,0,0,0,0,0
SLB STK SMART,20150324,151500,82.1,1,0,0,0,0,0
SLB STK SMART,20150324,151512,82.09,1,0,0,0,0,0
SLB STK SMART,20150324,151525,82.1,1,0,0,0,0,0
SLB STK SMART,20150324,151532,82.11,1,0,0,0,0,0
SLB STK SMART,20150324,151546,82.1,1,0,0,0,0,0
SLB STK SMART,20150324,151554,82.09,1,0,0,0,0,0
SLB STK SMART,20150324,151612,82.11,2,0,0,0,0,0
SLB STK SMART,20150324,151624,82.11,1,0,0,0,0,0
SLB STK SMART,20150324,151757,82.12,1,0,0,0,0,0
SLB STK SMART,20150324,151808,82.16,1,0,0,0,0,0
SLB STK SMART,20150324,151817,82.17,1,0,0,0,0,0
SLB STK SMART,20150324,151823,82.17,1,0,0,0,0,0
SLB STK SMART,20150324,151839,82.16,1,0,0,0,0,0
SLB STK SMART,20150324,151855,82.18,4,0,0,0,0,0
SLB STK SMART,20150324,151907,82.19,2,0,0,0,0,0
SLB STK SMART,20150324,151917,82.21,2,0,0,0,0,0
SLB STK SMART,20150324,151926,82.21,1,0,0,0,0,0
SLB STK SMART,20150324,151932,82.19,1,0,0,0,0,0
SLB STK SMART,20150324,151949,82.18,1,0,0,0,0,0
SLB STK SMART,20150324,151958,82.13,1,0,0,0,0,0
SLB STK SMART,20150324,152007,82.14,1,0,0,0,0,0
SLB STK SMART,20150324,152019,82.13,1,0,0,0,0,0
SLB STK SMART,20150324,152027,82.11,1,0,0,0,0,0
SLB STK SMART,20150324,152039,82.08,1,0,0,0,0,0
SLB STK SMART,20150324,152057,82.07,2,0,0,0,0,0
SLB STK SMART,20150324,152108,82.06,1,0,0,0,0,0
SLB STK SMART,20150324,152117,82.06,1,0,0,0,0,0
SLB STK SMART,20150324,152124,82.04,1,0,0,0,0,0
SLB STK SMART,20150324,152136,82.06,1,0,0,0,0,0
SLB STK SMART,20150324,152142,82.08,1,0,0,0,0,0
SLB STK SMART,20150324,152159,82.11,2,0,0,0,0,0
SLB STK SMART,20150324,152209,82.13,2,0,0,0,0,0
SLB STK SMART,20150324,152222,82.12,1,0,0,0,0,0
SLB STK SMART,20150324,152239,82.08,1,0,0,0,0,0
SLB STK SMART,20150324,152240,82.09,1,0,0,0,0,0
SLB STK SMART,20150324,152312,82.1,1,0,0,0,0,0
SLB STK SMART,20150324,152338,82.11,2,0,0,0,0,0
SLB STK SMART,20150324,152359,82.08,1,0,0,0,0,0
SLB STK SMART,20150324,152407,82.07,1,0,0,0,0,0
SLB STK SMART,20150324,152417,82.08,1,0,0,0,0,0
SLB STK SMART,20150324,152428,82.07,1,0,0,0,0,0
SLB STK SMART,20150324,152444,82.09,1,0,0,0,0,0
SLB STK SMART,20150324,152459,82.12,1,0,0,0,0,0
SLB STK SMART,20150324,152524,82.11,1,0,0,0,0,0
SLB STK SMART,20150324,152540,82.1,2,0,0,0,0,0
SLB STK SMART,20150324,152542,82.1,1,0,0,0,0,0
SLB STK SMART,20150324,152556,82.13,1,0,0,0,0,0
SLB STK SMART,20150324,152639,82.13,2,0,0,0,0,0
SLB STK SMART,20150324,152652,82.14,1,0,0,0,0,0
SLB STK SMART,20150324,152709,82.15,2,0,0,0,0,0
SLB STK SMART,20150324,152714,82.15,2,0,0,0,0,0
SLB STK SMART,20150324,152737,82.16,1,0,0,0,0,0
SLB STK SMART,20150324,152757,82.15,2,0,0,0,0,0
SLB STK SMART,20150324,152800,82.16,1,0,0,0,0,0
SLB STK SMART,20150324,152817,82.13,1,0,0,0,0,0
SLB STK SMART,20150324,152839,82.12,2,0,0,0,0,0
SLB STK SMART,20150324,152846,82.11,1,0,0,0,0,0
SLB STK SMART,20150324,152901,82.1,1,0,0,0,0,0
SLB STK SMART,20150324,152919,82.08,1,0,0,0,0,0
SLB STK SMART,20150324,152941,82.06,2,0,0,0,0,0
SLB STK SMART,20150324,152959,82.12,1,0,0,0,0,0
SLB STK SMART,20150324,153007,82.12,2,0,0,0,0,0
SLB STK SMART,20150324,153021,82.12,1,0,0,0,0,0
SLB STK SMART,20150324,153033,82.09,1,0,0,0,0,0
SLB STK SMART,20150324,153046,82.12,1,0,0,0,0,0
SLB STK SMART,20150324,153115,82.15,2,0,0,0,0,0
SLB STK SMART,20150324,153139,82.14,2,0,0,0,0,0
SLB STK SMART,20150324,153149,82.16,1,0,0,0,0,0
SLB STK SMART,20150324,153152,82.16,1,0,0,0,0,0
SLB STK SMART,20150324,153221,82.18,1,0,0,0,0,0
SLB STK SMART,20150324,153239,82.18,2,0,0,0,0,0
SLB STK SMART,20150324,153246,82.18,1,0,0,0,0,0
SLB STK SMART,20150324,153300,82.17,1,0,0,0,0,0
SLB STK SMART,20150324,153325,82.16,2,0,0,0,0,0
SLB STK SMART,20150324,153338,82.18,1,0,0,0,0,0
SLB STK SMART,20150324,153351,82.19,1,0,0,0,0,0
SLB STK SMART,20150324,153407,82.19,2,0,0,0,0,0
SLB STK SMART,20150324,153412,82.19,2,0,0,0,0,0
SLB STK SMART,20150324,153428,82.19,1,0,0,0,0,0
SLB STK SMART,20150324,153435,82.2,1,0,0,0,0,0
SLB STK SMART,20150324,153444,82.19,2,0,0,0,0,0
SLB STK SMART,20150324,153455,82.19,1,0,0,0,0,0
SLB STK SMART,20150324,153509,82.18,2,0,0,0,0,0
SLB STK SMART,20150324,153519,82.19,1,0,0,0,0,0
SLB STK SMART,20150324,153529,82.18,1,0,0,0,0,0
SLB STK SMART,20150324,153538,82.19,1,0,0,0,0,0
SLB STK SMART,20150324,153552,82.2,1,0,0,0,0,0
SLB STK SMART,20150324,153609,82.18,1,0,0,0,0,0
SLB STK SMART,20150324,153615,82.16,1,0,0,0,0,0
SLB STK SMART,20150324,153631,82.17,1,0,0,0,0,0
SLB STK SMART,20150324,153720,82.19,2,0,0,0,0,0
SLB STK SMART,20150324,153727,82.2,1,0,0,0,0,0
SLB STK SMART,20150324,153749,82.2,1,0,0,0,0,0
SLB STK SMART,20150324,153752,82.2,2,0,0,0,0,0
SLB STK SMART,20150324,153809,82.19,1,0,0,0,0,0
SLB STK SMART,20150324,153813,82.18,1,0,0,0,0,0
SLB STK SMART,20150324,153827,82.19,1,0,0,0,0,0
SLB STK SMART,20150324,153858,82.2,1,0,0,0,0,0
SLB STK SMART,20150324,153903,82.21,1,0,0,0,0,0
SLB STK SMART,20150324,153930,82.22,1,0,0,0,0,0
SLB STK SMART,20150324,153937,82.22,1,0,0,0,0,0
SLB STK SMART,20150324,153948,82.23,1,0,0,0,0,0
SLB STK SMART,20150324,153957,82.22,1,0,0,0,0,0
SLB STK SMART,20150324,154010,82.23,2,0,0,0,0,0
SLB STK SMART,20150324,154011,82.22,2,0,0,0,0,0
SLB STK SMART,20150324,154026,82.23,1,0,0,0,0,0
SLB STK SMART,20150324,154032,82.2,1,0,0,0,0,0
SLB STK SMART,20150324,154106,82.18,1,0,0,0,0,0
SLB STK SMART,20150324,154126,82.19,1,0,0,0,0,0
SLB STK SMART,20150324,154144,82.18,1,0,0,0,0,0
SLB STK SMART,20150324,154209,82.18,1,0,0,0,0,0
SLB STK SMART,20150324,154214,82.17,1,0,0,0,0,0
SLB STK SMART,20150324,154225,82.18,1,0,0,0,0,0
SLB STK SMART,20150324,154238,82.18,1,0,0,0,0,0
SLB STK SMART,20150324,154252,82.17,1,0,0,0,0,0
SLB STK SMART,20150324,154306,82.16,1,0,0,0,0,0
SLB STK SMART,20150324,154317,82.15,2,0,0,0,0,0
SLB STK SMART,20150324,154321,82.13,1,0,0,0,0,0
SLB STK SMART,20150324,154340,82.12,2,0,0,0,0,0
SLB STK SMART,20150324,154348,82.1,1,0,0,0,0,0
SLB STK SMART,20150324,154357,82.1,1,0,0,0,0,0
SLB STK SMART,20150324,154429,82.1,1,0,0,0,0,0
SLB STK SMART,20150324,154432,82.11,1,0,0,0,0,0
SLB STK SMART,20150324,154445,82.11,1,0,0,0,0,0
SLB STK SMART,20150324,154455,82.12,1,0,0,0,0,0
SLB STK SMART,20150324,154506,82.09,1,0,0,0,0,0
SLB STK SMART,20150324,154514,82.08,1,0,0,0,0,0
SLB STK SMART,20150324,154530,82.07,1,0,0,0,0,0
SLB STK SMART,20150324,154537,82.09,1,0,0,0,0,0
SLB STK SMART,20150324,154553,82.1,1,0,0,0,0,0
SLB STK SMART,20150324,154609,82.12,2,0,0,0,0,0
SLB STK SMART,20150324,154620,82.14,1,0,0,0,0,0
SLB STK SMART,20150324,154640,82.15,1,0,0,0,0,0
SLB STK SMART,20150324,154650,82.13,1,0,0,0,0,0
SLB STK SMART,20150324,154657,82.12,1,0,0,0,0,0
SLB STK SMART,20150324,154710,82.11,1,0,0,0,0,0
SLB STK SMART,20150324,154714,82.1,1,0,0,0,0,0
SLB STK SMART,20150324,154726,82.1,1,0,0,0,0,0
SLB STK SMART,20150324,154740,82.11,1,0,0,0,0,0
SLB STK SMART,20150324,154751,82.1,1,0,0,0,0,0
SLB STK SMART,20150324,154800,82.07,1,0,0,0,0,0
SLB STK SMART,20150324,154804,82.06,1,0,0,0,0,0
SLB STK SMART,20150324,154820,82.05,2,0,0,0,0,0
SLB STK SMART,20150324,154831,82.08,1,0,0,0,0,0
SLB STK SMART,20150324,154840,82.08,1,0,0,0,0,0
SLB STK SMART,20150324,154856,82.08,1,0,0,0,0,0
SLB STK SMART,20150324,154902,82.06,1,0,0,0,0,0
SLB STK SMART,20150324,154921,82.05,1,0,0,0,0,0
SLB STK SMART,20150324,154922,82.06,1,0,0,0,0,0
SLB STK SMART,20150324,154950,82.06,2,0,0,0,0,0
SLB STK SMART,20150324,155000,82.06,1,0,0,0,0,0
SLB STK SMART,20150324,155009,82.07,1,0,0,0,0,0
SLB STK SMART,20150324,155020,82.08,1,0,0,0,0,0
SLB STK SMART,20150324,155027,82.07,1,0,0,0,0,0
SLB STK SMART,20150324,155039,82.06,1,0,0,0,0,0
SLB STK SMART,20150324,155048,82.07,2,0,0,0,0,0
SLB STK SMART,20150324,155058,82.06,1,0,0,0,0,0
SLB STK SMART,20150324,155108,82.04,1,0,0,0,0,0
SLB STK SMART,20150324,155120,82.02,1,0,0,0,0,0
SLB STK SMART,20150324,155125,82.01,2,0,0,0,0,0
SLB STK SMART,20150324,155134,82,1,0,0,0,0,0
SLB STK SMART,20150324,155148,81.99,1,0,0,0,0,0
SLB STK SMART,20150324,155158,81.99,1,0,0,0,0,0
SLB STK SMART,20150324,155204,82,1,0,0,0,0,0
SLB STK SMART,20150324,155221,82.01,1,0,0,0,0,0
SLB STK SMART,20150324,155231,82.02,2,0,0,0,0,0
SLB STK SMART,20150324,155240,82.01,2,0,0,0,0,0
SLB STK SMART,20150324,155250,81.99,1,0,0,0,0,0
SLB STK SMART,20150324,155258,82.03,1,0,0,0,0,0
SLB STK SMART,20150324,155308,82.04,2,0,0,0,0,0
SLB STK SMART,20150324,155318,82.04,1,0,0,0,0,0
SLB STK SMART,20150324,155331,82.03,1,0,0,0,0,0
SLB STK SMART,20150324,155349,82.01,1,0,0,0,0,0
SLB STK SMART,20150324,155419,81.99,1,0,0,0,0,0
SLB STK SMART,20150324,155431,82,1,0,0,0,0,0
SLB STK SMART,20150324,155438,82,1,0,0,0,0,0
SLB STK SMART,20150324,155451,82,1,0,0,0,0,0
SLB STK SMART,20150324,155456,82,1,0,0,0,0,0
SLB STK SMART,20150324,155507,81.99,1,0,0,0,0,0
SLB STK SMART,20150324,155518,82,1,0,0,0,0,0
SLB STK SMART,20150324,155530,82,1,0,0,0,0,0
SLB STK SMART,20150324,155541,81.99,2,0,0,0,0,0
SLB STK SMART,20150324,155550,81.97,1,0,0,0,0,0
SLB STK SMART,20150324,155600,81.96,1,0,0,0,0,0
SLB STK SMART,20150324,155617,81.95,1,0,0,0,0,0
SLB STK SMART,20150324,155640,81.93,1,0,0,0,0,0
SLB STK SMART,20150324,155657,81.92,1,0,0,0,0,0
SLB STK SMART,20150324,155710,81.93,1,0,0,0,0,0
SLB STK SMART,20150324,155729,81.93,1,0,0,0,0,0
SLB STK SMART,20150324,155737,81.94,1,0,0,0,0,0
SLB STK SMART,20150324,155751,81.95,1,0,0,0,0,0
SLB STK SMART,20150324,155759,81.96,1,0,0,0,0,0
SLB STK SMART,20150324,155802,81.95,1,0,0,0,0,0
SLB STK SMART,20150324,155816,81.95,1,0,0,0,0,0
SLB STK SMART,20150324,155831,81.94,1,0,0,0,0,0
SLB STK SMART,20150324,155839,81.93,1,0,0,0,0,0
SLB STK SMART,20150324,155851,81.9,1,0,0,0,0,0
SLB STK SMART,20150324,155901,81.88,1,0,0,0,0,0
SLB STK SMART,20150324,155910,81.86,1,0,0,0,0,0
SLB STK SMART,20150324,155920,81.85,1,0,0,0,0,0
SLB STK SMART,20150324,155924,81.85,1,0,0,0,0,0
