1453                
XLU STK SMART,20150324,92938,44.97,2,0,0,0,0,0
XLU STK SMART,20150324,92946,44.93,2,0,0,0,0,0
XLU STK SMART,20150324,92958,44.96,1,0,0,0,0,0
XLU STK SMART,20150324,93007,44.94,1,0,0,0,0,0
XLU STK SMART,20150324,93018,45,1,0,0,0,0,0
XLU STK SMART,20150324,93026,44.98,2,0,0,0,0,0
XLU STK SMART,20150324,93038,45.03,1,0,0,0,0,0
XLU STK SMART,20150324,93049,45.05,1,0,0,0,0,0
XLU STK SMART,20150324,93057,45.07,2,0,0,0,0,0
XLU STK SMART,20150324,93104,45.09,2,0,0,0,0,0
XLU STK SMART,20150324,93118,45.13,1,0,0,0,0,0
XLU STK SMART,20150324,93128,45.13,1,0,0,0,0,0
XLU STK SMART,20150324,93135,45.14,1,0,0,0,0,0
XLU STK SMART,20150324,93146,45.15,1,0,0,0,0,0
XLU STK SMART,20150324,93157,45.16,1,0,0,0,0,0
XLU STK SMART,20150324,93207,45.14,2,0,0,0,0,0
XLU STK SMART,20150324,93219,45.15,8,0,0,0,0,0
XLU STK SMART,20150324,93229,45.15,8,0,0,0,0,0
XLU STK SMART,20150324,93233,45.15,1,0,0,0,0,0
XLU STK SMART,20150324,93255,45.15,1,0,0,0,0,0
XLU STK SMART,20150324,93309,45.17,1,0,0,0,0,0
XLU STK SMART,20150324,93318,45.2,4,0,0,0,0,0
XLU STK SMART,20150324,93328,45.22,3,0,0,0,0,0
XLU STK SMART,20150324,93335,45.22,1,0,0,0,0,0
XLU STK SMART,20150324,93348,45.13,2,0,0,0,0,0
XLU STK SMART,20150324,93359,45.11,2,0,0,0,0,0
XLU STK SMART,20150324,93409,45.09,2,0,0,0,0,0
XLU STK SMART,20150324,93419,45.09,1,0,0,0,0,0
XLU STK SMART,20150324,93425,45.14,1,0,0,0,0,0
XLU STK SMART,20150324,93439,45.13,2,0,0,0,0,0
XLU STK SMART,20150324,93448,45.17,1,0,0,0,0,0
XLU STK SMART,20150324,93459,45.13,2,0,0,0,0,0
XLU STK SMART,20150324,93508,45.11,2,0,0,0,0,0
XLU STK SMART,20150324,93519,45.06,2,0,0,0,0,0
XLU STK SMART,20150324,93529,45.07,3,0,0,0,0,0
XLU STK SMART,20150324,93539,45.06,1,0,0,0,0,0
XLU STK SMART,20150324,93539,45.07,1,0,0,0,0,0
XLU STK SMART,20150324,93556,45.08,1,0,0,0,0,0
XLU STK SMART,20150324,93609,45.07,2,0,0,0,0,0
XLU STK SMART,20150324,93619,45.05,1,0,0,0,0,0
XLU STK SMART,20150324,93629,45.07,3,0,0,0,0,0
XLU STK SMART,20150324,93635,45.06,1,0,0,0,0,0
XLU STK SMART,20150324,93647,45.07,2,0,0,0,0,0
XLU STK SMART,20150324,93652,45.07,1,0,0,0,0,0
XLU STK SMART,20150324,93728,45.07,1,0,0,0,0,0
XLU STK SMART,20150324,93749,45.07,1,0,0,0,0,0
XLU STK SMART,20150324,93807,45.07,2,0,0,0,0,0
XLU STK SMART,20150324,93813,45.08,1,0,0,0,0,0
XLU STK SMART,20150324,93824,45.07,1,0,0,0,0,0
XLU STK SMART,20150324,93833,45.1,1,0,0,0,0,0
XLU STK SMART,20150324,93848,45.08,1,0,0,0,0,0
XLU STK SMART,20150324,93858,45.08,2,0,0,0,0,0
XLU STK SMART,20150324,93905,45.07,1,0,0,0,0,0
XLU STK SMART,20150324,93915,45.06,2,0,0,0,0,0
XLU STK SMART,20150324,93927,45.06,1,0,0,0,0,0
XLU STK SMART,20150324,93938,45.05,1,0,0,0,0,0
XLU STK SMART,20150324,93945,45.07,1,0,0,0,0,0
XLU STK SMART,20150324,93957,45.06,1,0,0,0,0,0
XLU STK SMART,20150324,94006,45.03,2,0,0,0,0,0
XLU STK SMART,20150324,94016,45.02,1,0,0,0,0,0
XLU STK SMART,20150324,94027,45.11,4,0,0,0,0,0
XLU STK SMART,20150324,94035,45.09,1,0,0,0,0,0
XLU STK SMART,20150324,94043,45.09,1,0,0,0,0,0
XLU STK SMART,20150324,94059,45.08,1,0,0,0,0,0
XLU STK SMART,20150324,94109,45.03,1,0,0,0,0,0
XLU STK SMART,20150324,94117,45.02,4,0,0,0,0,0
XLU STK SMART,20150324,94125,45.01,3,0,0,0,0,0
XLU STK SMART,20150324,94134,45.01,1,0,0,0,0,0
XLU STK SMART,20150324,94148,45.01,1,0,0,0,0,0
XLU STK SMART,20150324,94150,45,1,0,0,0,0,0
XLU STK SMART,20150324,94219,45.04,4,0,0,0,0,0
XLU STK SMART,20150324,94225,45.06,1,0,0,0,0,0
XLU STK SMART,20150324,94239,45.05,1,0,0,0,0,0
XLU STK SMART,20150324,94246,45.06,1,0,0,0,0,0
XLU STK SMART,20150324,94259,45.06,4,0,0,0,0,0
XLU STK SMART,20150324,94309,45.05,4,0,0,0,0,0
XLU STK SMART,20150324,94319,45.04,2,0,0,0,0,0
XLU STK SMART,20150324,94320,45.04,1,0,0,0,0,0
XLU STK SMART,20150324,94337,45.02,1,0,0,0,0,0
XLU STK SMART,20150324,94347,45.02,1,0,0,0,0,0
XLU STK SMART,20150324,94356,45.03,1,0,0,0,0,0
XLU STK SMART,20150324,94419,45.01,1,0,0,0,0,0
XLU STK SMART,20150324,94429,45.02,3,0,0,0,0,0
XLU STK SMART,20150324,94433,45.02,1,0,0,0,0,0
XLU STK SMART,20150324,94459,45.02,1,0,0,0,0,0
XLU STK SMART,20150324,94508,45.02,1,0,0,0,0,0
XLU STK SMART,20150324,94606,45.02,1,0,0,0,0,0
XLU STK SMART,20150324,94615,45.02,1,0,0,0,0,0
XLU STK SMART,20150324,94625,45.01,1,0,0,0,0,0
XLU STK SMART,20150324,94653,45,1,0,0,0,0,0
XLU STK SMART,20150324,94719,45.01,1,0,0,0,0,0
XLU STK SMART,20150324,94728,45.03,1,0,0,0,0,0
XLU STK SMART,20150324,94739,45.04,1,0,0,0,0,0
XLU STK SMART,20150324,94800,45.04,1,0,0,0,0,0
XLU STK SMART,20150324,94805,45.05,2,0,0,0,0,0
XLU STK SMART,20150324,94817,45.07,1,0,0,0,0,0
XLU STK SMART,20150324,94828,45.07,2,0,0,0,0,0
XLU STK SMART,20150324,94838,45.08,4,0,0,0,0,0
XLU STK SMART,20150324,94857,45.08,2,0,0,0,0,0
XLU STK SMART,20150324,94906,45.06,1,0,0,0,0,0
XLU STK SMART,20150324,94917,45.07,1,0,0,0,0,0
XLU STK SMART,20150324,94930,45.07,3,0,0,0,0,0
XLU STK SMART,20150324,94940,45.06,4,0,0,0,0,0
XLU STK SMART,20150324,94944,45.07,1,0,0,0,0,0
XLU STK SMART,20150324,94956,45.08,1,0,0,0,0,0
XLU STK SMART,20150324,95007,45.02,5,0,0,0,0,0
XLU STK SMART,20150324,95011,45.01,1,0,0,0,0,0
XLU STK SMART,20150324,95029,45,1,0,0,0,0,0
XLU STK SMART,20150324,95038,45,2,0,0,0,0,0
XLU STK SMART,20150324,95049,45,2,0,0,0,0,0
XLU STK SMART,20150324,95052,44.99,2,0,0,0,0,0
XLU STK SMART,20150324,95118,44.99,1,0,0,0,0,0
XLU STK SMART,20150324,95139,44.99,1,0,0,0,0,0
XLU STK SMART,20150324,95149,44.99,1,0,0,0,0,0
XLU STK SMART,20150324,95156,44.99,5,0,0,0,0,0
XLU STK SMART,20150324,95204,44.98,1,0,0,0,0,0
XLU STK SMART,20150324,95217,44.98,1,0,0,0,0,0
XLU STK SMART,20150324,95229,44.95,5,0,0,0,0,0
XLU STK SMART,20150324,95233,44.94,4,0,0,0,0,0
XLU STK SMART,20150324,95245,44.97,1,0,0,0,0,0
XLU STK SMART,20150324,95259,45,1,0,0,0,0,0
XLU STK SMART,20150324,95309,44.99,1,0,0,0,0,0
XLU STK SMART,20150324,95320,45,5,0,0,0,0,0
XLU STK SMART,20150324,95324,45.01,1,0,0,0,0,0
XLU STK SMART,20150324,95336,45.01,1,0,0,0,0,0
XLU STK SMART,20150324,95350,45,1,0,0,0,0,0
XLU STK SMART,20150324,95358,44.98,1,0,0,0,0,0
XLU STK SMART,20150324,95418,44.98,1,0,0,0,0,0
XLU STK SMART,20150324,95439,45.03,5,0,0,0,0,0
XLU STK SMART,20150324,95450,45.03,2,0,0,0,0,0
XLU STK SMART,20150324,95458,45.03,1,0,0,0,0,0
XLU STK SMART,20150324,95515,45.04,2,0,0,0,0,0
XLU STK SMART,20150324,95528,45.03,1,0,0,0,0,0
XLU STK SMART,20150324,95546,45.02,5,0,0,0,0,0
XLU STK SMART,20150324,95559,45.04,2,0,0,0,0,0
XLU STK SMART,20150324,95616,45.07,2,0,0,0,0,0
XLU STK SMART,20150324,95627,45.08,1,0,0,0,0,0
XLU STK SMART,20150324,95636,45.06,3,0,0,0,0,0
XLU STK SMART,20150324,95659,45.06,2,0,0,0,0,0
XLU STK SMART,20150324,95713,45.07,1,0,0,0,0,0
XLU STK SMART,20150324,95740,45.11,2,0,0,0,0,0
XLU STK SMART,20150324,95742,45.11,1,0,0,0,0,0
XLU STK SMART,20150324,95759,45.1,1,0,0,0,0,0
XLU STK SMART,20150324,95809,45.1,1,0,0,0,0,0
XLU STK SMART,20150324,95847,45.08,1,0,0,0,0,0
XLU STK SMART,20150324,95856,45.09,1,0,0,0,0,0
XLU STK SMART,20150324,95911,45.1,1,0,0,0,0,0
XLU STK SMART,20150324,95930,45.11,1,0,0,0,0,0
XLU STK SMART,20150324,95940,45.1,1,0,0,0,0,0
XLU STK SMART,20150324,95949,45.12,2,0,0,0,0,0
XLU STK SMART,20150324,95954,45.12,2,0,0,0,0,0
XLU STK SMART,20150324,100008,45.13,1,0,0,0,0,0
XLU STK SMART,20150324,100020,45.13,8,0,0,0,0,0
XLU STK SMART,20150324,100030,45.12,2,0,0,0,0,0
XLU STK SMART,20150324,100100,45.12,2,0,0,0,0,0
XLU STK SMART,20150324,100101,45.11,1,0,0,0,0,0
XLU STK SMART,20150324,100120,45.11,2,0,0,0,0,0
XLU STK SMART,20150324,100121,45.11,2,0,0,0,0,0
XLU STK SMART,20150324,100131,45.1,1,0,0,0,0,0
XLU STK SMART,20150324,100145,45.07,4,0,0,0,0,0
XLU STK SMART,20150324,100158,45.08,1,0,0,0,0,0
XLU STK SMART,20150324,100214,45.09,1,0,0,0,0,0
XLU STK SMART,20150324,100226,45.09,2,0,0,0,0,0
XLU STK SMART,20150324,100240,45.1,1,0,0,0,0,0
XLU STK SMART,20150324,100241,45.09,1,0,0,0,0,0
XLU STK SMART,20150324,100251,45.08,2,0,0,0,0,0
XLU STK SMART,20150324,100303,45.09,1,0,0,0,0,0
XLU STK SMART,20150324,100343,45.1,1,0,0,0,0,0
XLU STK SMART,20150324,100354,45.11,1,0,0,0,0,0
XLU STK SMART,20150324,100413,45.1,1,0,0,0,0,0
XLU STK SMART,20150324,100445,45.1,1,0,0,0,0,0
XLU STK SMART,20150324,100451,45.09,1,0,0,0,0,0
XLU STK SMART,20150324,100520,45.1,1,0,0,0,0,0
XLU STK SMART,20150324,100529,45.1,1,0,0,0,0,0
XLU STK SMART,20150324,100537,45.09,3,0,0,0,0,0
XLU STK SMART,20150324,100550,45.09,1,0,0,0,0,0
XLU STK SMART,20150324,100554,45.09,2,0,0,0,0,0
XLU STK SMART,20150324,100606,45.08,1,0,0,0,0,0
XLU STK SMART,20150324,100641,45.09,1,0,0,0,0,0
XLU STK SMART,20150324,100648,45.1,1,0,0,0,0,0
XLU STK SMART,20150324,100701,45.11,4,0,0,0,0,0
XLU STK SMART,20150324,100717,45.1,3,0,0,0,0,0
XLU STK SMART,20150324,100730,45.1,1,0,0,0,0,0
XLU STK SMART,20150324,100747,45.11,1,0,0,0,0,0
XLU STK SMART,20150324,100814,45.11,7,0,0,0,0,0
XLU STK SMART,20150324,100825,45.12,1,0,0,0,0,0
XLU STK SMART,20150324,100839,45.13,1,0,0,0,0,0
XLU STK SMART,20150324,100848,45.13,1,0,0,0,0,0
XLU STK SMART,20150324,100924,45.13,1,0,0,0,0,0
XLU STK SMART,20150324,100938,45.12,1,0,0,0,0,0
XLU STK SMART,20150324,100943,45.11,1,0,0,0,0,0
XLU STK SMART,20150324,101001,45.1,3,0,0,0,0,0
XLU STK SMART,20150324,101002,45.1,1,0,0,0,0,0
XLU STK SMART,20150324,101021,45.1,1,0,0,0,0,0
XLU STK SMART,20150324,101021,45.1,5,0,0,0,0,0
XLU STK SMART,20150324,101032,45.1,1,0,0,0,0,0
XLU STK SMART,20150324,101059,45.11,1,0,0,0,0,0
XLU STK SMART,20150324,101109,45.13,1,0,0,0,0,0
XLU STK SMART,20150324,101117,45.12,2,0,0,0,0,0
XLU STK SMART,20150324,101126,45.12,1,0,0,0,0,0
XLU STK SMART,20150324,101143,45.12,1,0,0,0,0,0
XLU STK SMART,20150324,101230,45.11,1,0,0,0,0,0
XLU STK SMART,20150324,101300,45.07,1,0,0,0,0,0
XLU STK SMART,20150324,101305,45.07,2,0,0,0,0,0
XLU STK SMART,20150324,101321,45.07,1,0,0,0,0,0
XLU STK SMART,20150324,101328,45.08,2,0,0,0,0,0
XLU STK SMART,20150324,101334,45.07,2,0,0,0,0,0
XLU STK SMART,20150324,101346,45.06,1,0,0,0,0,0
XLU STK SMART,20150324,101401,45.05,1,0,0,0,0,0
XLU STK SMART,20150324,101410,45.07,1,0,0,0,0,0
XLU STK SMART,20150324,101421,45.04,3,0,0,0,0,0
XLU STK SMART,20150324,101431,45.03,2,0,0,0,0,0
XLU STK SMART,20150324,101431,45.02,1,0,0,0,0,0
XLU STK SMART,20150324,101451,45.03,2,0,0,0,0,0
XLU STK SMART,20150324,101501,45.02,1,0,0,0,0,0
XLU STK SMART,20150324,101509,45.01,1,0,0,0,0,0
XLU STK SMART,20150324,101517,44.98,3,0,0,0,0,0
XLU STK SMART,20150324,101528,45.01,4,0,0,0,0,0
XLU STK SMART,20150324,101541,45.04,3,0,0,0,0,0
XLU STK SMART,20150324,101547,45.04,1,0,0,0,0,0
XLU STK SMART,20150324,101609,45.04,1,0,0,0,0,0
XLU STK SMART,20150324,101627,45.03,3,0,0,0,0,0
XLU STK SMART,20150324,101639,45.04,1,0,0,0,0,0
XLU STK SMART,20150324,101658,45.02,1,0,0,0,0,0
XLU STK SMART,20150324,101731,45.03,1,0,0,0,0,0
XLU STK SMART,20150324,101736,45.03,8,0,0,0,0,0
XLU STK SMART,20150324,101754,45.04,1,0,0,0,0,0
XLU STK SMART,20150324,101819,45.03,1,0,0,0,0,0
XLU STK SMART,20150324,101831,45.04,2,0,0,0,0,0
XLU STK SMART,20150324,101834,45.04,4,0,0,0,0,0
XLU STK SMART,20150324,101900,45.03,3,0,0,0,0,0
XLU STK SMART,20150324,101906,45.02,1,0,0,0,0,0
XLU STK SMART,20150324,101921,45.04,1,0,0,0,0,0
XLU STK SMART,20150324,101949,45.03,1,0,0,0,0,0
XLU STK SMART,20150324,102031,45,1,0,0,0,0,0
XLU STK SMART,20150324,102037,45.01,4,0,0,0,0,0
XLU STK SMART,20150324,102100,45.01,3,0,0,0,0,0
XLU STK SMART,20150324,102120,45.01,4,0,0,0,0,0
XLU STK SMART,20150324,102127,44.99,3,0,0,0,0,0
XLU STK SMART,20150324,102137,45.01,3,0,0,0,0,0
XLU STK SMART,20150324,102207,45,1,0,0,0,0,0
XLU STK SMART,20150324,102220,45,1,0,0,0,0,0
XLU STK SMART,20150324,102229,44.99,1,0,0,0,0,0
XLU STK SMART,20150324,102239,45,2,0,0,0,0,0
XLU STK SMART,20150324,102310,44.99,1,0,0,0,0,0
XLU STK SMART,20150324,102316,44.98,1,0,0,0,0,0
XLU STK SMART,20150324,102328,44.96,13,0,0,0,0,0
XLU STK SMART,20150324,102339,44.98,2,0,0,0,0,0
XLU STK SMART,20150324,102351,44.98,4,0,0,0,0,0
XLU STK SMART,20150324,102353,44.97,1,0,0,0,0,0
XLU STK SMART,20150324,102415,44.97,2,0,0,0,0,0
XLU STK SMART,20150324,102430,44.97,1,0,0,0,0,0
XLU STK SMART,20150324,102441,44.97,2,0,0,0,0,0
XLU STK SMART,20150324,102448,44.99,1,0,0,0,0,0
XLU STK SMART,20150324,102514,44.99,2,0,0,0,0,0
XLU STK SMART,20150324,102530,44.98,6,0,0,0,0,0
XLU STK SMART,20150324,102537,44.96,2,0,0,0,0,0
XLU STK SMART,20150324,102546,44.96,1,0,0,0,0,0
XLU STK SMART,20150324,102612,44.97,1,0,0,0,0,0
XLU STK SMART,20150324,102621,44.97,1,0,0,0,0,0
XLU STK SMART,20150324,102630,44.93,1,0,0,0,0,0
XLU STK SMART,20150324,102638,44.94,3,0,0,0,0,0
XLU STK SMART,20150324,102647,44.96,4,0,0,0,0,0
XLU STK SMART,20150324,102708,44.99,1,0,0,0,0,0
XLU STK SMART,20150324,102714,44.99,3,0,0,0,0,0
XLU STK SMART,20150324,102729,44.96,4,0,0,0,0,0
XLU STK SMART,20150324,102821,44.99,1,0,0,0,0,0
XLU STK SMART,20150324,102913,44.97,1,0,0,0,0,0
XLU STK SMART,20150324,102929,44.98,1,0,0,0,0,0
XLU STK SMART,20150324,103006,44.98,1,0,0,0,0,0
XLU STK SMART,20150324,103018,44.95,1,0,0,0,0,0
XLU STK SMART,20150324,103030,44.96,1,0,0,0,0,0
XLU STK SMART,20150324,103041,44.96,5,0,0,0,0,0
XLU STK SMART,20150324,103044,44.97,2,0,0,0,0,0
XLU STK SMART,20150324,103102,44.97,10,0,0,0,0,0
XLU STK SMART,20150324,103106,44.97,1,0,0,0,0,0
XLU STK SMART,20150324,103121,44.95,1,0,0,0,0,0
XLU STK SMART,20150324,103126,44.95,3,0,0,0,0,0
XLU STK SMART,20150324,103138,44.95,1,0,0,0,0,0
XLU STK SMART,20150324,103154,44.95,3,0,0,0,0,0
XLU STK SMART,20150324,103214,44.92,1,0,0,0,0,0
XLU STK SMART,20150324,103228,44.93,6,0,0,0,0,0
XLU STK SMART,20150324,103236,44.94,4,0,0,0,0,0
XLU STK SMART,20150324,103247,44.93,1,0,0,0,0,0
XLU STK SMART,20150324,103305,44.92,8,0,0,0,0,0
XLU STK SMART,20150324,103331,44.91,1,0,0,0,0,0
XLU STK SMART,20150324,103336,44.93,1,0,0,0,0,0
XLU STK SMART,20150324,103350,44.92,2,0,0,0,0,0
XLU STK SMART,20150324,103354,44.92,2,0,0,0,0,0
XLU STK SMART,20150324,103421,44.9,1,0,0,0,0,0
XLU STK SMART,20150324,103431,44.92,1,0,0,0,0,0
XLU STK SMART,20150324,103450,44.91,1,0,0,0,0,0
XLU STK SMART,20150324,103521,44.95,3,0,0,0,0,0
XLU STK SMART,20150324,103528,44.93,1,0,0,0,0,0
XLU STK SMART,20150324,103540,44.92,2,0,0,0,0,0
XLU STK SMART,20150324,103559,44.92,1,0,0,0,0,0
XLU STK SMART,20150324,103642,44.92,1,0,0,0,0,0
XLU STK SMART,20150324,103710,44.95,1,0,0,0,0,0
XLU STK SMART,20150324,103728,44.94,1,0,0,0,0,0
XLU STK SMART,20150324,103748,44.93,4,0,0,0,0,0
XLU STK SMART,20150324,103753,44.92,1,0,0,0,0,0
XLU STK SMART,20150324,103809,44.92,4,0,0,0,0,0
XLU STK SMART,20150324,103826,44.92,1,0,0,0,0,0
XLU STK SMART,20150324,103835,44.92,4,0,0,0,0,0
XLU STK SMART,20150324,103848,44.92,2,0,0,0,0,0
XLU STK SMART,20150324,103901,44.91,2,0,0,0,0,0
XLU STK SMART,20150324,103909,44.91,8,0,0,0,0,0
XLU STK SMART,20150324,103916,44.92,1,0,0,0,0,0
XLU STK SMART,20150324,103926,44.92,3,0,0,0,0,0
XLU STK SMART,20150324,103948,44.93,1,0,0,0,0,0
XLU STK SMART,20150324,104001,44.92,3,0,0,0,0,0
XLU STK SMART,20150324,104004,44.91,1,0,0,0,0,0
XLU STK SMART,20150324,104020,44.91,2,0,0,0,0,0
XLU STK SMART,20150324,104024,44.91,1,0,0,0,0,0
XLU STK SMART,20150324,104051,44.91,1,0,0,0,0,0
XLU STK SMART,20150324,104058,44.92,1,0,0,0,0,0
XLU STK SMART,20150324,104108,44.91,1,0,0,0,0,0
XLU STK SMART,20150324,104137,44.89,1,0,0,0,0,0
XLU STK SMART,20150324,104211,44.87,2,0,0,0,0,0
XLU STK SMART,20150324,104218,44.87,8,0,0,0,0,0
XLU STK SMART,20150324,104225,44.87,1,0,0,0,0,0
XLU STK SMART,20150324,104237,44.86,1,0,0,0,0,0
XLU STK SMART,20150324,104249,44.84,1,0,0,0,0,0
XLU STK SMART,20150324,104300,44.85,1,0,0,0,0,0
XLU STK SMART,20150324,104307,44.85,4,0,0,0,0,0
XLU STK SMART,20150324,104322,44.85,4,0,0,0,0,0
XLU STK SMART,20150324,104331,44.84,1,0,0,0,0,0
XLU STK SMART,20150324,104352,44.86,1,0,0,0,0,0
XLU STK SMART,20150324,104406,44.86,1,0,0,0,0,0
XLU STK SMART,20150324,104420,44.85,3,0,0,0,0,0
XLU STK SMART,20150324,104429,44.83,1,0,0,0,0,0
XLU STK SMART,20150324,104441,44.83,2,0,0,0,0,0
XLU STK SMART,20150324,104510,44.83,1,0,0,0,0,0
XLU STK SMART,20150324,104544,44.82,1,0,0,0,0,0
XLU STK SMART,20150324,104603,44.82,1,0,0,0,0,0
XLU STK SMART,20150324,104611,44.81,1,0,0,0,0,0
XLU STK SMART,20150324,104627,44.81,1,0,0,0,0,0
XLU STK SMART,20150324,104635,44.81,1,0,0,0,0,0
XLU STK SMART,20150324,104648,44.81,2,0,0,0,0,0
XLU STK SMART,20150324,104704,44.82,1,0,0,0,0,0
XLU STK SMART,20150324,104717,44.81,3,0,0,0,0,0
XLU STK SMART,20150324,104726,44.81,1,0,0,0,0,0
XLU STK SMART,20150324,104741,44.82,1,0,0,0,0,0
XLU STK SMART,20150324,104751,44.82,4,0,0,0,0,0
XLU STK SMART,20150324,104757,44.82,4,0,0,0,0,0
XLU STK SMART,20150324,104819,44.82,3,0,0,0,0,0
XLU STK SMART,20150324,104825,44.82,1,0,0,0,0,0
XLU STK SMART,20150324,104852,44.82,1,0,0,0,0,0
XLU STK SMART,20150324,104854,44.81,3,0,0,0,0,0
XLU STK SMART,20150324,104909,44.79,1,0,0,0,0,0
XLU STK SMART,20150324,104933,44.8,3,0,0,0,0,0
XLU STK SMART,20150324,104940,44.8,2,0,0,0,0,0
XLU STK SMART,20150324,104952,44.8,4,0,0,0,0,0
XLU STK SMART,20150324,104956,44.81,1,0,0,0,0,0
XLU STK SMART,20150324,105020,44.82,2,0,0,0,0,0
XLU STK SMART,20150324,105028,44.82,3,0,0,0,0,0
XLU STK SMART,20150324,105039,44.81,1,0,0,0,0,0
XLU STK SMART,20150324,105052,44.81,3,0,0,0,0,0
XLU STK SMART,20150324,105117,44.8,1,0,0,0,0,0
XLU STK SMART,20150324,105125,44.81,3,0,0,0,0,0
XLU STK SMART,20150324,105139,44.8,7,0,0,0,0,0
XLU STK SMART,20150324,105148,44.8,1,0,0,0,0,0
XLU STK SMART,20150324,105201,44.79,2,0,0,0,0,0
XLU STK SMART,20150324,105203,44.79,1,0,0,0,0,0
XLU STK SMART,20150324,105216,44.79,1,0,0,0,0,0
XLU STK SMART,20150324,105233,44.78,1,0,0,0,0,0
XLU STK SMART,20150324,105247,44.78,1,0,0,0,0,0
XLU STK SMART,20150324,105301,44.76,1,0,0,0,0,0
XLU STK SMART,20150324,105312,44.77,4,0,0,0,0,0
XLU STK SMART,20150324,105314,44.77,1,0,0,0,0,0
XLU STK SMART,20150324,105341,44.77,4,0,0,0,0,0
XLU STK SMART,20150324,105352,44.77,1,0,0,0,0,0
XLU STK SMART,20150324,105411,44.77,2,0,0,0,0,0
XLU STK SMART,20150324,105421,44.78,2,0,0,0,0,0
XLU STK SMART,20150324,105423,44.79,1,0,0,0,0,0
XLU STK SMART,20150324,105443,44.8,3,0,0,0,0,0
XLU STK SMART,20150324,105450,44.79,1,0,0,0,0,0
XLU STK SMART,20150324,105501,44.8,2,0,0,0,0,0
XLU STK SMART,20150324,105506,44.78,1,0,0,0,0,0
XLU STK SMART,20150324,105521,44.77,1,0,0,0,0,0
XLU STK SMART,20150324,105532,44.77,13,0,0,0,0,0
XLU STK SMART,20150324,105543,44.78,4,0,0,0,0,0
XLU STK SMART,20150324,105551,44.77,4,0,0,0,0,0
XLU STK SMART,20150324,105621,44.78,1,0,0,0,0,0
XLU STK SMART,20150324,105625,44.77,2,0,0,0,0,0
XLU STK SMART,20150324,105640,44.78,2,0,0,0,0,0
XLU STK SMART,20150324,105652,44.75,1,0,0,0,0,0
XLU STK SMART,20150324,105701,44.75,1,0,0,0,0,0
XLU STK SMART,20150324,105721,44.73,2,0,0,0,0,0
XLU STK SMART,20150324,105728,44.73,1,0,0,0,0,0
XLU STK SMART,20150324,105740,44.72,1,0,0,0,0,0
XLU STK SMART,20150324,105753,44.71,4,0,0,0,0,0
XLU STK SMART,20150324,105801,44.74,7,0,0,0,0,0
XLU STK SMART,20150324,105809,44.72,10,0,0,0,0,0
XLU STK SMART,20150324,105813,44.72,1,0,0,0,0,0
XLU STK SMART,20150324,105833,44.73,1,0,0,0,0,0
XLU STK SMART,20150324,105843,44.71,2,0,0,0,0,0
XLU STK SMART,20150324,105853,44.7,5,0,0,0,0,0
XLU STK SMART,20150324,105913,44.69,6,0,0,0,0,0
XLU STK SMART,20150324,105923,44.71,3,0,0,0,0,0
XLU STK SMART,20150324,105930,44.7,3,0,0,0,0,0
XLU STK SMART,20150324,105941,44.7,1,0,0,0,0,0
XLU STK SMART,20150324,105949,44.7,2,0,0,0,0,0
XLU STK SMART,20150324,105959,44.7,1,0,0,0,0,0
XLU STK SMART,20150324,110013,44.7,1,0,0,0,0,0
XLU STK SMART,20150324,110023,44.68,2,0,0,0,0,0
XLU STK SMART,20150324,110032,44.68,1,0,0,0,0,0
XLU STK SMART,20150324,110038,44.68,2,0,0,0,0,0
XLU STK SMART,20150324,110052,44.69,1,0,0,0,0,0
XLU STK SMART,20150324,110059,44.7,7,0,0,0,0,0
XLU STK SMART,20150324,110116,44.69,2,0,0,0,0,0
XLU STK SMART,20150324,110128,44.68,3,0,0,0,0,0
XLU STK SMART,20150324,110143,44.67,1,0,0,0,0,0
XLU STK SMART,20150324,110203,44.66,1,0,0,0,0,0
XLU STK SMART,20150324,110212,44.66,1,0,0,0,0,0
XLU STK SMART,20150324,110214,44.65,1,0,0,0,0,0
XLU STK SMART,20150324,110233,44.65,4,0,0,0,0,0
XLU STK SMART,20150324,110243,44.65,4,0,0,0,0,0
XLU STK SMART,20150324,110253,44.66,1,0,0,0,0,0
XLU STK SMART,20150324,110304,44.66,1,0,0,0,0,0
XLU STK SMART,20150324,110322,44.64,5,0,0,0,0,0
XLU STK SMART,20150324,110333,44.65,1,0,0,0,0,0
XLU STK SMART,20150324,110339,44.64,1,0,0,0,0,0
XLU STK SMART,20150324,110349,44.63,1,0,0,0,0,0
XLU STK SMART,20150324,110402,44.64,3,0,0,0,0,0
XLU STK SMART,20150324,110420,44.64,1,0,0,0,0,0
XLU STK SMART,20150324,110430,44.65,1,0,0,0,0,0
XLU STK SMART,20150324,110439,44.67,1,0,0,0,0,0
XLU STK SMART,20150324,110447,44.68,70,0,0,0,0,0
XLU STK SMART,20150324,110456,44.68,1,0,0,0,0,0
XLU STK SMART,20150324,110510,44.72,1,0,0,0,0,0
XLU STK SMART,20150324,110523,44.73,1,0,0,0,0,0
XLU STK SMART,20150324,110533,44.74,1,0,0,0,0,0
XLU STK SMART,20150324,110543,44.74,2,0,0,0,0,0
XLU STK SMART,20150324,110553,44.75,1,0,0,0,0,0
XLU STK SMART,20150324,110559,44.75,19,0,0,0,0,0
XLU STK SMART,20150324,110612,44.75,1,0,0,0,0,0
XLU STK SMART,20150324,110623,44.75,1,0,0,0,0,0
XLU STK SMART,20150324,110631,44.75,1,0,0,0,0,0
XLU STK SMART,20150324,110637,44.77,1,0,0,0,0,0
XLU STK SMART,20150324,110649,44.77,1,0,0,0,0,0
XLU STK SMART,20150324,110710,44.76,2,0,0,0,0,0
XLU STK SMART,20150324,110714,44.76,1,0,0,0,0,0
XLU STK SMART,20150324,110730,44.76,1,0,0,0,0,0
XLU STK SMART,20150324,110744,44.75,1,0,0,0,0,0
XLU STK SMART,20150324,110749,44.76,8,0,0,0,0,0
XLU STK SMART,20150324,110803,44.75,3,0,0,0,0,0
XLU STK SMART,20150324,110812,44.74,3,0,0,0,0,0
XLU STK SMART,20150324,110833,44.74,1,0,0,0,0,0
XLU STK SMART,20150324,110901,44.74,1,0,0,0,0,0
XLU STK SMART,20150324,110909,44.75,1,0,0,0,0,0
XLU STK SMART,20150324,110933,44.74,2,0,0,0,0,0
XLU STK SMART,20150324,110948,44.75,2,0,0,0,0,0
XLU STK SMART,20150324,110958,44.74,1,0,0,0,0,0
XLU STK SMART,20150324,111033,44.74,1,0,0,0,0,0
XLU STK SMART,20150324,111103,44.76,4,0,0,0,0,0
XLU STK SMART,20150324,111106,44.76,1,0,0,0,0,0
XLU STK SMART,20150324,111128,44.77,1,0,0,0,0,0
XLU STK SMART,20150324,111136,44.77,1,0,0,0,0,0
XLU STK SMART,20150324,111151,44.78,1,0,0,0,0,0
XLU STK SMART,20150324,111221,44.78,2,0,0,0,0,0
XLU STK SMART,20150324,111234,44.78,1,0,0,0,0,0
XLU STK SMART,20150324,111243,44.77,1,0,0,0,0,0
XLU STK SMART,20150324,111307,44.77,1,0,0,0,0,0
XLU STK SMART,20150324,111353,44.77,9,0,0,0,0,0
XLU STK SMART,20150324,111407,44.78,3,0,0,0,0,0
XLU STK SMART,20150324,111424,44.8,2,0,0,0,0,0
XLU STK SMART,20150324,111434,44.81,1,0,0,0,0,0
XLU STK SMART,20150324,111443,44.81,1,0,0,0,0,0
XLU STK SMART,20150324,111447,44.81,3,0,0,0,0,0
XLU STK SMART,20150324,111459,44.79,2,0,0,0,0,0
XLU STK SMART,20150324,111513,44.79,1,0,0,0,0,0
XLU STK SMART,20150324,111520,44.79,1,0,0,0,0,0
XLU STK SMART,20150324,111534,44.79,1,0,0,0,0,0
XLU STK SMART,20150324,111539,44.79,1,0,0,0,0,0
XLU STK SMART,20150324,111559,44.79,2,0,0,0,0,0
XLU STK SMART,20150324,111609,44.78,4,0,0,0,0,0
XLU STK SMART,20150324,111618,44.79,4,0,0,0,0,0
XLU STK SMART,20150324,111626,44.8,1,0,0,0,0,0
XLU STK SMART,20150324,111642,44.81,1,0,0,0,0,0
XLU STK SMART,20150324,111652,44.8,4,0,0,0,0,0
XLU STK SMART,20150324,111712,44.8,2,0,0,0,0,0
XLU STK SMART,20150324,111721,44.79,6,0,0,0,0,0
XLU STK SMART,20150324,111754,44.8,5,0,0,0,0,0
XLU STK SMART,20150324,111802,44.8,1,0,0,0,0,0
XLU STK SMART,20150324,111904,44.81,1,0,0,0,0,0
XLU STK SMART,20150324,111909,44.81,2,0,0,0,0,0
XLU STK SMART,20150324,111920,44.81,1,0,0,0,0,0
XLU STK SMART,20150324,111934,44.81,1,0,0,0,0,0
XLU STK SMART,20150324,112004,44.8,1,0,0,0,0,0
XLU STK SMART,20150324,112010,44.8,1,0,0,0,0,0
XLU STK SMART,20150324,112019,44.8,3,0,0,0,0,0
XLU STK SMART,20150324,112035,44.79,1,0,0,0,0,0
XLU STK SMART,20150324,112053,44.81,1,0,0,0,0,0
XLU STK SMART,20150324,112101,44.8,1,0,0,0,0,0
XLU STK SMART,20150324,112110,44.8,1,0,0,0,0,0
XLU STK SMART,20150324,112154,44.8,1,0,0,0,0,0
XLU STK SMART,20150324,112200,44.81,1,0,0,0,0,0
XLU STK SMART,20150324,112210,44.79,4,0,0,0,0,0
XLU STK SMART,20150324,112222,44.79,1,0,0,0,0,0
XLU STK SMART,20150324,112233,44.79,3,0,0,0,0,0
XLU STK SMART,20150324,112239,44.78,1,0,0,0,0,0
XLU STK SMART,20150324,112309,44.79,2,0,0,0,0,0
XLU STK SMART,20150324,112334,44.82,1,0,0,0,0,0
XLU STK SMART,20150324,112343,44.81,4,0,0,0,0,0
XLU STK SMART,20150324,112522,44.8,1,0,0,0,0,0
XLU STK SMART,20150324,112545,44.8,1,0,0,0,0,0
XLU STK SMART,20150324,112551,44.8,4,0,0,0,0,0
XLU STK SMART,20150324,112604,44.78,8,0,0,0,0,0
XLU STK SMART,20150324,112607,44.78,2,0,0,0,0,0
XLU STK SMART,20150324,112623,44.78,2,0,0,0,0,0
XLU STK SMART,20150324,112629,44.79,15,0,0,0,0,0
XLU STK SMART,20150324,112644,44.79,1,0,0,0,0,0
XLU STK SMART,20150324,112651,44.8,1,0,0,0,0,0
XLU STK SMART,20150324,112711,44.79,5,0,0,0,0,0
XLU STK SMART,20150324,112743,44.79,1,0,0,0,0,0
XLU STK SMART,20150324,112753,44.79,2,0,0,0,0,0
XLU STK SMART,20150324,112803,44.79,1,0,0,0,0,0
XLU STK SMART,20150324,112831,44.78,1,0,0,0,0,0
XLU STK SMART,20150324,112841,44.79,20,0,0,0,0,0
XLU STK SMART,20150324,112848,44.8,7,0,0,0,0,0
XLU STK SMART,20150324,112927,44.81,3,0,0,0,0,0
XLU STK SMART,20150324,112938,44.81,7,0,0,0,0,0
XLU STK SMART,20150324,112946,44.8,3,0,0,0,0,0
XLU STK SMART,20150324,113009,44.8,1,0,0,0,0,0
XLU STK SMART,20150324,113044,44.79,2,0,0,0,0,0
XLU STK SMART,20150324,113053,44.8,1,0,0,0,0,0
XLU STK SMART,20150324,113101,44.8,1,0,0,0,0,0
XLU STK SMART,20150324,113109,44.79,1,0,0,0,0,0
XLU STK SMART,20150324,113225,44.78,1,0,0,0,0,0
XLU STK SMART,20150324,113234,44.78,1,0,0,0,0,0
XLU STK SMART,20150324,113250,44.77,2,0,0,0,0,0
XLU STK SMART,20150324,113310,44.77,1,0,0,0,0,0
XLU STK SMART,20150324,113321,44.76,1,0,0,0,0,0
XLU STK SMART,20150324,113335,44.78,1,0,0,0,0,0
XLU STK SMART,20150324,113355,44.78,1,0,0,0,0,0
XLU STK SMART,20150324,113402,44.77,1,0,0,0,0,0
XLU STK SMART,20150324,113440,44.77,2,0,0,0,0,0
XLU STK SMART,20150324,113448,44.75,9,0,0,0,0,0
XLU STK SMART,20150324,113457,44.74,1,0,0,0,0,0
XLU STK SMART,20150324,113513,44.74,1,0,0,0,0,0
XLU STK SMART,20150324,113555,44.76,1,0,0,0,0,0
XLU STK SMART,20150324,113608,44.75,1,0,0,0,0,0
XLU STK SMART,20150324,113616,44.73,1,0,0,0,0,0
XLU STK SMART,20150324,113628,44.72,2,0,0,0,0,0
XLU STK SMART,20150324,113653,44.72,1,0,0,0,0,0
XLU STK SMART,20150324,113723,44.71,1,0,0,0,0,0
XLU STK SMART,20150324,113733,44.71,1,0,0,0,0,0
XLU STK SMART,20150324,113739,44.7,6,0,0,0,0,0
XLU STK SMART,20150324,113802,44.7,2,0,0,0,0,0
XLU STK SMART,20150324,113821,44.69,1,0,0,0,0,0
XLU STK SMART,20150324,113844,44.68,1,0,0,0,0,0
XLU STK SMART,20150324,113855,44.67,1,0,0,0,0,0
XLU STK SMART,20150324,113901,44.67,2,0,0,0,0,0
XLU STK SMART,20150324,113913,44.68,1,0,0,0,0,0
XLU STK SMART,20150324,113925,44.69,1,0,0,0,0,0
XLU STK SMART,20150324,113933,44.69,1,0,0,0,0,0
XLU STK SMART,20150324,113949,44.68,1,0,0,0,0,0
XLU STK SMART,20150324,114029,44.68,2,0,0,0,0,0
XLU STK SMART,20150324,114043,44.67,1,0,0,0,0,0
XLU STK SMART,20150324,114118,44.66,1,0,0,0,0,0
XLU STK SMART,20150324,114133,44.65,5,0,0,0,0,0
XLU STK SMART,20150324,114145,44.65,1,0,0,0,0,0
XLU STK SMART,20150324,114205,44.65,1,0,0,0,0,0
XLU STK SMART,20150324,114213,44.64,1,0,0,0,0,0
XLU STK SMART,20150324,114228,44.65,1,0,0,0,0,0
XLU STK SMART,20150324,114305,44.64,1,0,0,0,0,0
XLU STK SMART,20150324,114312,44.63,1,0,0,0,0,0
XLU STK SMART,20150324,114325,44.65,1,0,0,0,0,0
XLU STK SMART,20150324,114335,44.65,2,0,0,0,0,0
XLU STK SMART,20150324,114342,44.64,1,0,0,0,0,0
XLU STK SMART,20150324,114351,44.64,17,0,0,0,0,0
XLU STK SMART,20150324,114415,44.65,5,0,0,0,0,0
XLU STK SMART,20150324,114423,44.66,5,0,0,0,0,0
XLU STK SMART,20150324,114428,44.67,1,0,0,0,0,0
XLU STK SMART,20150324,114501,44.67,1,0,0,0,0,0
XLU STK SMART,20150324,114515,44.67,2,0,0,0,0,0
XLU STK SMART,20150324,114519,44.67,1,0,0,0,0,0
XLU STK SMART,20150324,114645,44.68,1,0,0,0,0,0
XLU STK SMART,20150324,114719,44.68,2,0,0,0,0,0
XLU STK SMART,20150324,114728,44.68,3,0,0,0,0,0
XLU STK SMART,20150324,114740,44.68,1,0,0,0,0,0
XLU STK SMART,20150324,114748,44.68,2,0,0,0,0,0
XLU STK SMART,20150324,114806,44.67,1,0,0,0,0,0
XLU STK SMART,20150324,114814,44.67,5,0,0,0,0,0
XLU STK SMART,20150324,114825,44.68,2,0,0,0,0,0
XLU STK SMART,20150324,114845,44.68,3,0,0,0,0,0
XLU STK SMART,20150324,114904,44.68,1,0,0,0,0,0
XLU STK SMART,20150324,114915,44.69,3,0,0,0,0,0
XLU STK SMART,20150324,115012,44.69,1,0,0,0,0,0
XLU STK SMART,20150324,115017,44.69,2,0,0,0,0,0
XLU STK SMART,20150324,115030,44.69,7,0,0,0,0,0
XLU STK SMART,20150324,115042,44.7,5,0,0,0,0,0
XLU STK SMART,20150324,115120,44.72,1,0,0,0,0,0
XLU STK SMART,20150324,115131,44.73,1,0,0,0,0,0
XLU STK SMART,20150324,115205,44.73,2,0,0,0,0,0
XLU STK SMART,20150324,115211,44.73,1,0,0,0,0,0
XLU STK SMART,20150324,115236,44.73,2,0,0,0,0,0
XLU STK SMART,20150324,115237,44.73,1,0,0,0,0,0
XLU STK SMART,20150324,115321,44.75,1,0,0,0,0,0
XLU STK SMART,20150324,115328,44.75,1,0,0,0,0,0
XLU STK SMART,20150324,115340,44.76,1,0,0,0,0,0
XLU STK SMART,20150324,115426,44.77,1,0,0,0,0,0
XLU STK SMART,20150324,115435,44.77,9,0,0,0,0,0
XLU STK SMART,20150324,115442,44.77,2,0,0,0,0,0
XLU STK SMART,20150324,115523,44.78,1,0,0,0,0,0
XLU STK SMART,20150324,115545,44.78,2,0,0,0,0,0
XLU STK SMART,20150324,115603,44.78,4,0,0,0,0,0
XLU STK SMART,20150324,115615,44.78,7,0,0,0,0,0
XLU STK SMART,20150324,115628,44.77,1,0,0,0,0,0
XLU STK SMART,20150324,115727,44.76,1,0,0,0,0,0
XLU STK SMART,20150324,115813,44.74,4,0,0,0,0,0
XLU STK SMART,20150324,115821,44.73,1,0,0,0,0,0
XLU STK SMART,20150324,115827,44.73,1,0,0,0,0,0
XLU STK SMART,20150324,115839,44.72,1,0,0,0,0,0
XLU STK SMART,20150324,115905,44.73,1,0,0,0,0,0
XLU STK SMART,20150324,115916,44.73,1,0,0,0,0,0
XLU STK SMART,20150324,115925,44.72,1,0,0,0,0,0
XLU STK SMART,20150324,115928,44.72,2,0,0,0,0,0
XLU STK SMART,20150324,115949,44.7,1,0,0,0,0,0
XLU STK SMART,20150324,115958,44.71,2,0,0,0,0,0
XLU STK SMART,20150324,120009,44.71,1,0,0,0,0,0
XLU STK SMART,20150324,120036,44.7,2,0,0,0,0,0
XLU STK SMART,20150324,120043,44.7,1,0,0,0,0,0
XLU STK SMART,20150324,120051,44.7,1,0,0,0,0,0
XLU STK SMART,20150324,120059,44.7,4,0,0,0,0,0
XLU STK SMART,20150324,120116,44.71,1,0,0,0,0,0
XLU STK SMART,20150324,120131,44.7,2,0,0,0,0,0
XLU STK SMART,20150324,120137,44.71,1,0,0,0,0,0
XLU STK SMART,20150324,120152,44.7,4,0,0,0,0,0
XLU STK SMART,20150324,120206,44.7,3,0,0,0,0,0
XLU STK SMART,20150324,120226,44.7,1,0,0,0,0,0
XLU STK SMART,20150324,120236,44.7,1,0,0,0,0,0
XLU STK SMART,20150324,120245,44.71,2,0,0,0,0,0
XLU STK SMART,20150324,120254,44.7,3,0,0,0,0,0
XLU STK SMART,20150324,120301,44.7,6,0,0,0,0,0
XLU STK SMART,20150324,120312,44.7,1,0,0,0,0,0
XLU STK SMART,20150324,120336,44.71,2,0,0,0,0,0
XLU STK SMART,20150324,120341,44.72,1,0,0,0,0,0
XLU STK SMART,20150324,120348,44.72,2,0,0,0,0,0
XLU STK SMART,20150324,120358,44.72,1,0,0,0,0,0
XLU STK SMART,20150324,120433,44.71,4,0,0,0,0,0
XLU STK SMART,20150324,120453,44.7,1,0,0,0,0,0
XLU STK SMART,20150324,120505,44.7,1,0,0,0,0,0
XLU STK SMART,20150324,120537,44.69,1,0,0,0,0,0
XLU STK SMART,20150324,120555,44.69,4,0,0,0,0,0
XLU STK SMART,20150324,120600,44.7,1,0,0,0,0,0
XLU STK SMART,20150324,120636,44.69,4,0,0,0,0,0
XLU STK SMART,20150324,120644,44.67,3,0,0,0,0,0
XLU STK SMART,20150324,120654,44.68,1,0,0,0,0,0
XLU STK SMART,20150324,120701,44.68,2,0,0,0,0,0
XLU STK SMART,20150324,120710,44.67,4,0,0,0,0,0
XLU STK SMART,20150324,120737,44.7,4,0,0,0,0,0
XLU STK SMART,20150324,120747,44.7,1,0,0,0,0,0
XLU STK SMART,20150324,120754,44.69,2,0,0,0,0,0
XLU STK SMART,20150324,120808,44.69,4,0,0,0,0,0
XLU STK SMART,20150324,120827,44.68,3,0,0,0,0,0
XLU STK SMART,20150324,120833,44.68,1,0,0,0,0,0
XLU STK SMART,20150324,120847,44.68,1,0,0,0,0,0
XLU STK SMART,20150324,120903,44.69,2,0,0,0,0,0
XLU STK SMART,20150324,120911,44.69,1,0,0,0,0,0
XLU STK SMART,20150324,120946,44.68,1,0,0,0,0,0
XLU STK SMART,20150324,120957,44.69,12,0,0,0,0,0
XLU STK SMART,20150324,120958,44.7,2,0,0,0,0,0
XLU STK SMART,20150324,121008,44.7,1,0,0,0,0,0
XLU STK SMART,20150324,121021,44.69,5,0,0,0,0,0
XLU STK SMART,20150324,121044,44.69,1,0,0,0,0,0
XLU STK SMART,20150324,121049,44.69,4,0,0,0,0,0
XLU STK SMART,20150324,121126,44.68,1,0,0,0,0,0
XLU STK SMART,20150324,121147,44.69,1,0,0,0,0,0
XLU STK SMART,20150324,121152,44.69,4,0,0,0,0,0
XLU STK SMART,20150324,121204,44.69,1,0,0,0,0,0
XLU STK SMART,20150324,121237,44.71,2,0,0,0,0,0
XLU STK SMART,20150324,121245,44.71,1,0,0,0,0,0
XLU STK SMART,20150324,121250,44.72,1,0,0,0,0,0
XLU STK SMART,20150324,121309,44.71,4,0,0,0,0,0
XLU STK SMART,20150324,121325,44.7,2,0,0,0,0,0
XLU STK SMART,20150324,121405,44.7,1,0,0,0,0,0
XLU STK SMART,20150324,121427,44.7,2,0,0,0,0,0
XLU STK SMART,20150324,121438,44.7,1,0,0,0,0,0
XLU STK SMART,20150324,121514,44.68,1,0,0,0,0,0
XLU STK SMART,20150324,121534,44.67,2,0,0,0,0,0
XLU STK SMART,20150324,121603,44.68,2,0,0,0,0,0
XLU STK SMART,20150324,121616,44.67,1,0,0,0,0,0
XLU STK SMART,20150324,121623,44.68,1,0,0,0,0,0
XLU STK SMART,20150324,121636,44.67,1,0,0,0,0,0
XLU STK SMART,20150324,121821,44.67,2,0,0,0,0,0
XLU STK SMART,20150324,121836,44.67,1,0,0,0,0,0
XLU STK SMART,20150324,121847,44.67,1,0,0,0,0,0
XLU STK SMART,20150324,121848,44.67,1,0,0,0,0,0
XLU STK SMART,20150324,121902,44.66,1,0,0,0,0,0
XLU STK SMART,20150324,121938,44.66,1,0,0,0,0,0
XLU STK SMART,20150324,122001,44.66,1,0,0,0,0,0
XLU STK SMART,20150324,122036,44.65,1,0,0,0,0,0
XLU STK SMART,20150324,122043,44.63,1,0,0,0,0,0
XLU STK SMART,20150324,122055,44.63,4,0,0,0,0,0
XLU STK SMART,20150324,122104,44.63,1,0,0,0,0,0
XLU STK SMART,20150324,122115,44.63,2,0,0,0,0,0
XLU STK SMART,20150324,122128,44.62,2,0,0,0,0,0
XLU STK SMART,20150324,122130,44.61,1,0,0,0,0,0
XLU STK SMART,20150324,122150,44.63,1,0,0,0,0,0
XLU STK SMART,20150324,122206,44.62,1,0,0,0,0,0
XLU STK SMART,20150324,122224,44.62,1,0,0,0,0,0
XLU STK SMART,20150324,122258,44.61,1,0,0,0,0,0
XLU STK SMART,20150324,122309,44.61,2,0,0,0,0,0
XLU STK SMART,20150324,122326,44.6,3,0,0,0,0,0
XLU STK SMART,20150324,122335,44.6,1,0,0,0,0,0
XLU STK SMART,20150324,122347,44.6,2,0,0,0,0,0
XLU STK SMART,20150324,122353,44.6,1,0,0,0,0,0
XLU STK SMART,20150324,122418,44.61,3,0,0,0,0,0
XLU STK SMART,20150324,122427,44.6,1,0,0,0,0,0
XLU STK SMART,20150324,122436,44.61,1,0,0,0,0,0
XLU STK SMART,20150324,122447,44.6,1,0,0,0,0,0
XLU STK SMART,20150324,122503,44.6,1,0,0,0,0,0
XLU STK SMART,20150324,122546,44.6,1,0,0,0,0,0
XLU STK SMART,20150324,122550,44.6,1,0,0,0,0,0
XLU STK SMART,20150324,122631,44.6,1,0,0,0,0,0
XLU STK SMART,20150324,122704,44.57,25,0,0,0,0,0
XLU STK SMART,20150324,122717,44.58,1,0,0,0,0,0
XLU STK SMART,20150324,122718,44.58,2,0,0,0,0,0
XLU STK SMART,20150324,122733,44.6,2,0,0,0,0,0
XLU STK SMART,20150324,122758,44.58,4,0,0,0,0,0
XLU STK SMART,20150324,122758,44.58,1,0,0,0,0,0
XLU STK SMART,20150324,122817,44.57,1,0,0,0,0,0
XLU STK SMART,20150324,122823,44.57,3,0,0,0,0,0
XLU STK SMART,20150324,122831,44.57,1,0,0,0,0,0
XLU STK SMART,20150324,122841,44.56,1,0,0,0,0,0
XLU STK SMART,20150324,122857,44.55,1,0,0,0,0,0
XLU STK SMART,20150324,122903,44.56,1,0,0,0,0,0
XLU STK SMART,20150324,122927,44.54,2,0,0,0,0,0
XLU STK SMART,20150324,122936,44.56,2,0,0,0,0,0
XLU STK SMART,20150324,122947,44.56,3,0,0,0,0,0
XLU STK SMART,20150324,122955,44.56,1,0,0,0,0,0
XLU STK SMART,20150324,123007,44.55,1,0,0,0,0,0
XLU STK SMART,20150324,123030,44.58,1,0,0,0,0,0
XLU STK SMART,20150324,123045,44.6,2,0,0,0,0,0
XLU STK SMART,20150324,123104,44.61,1,0,0,0,0,0
XLU STK SMART,20150324,123111,44.62,1,0,0,0,0,0
XLU STK SMART,20150324,123134,44.62,1,0,0,0,0,0
XLU STK SMART,20150324,123141,44.59,2,0,0,0,0,0
XLU STK SMART,20150324,123152,44.6,1,0,0,0,0,0
XLU STK SMART,20150324,123203,44.61,1,0,0,0,0,0
XLU STK SMART,20150324,123216,44.6,5,0,0,0,0,0
XLU STK SMART,20150324,123231,44.59,1,0,0,0,0,0
XLU STK SMART,20150324,123305,44.59,2,0,0,0,0,0
XLU STK SMART,20150324,123313,44.61,1,0,0,0,0,0
XLU STK SMART,20150324,123337,44.6,2,0,0,0,0,0
XLU STK SMART,20150324,123405,44.59,5,0,0,0,0,0
XLU STK SMART,20150324,123414,44.6,7,0,0,0,0,0
XLU STK SMART,20150324,123436,44.59,3,0,0,0,0,0
XLU STK SMART,20150324,123458,44.59,1,0,0,0,0,0
XLU STK SMART,20150324,123507,44.57,1,0,0,0,0,0
XLU STK SMART,20150324,123518,44.58,1,0,0,0,0,0
XLU STK SMART,20150324,123527,44.56,1,0,0,0,0,0
XLU STK SMART,20150324,123531,44.57,2,0,0,0,0,0
XLU STK SMART,20150324,123616,44.58,1,0,0,0,0,0
XLU STK SMART,20150324,123626,44.6,1,0,0,0,0,0
XLU STK SMART,20150324,123634,44.6,4,0,0,0,0,0
XLU STK SMART,20150324,123648,44.6,3,0,0,0,0,0
XLU STK SMART,20150324,123651,44.6,1,0,0,0,0,0
XLU STK SMART,20150324,123717,44.6,2,0,0,0,0,0
XLU STK SMART,20150324,123726,44.6,4,0,0,0,0,0
XLU STK SMART,20150324,123737,44.6,1,0,0,0,0,0
XLU STK SMART,20150324,123808,44.6,5,0,0,0,0,0
XLU STK SMART,20150324,123808,44.6,4,0,0,0,0,0
XLU STK SMART,20150324,123851,44.59,6,0,0,0,0,0
XLU STK SMART,20150324,123918,44.58,1,0,0,0,0,0
XLU STK SMART,20150324,123923,44.58,2,0,0,0,0,0
XLU STK SMART,20150324,123930,44.57,1,0,0,0,0,0
XLU STK SMART,20150324,123947,44.56,6,0,0,0,0,0
XLU STK SMART,20150324,124005,44.57,12,0,0,0,0,0
XLU STK SMART,20150324,124010,44.57,1,0,0,0,0,0
XLU STK SMART,20150324,124108,44.57,1,0,0,0,0,0
XLU STK SMART,20150324,124125,44.58,1,0,0,0,0,0
XLU STK SMART,20150324,124134,44.58,1,0,0,0,0,0
XLU STK SMART,20150324,124147,44.58,2,0,0,0,0,0
XLU STK SMART,20150324,124207,44.58,1,0,0,0,0,0
XLU STK SMART,20150324,124218,44.59,1,0,0,0,0,0
XLU STK SMART,20150324,124255,44.57,2,0,0,0,0,0
XLU STK SMART,20150324,124310,44.57,2,0,0,0,0,0
XLU STK SMART,20150324,124329,44.57,1,0,0,0,0,0
XLU STK SMART,20150324,124329,44.57,1,0,0,0,0,0
XLU STK SMART,20150324,124406,44.56,1,0,0,0,0,0
XLU STK SMART,20150324,124424,44.57,2,0,0,0,0,0
XLU STK SMART,20150324,124435,44.57,1,0,0,0,0,0
XLU STK SMART,20150324,124447,44.58,2,0,0,0,0,0
XLU STK SMART,20150324,124452,44.57,1,0,0,0,0,0
XLU STK SMART,20150324,124537,44.57,2,0,0,0,0,0
XLU STK SMART,20150324,124601,44.57,1,0,0,0,0,0
XLU STK SMART,20150324,124615,44.56,1,0,0,0,0,0
XLU STK SMART,20150324,124638,44.56,5,0,0,0,0,0
XLU STK SMART,20150324,124642,44.57,12,0,0,0,0,0
XLU STK SMART,20150324,124658,44.56,1,0,0,0,0,0
XLU STK SMART,20150324,124709,44.56,2,0,0,0,0,0
XLU STK SMART,20150324,124738,44.57,2,0,0,0,0,0
XLU STK SMART,20150324,124746,44.57,3,0,0,0,0,0
XLU STK SMART,20150324,124752,44.57,1,0,0,0,0,0
XLU STK SMART,20150324,124835,44.54,1,0,0,0,0,0
XLU STK SMART,20150324,124905,44.52,5,0,0,0,0,0
XLU STK SMART,20150324,124914,44.52,2,0,0,0,0,0
XLU STK SMART,20150324,124928,44.53,1,0,0,0,0,0
XLU STK SMART,20150324,124938,44.52,1,0,0,0,0,0
XLU STK SMART,20150324,124949,44.52,1,0,0,0,0,0
XLU STK SMART,20150324,125006,44.53,1,0,0,0,0,0
XLU STK SMART,20150324,125022,44.52,4,0,0,0,0,0
XLU STK SMART,20150324,125040,44.52,1,0,0,0,0,0
XLU STK SMART,20150324,125109,44.52,3,0,0,0,0,0
XLU STK SMART,20150324,125112,44.53,3,0,0,0,0,0
XLU STK SMART,20150324,125153,44.53,6,0,0,0,0,0
XLU STK SMART,20150324,125209,44.53,1,0,0,0,0,0
XLU STK SMART,20150324,125218,44.52,1,0,0,0,0,0
XLU STK SMART,20150324,125304,44.52,1,0,0,0,0,0
XLU STK SMART,20150324,125328,44.52,1,0,0,0,0,0
XLU STK SMART,20150324,125335,44.51,1,0,0,0,0,0
XLU STK SMART,20150324,125357,44.5,1,0,0,0,0,0
XLU STK SMART,20150324,125406,44.49,10,0,0,0,0,0
XLU STK SMART,20150324,125429,44.5,1,0,0,0,0,0
XLU STK SMART,20150324,125444,44.49,1,0,0,0,0,0
XLU STK SMART,20150324,125527,44.5,1,0,0,0,0,0
XLU STK SMART,20150324,125543,44.49,1,0,0,0,0,0
XLU STK SMART,20150324,125555,44.48,1,0,0,0,0,0
XLU STK SMART,20150324,125617,44.47,2,0,0,0,0,0
XLU STK SMART,20150324,125629,44.46,1,0,0,0,0,0
XLU STK SMART,20150324,125659,44.44,1,0,0,0,0,0
XLU STK SMART,20150324,125713,44.44,1,0,0,0,0,0
XLU STK SMART,20150324,125724,44.45,20,0,0,0,0,0
XLU STK SMART,20150324,125731,44.45,1,0,0,0,0,0
XLU STK SMART,20150324,125740,44.44,1,0,0,0,0,0
XLU STK SMART,20150324,125808,44.44,1,0,0,0,0,0
XLU STK SMART,20150324,125829,44.45,1,0,0,0,0,0
XLU STK SMART,20150324,125833,44.44,1,0,0,0,0,0
XLU STK SMART,20150324,125848,44.44,3,0,0,0,0,0
XLU STK SMART,20150324,125906,44.43,1,0,0,0,0,0
XLU STK SMART,20150324,125915,44.42,2,0,0,0,0,0
XLU STK SMART,20150324,125925,44.41,2,0,0,0,0,0
XLU STK SMART,20150324,125930,44.41,1,0,0,0,0,0
XLU STK SMART,20150324,125949,44.41,1,0,0,0,0,0
XLU STK SMART,20150324,125952,44.42,3,0,0,0,0,0
XLU STK SMART,20150324,130004,44.42,1,0,0,0,0,0
XLU STK SMART,20150324,130027,44.43,1,0,0,0,0,0
XLU STK SMART,20150324,130038,44.44,1,0,0,0,0,0
XLU STK SMART,20150324,130119,44.45,4,0,0,0,0,0
XLU STK SMART,20150324,130122,44.45,1,0,0,0,0,0
XLU STK SMART,20150324,130139,44.46,1,0,0,0,0,0
XLU STK SMART,20150324,130141,44.47,1,0,0,0,0,0
XLU STK SMART,20150324,130153,44.48,1,0,0,0,0,0
XLU STK SMART,20150324,130200,44.47,1,0,0,0,0,0
XLU STK SMART,20150324,130219,44.49,1,0,0,0,0,0
XLU STK SMART,20150324,130229,44.49,1,0,0,0,0,0
XLU STK SMART,20150324,130237,44.48,5,0,0,0,0,0
XLU STK SMART,20150324,130240,44.48,1,0,0,0,0,0
XLU STK SMART,20150324,130258,44.49,1,0,0,0,0,0
XLU STK SMART,20150324,130303,44.5,1,0,0,0,0,0
XLU STK SMART,20150324,130320,44.51,1,0,0,0,0,0
XLU STK SMART,20150324,130346,44.5,1,0,0,0,0,0
XLU STK SMART,20150324,130350,44.49,1,0,0,0,0,0
XLU STK SMART,20150324,130434,44.49,1,0,0,0,0,0
XLU STK SMART,20150324,130503,44.49,3,0,0,0,0,0
XLU STK SMART,20150324,130519,44.5,1,0,0,0,0,0
XLU STK SMART,20150324,130533,44.5,1,0,0,0,0,0
XLU STK SMART,20150324,130550,44.49,1,0,0,0,0,0
XLU STK SMART,20150324,130609,44.5,1,0,0,0,0,0
XLU STK SMART,20150324,130629,44.5,4,0,0,0,0,0
XLU STK SMART,20150324,130630,44.49,1,0,0,0,0,0
XLU STK SMART,20150324,130712,44.49,2,0,0,0,0,0
XLU STK SMART,20150324,130720,44.49,1,0,0,0,0,0
XLU STK SMART,20150324,130739,44.5,1,0,0,0,0,0
XLU STK SMART,20150324,130745,44.51,1,0,0,0,0,0
XLU STK SMART,20150324,130751,44.51,1,0,0,0,0,0
XLU STK SMART,20150324,130840,44.51,2,0,0,0,0,0
XLU STK SMART,20150324,130900,44.53,1,0,0,0,0,0
XLU STK SMART,20150324,130910,44.53,1,0,0,0,0,0
XLU STK SMART,20150324,130917,44.52,3,0,0,0,0,0
XLU STK SMART,20150324,130949,44.51,1,0,0,0,0,0
XLU STK SMART,20150324,130950,44.51,23,0,0,0,0,0
XLU STK SMART,20150324,131039,44.49,1,0,0,0,0,0
XLU STK SMART,20150324,131046,44.49,2,0,0,0,0,0
XLU STK SMART,20150324,131056,44.48,6,0,0,0,0,0
XLU STK SMART,20150324,131120,44.49,2,0,0,0,0,0
XLU STK SMART,20150324,131129,44.5,6,0,0,0,0,0
XLU STK SMART,20150324,131144,44.5,2,0,0,0,0,0
XLU STK SMART,20150324,131200,44.49,2,0,0,0,0,0
XLU STK SMART,20150324,131211,44.49,1,0,0,0,0,0
XLU STK SMART,20150324,131245,44.49,1,0,0,0,0,0
XLU STK SMART,20150324,131259,44.49,1,0,0,0,0,0
XLU STK SMART,20150324,131310,44.49,1,0,0,0,0,0
XLU STK SMART,20150324,131332,44.49,2,0,0,0,0,0
XLU STK SMART,20150324,131416,44.49,1,0,0,0,0,0
XLU STK SMART,20150324,131423,44.5,1,0,0,0,0,0
XLU STK SMART,20150324,131505,44.49,1,0,0,0,0,0
XLU STK SMART,20150324,131521,44.49,4,0,0,0,0,0
XLU STK SMART,20150324,131539,44.49,1,0,0,0,0,0
XLU STK SMART,20150324,131610,44.48,4,0,0,0,0,0
XLU STK SMART,20150324,131617,44.48,1,0,0,0,0,0
XLU STK SMART,20150324,131627,44.49,2,0,0,0,0,0
XLU STK SMART,20150324,131638,44.49,1,0,0,0,0,0
XLU STK SMART,20150324,131707,44.51,1,0,0,0,0,0
XLU STK SMART,20150324,131718,44.51,1,0,0,0,0,0
XLU STK SMART,20150324,131725,44.51,2,0,0,0,0,0
XLU STK SMART,20150324,131754,44.51,1,0,0,0,0,0
XLU STK SMART,20150324,131817,44.52,3,0,0,0,0,0
XLU STK SMART,20150324,131828,44.53,1,0,0,0,0,0
XLU STK SMART,20150324,131837,44.54,1,0,0,0,0,0
XLU STK SMART,20150324,131847,44.54,1,0,0,0,0,0
XLU STK SMART,20150324,131909,44.53,1,0,0,0,0,0
XLU STK SMART,20150324,132035,44.52,1,0,0,0,0,0
XLU STK SMART,20150324,132048,44.54,1,0,0,0,0,0
XLU STK SMART,20150324,132125,44.55,1,0,0,0,0,0
XLU STK SMART,20150324,132140,44.54,2,0,0,0,0,0
XLU STK SMART,20150324,132148,44.53,1,0,0,0,0,0
XLU STK SMART,20150324,132200,44.54,1,0,0,0,0,0
XLU STK SMART,20150324,132210,44.53,2,0,0,0,0,0
XLU STK SMART,20150324,132220,44.52,1,0,0,0,0,0
XLU STK SMART,20150324,132230,44.52,1,0,0,0,0,0
XLU STK SMART,20150324,132239,44.53,1,0,0,0,0,0
XLU STK SMART,20150324,132250,44.53,1,0,0,0,0,0
XLU STK SMART,20150324,132311,44.53,2,0,0,0,0,0
XLU STK SMART,20150324,132326,44.52,1,0,0,0,0,0
XLU STK SMART,20150324,132333,44.53,1,0,0,0,0,0
XLU STK SMART,20150324,132401,44.52,1,0,0,0,0,0
XLU STK SMART,20150324,132401,44.52,1,0,0,0,0,0
XLU STK SMART,20150324,132456,44.52,1,0,0,0,0,0
XLU STK SMART,20150324,132503,44.52,9,0,0,0,0,0
XLU STK SMART,20150324,132519,44.52,1,0,0,0,0,0
XLU STK SMART,20150324,132537,44.51,1,0,0,0,0,0
XLU STK SMART,20150324,132544,44.52,2,0,0,0,0,0
XLU STK SMART,20150324,132559,44.49,1,0,0,0,0,0
XLU STK SMART,20150324,132625,44.49,1,0,0,0,0,0
XLU STK SMART,20150324,132636,44.48,1,0,0,0,0,0
XLU STK SMART,20150324,132649,44.51,1,0,0,0,0,0
XLU STK SMART,20150324,132701,44.49,1,0,0,0,0,0
XLU STK SMART,20150324,132708,44.49,1,0,0,0,0,0
XLU STK SMART,20150324,132729,44.51,1,0,0,0,0,0
XLU STK SMART,20150324,132751,44.51,1,0,0,0,0,0
XLU STK SMART,20150324,132800,44.49,2,0,0,0,0,0
XLU STK SMART,20150324,132801,44.49,1,0,0,0,0,0
XLU STK SMART,20150324,132837,44.45,1,0,0,0,0,0
XLU STK SMART,20150324,132850,44.45,1,0,0,0,0,0
XLU STK SMART,20150324,132853,44.46,1,0,0,0,0,0
XLU STK SMART,20150324,132918,44.47,1,0,0,0,0,0
XLU STK SMART,20150324,132928,44.47,2,0,0,0,0,0
XLU STK SMART,20150324,132951,44.47,5,0,0,0,0,0
XLU STK SMART,20150324,132952,44.48,4,0,0,0,0,0
XLU STK SMART,20150324,133006,44.49,2,0,0,0,0,0
XLU STK SMART,20150324,133017,44.5,3,0,0,0,0,0
XLU STK SMART,20150324,133035,44.5,1,0,0,0,0,0
XLU STK SMART,20150324,133054,44.51,1,0,0,0,0,0
XLU STK SMART,20150324,133111,44.51,1,0,0,0,0,0
XLU STK SMART,20150324,133115,44.51,1,0,0,0,0,0
XLU STK SMART,20150324,133125,44.52,1,0,0,0,0,0
XLU STK SMART,20150324,133136,44.51,1,0,0,0,0,0
XLU STK SMART,20150324,133151,44.51,4,0,0,0,0,0
XLU STK SMART,20150324,133159,44.52,1,0,0,0,0,0
XLU STK SMART,20150324,133239,44.5,1,0,0,0,0,0
XLU STK SMART,20150324,133250,44.5,1,0,0,0,0,0
XLU STK SMART,20150324,133252,44.49,1,0,0,0,0,0
XLU STK SMART,20150324,133314,44.5,1,0,0,0,0,0
XLU STK SMART,20150324,133335,44.49,1,0,0,0,0,0
XLU STK SMART,20150324,133431,44.5,1,0,0,0,0,0
XLU STK SMART,20150324,133433,44.49,2,0,0,0,0,0
XLU STK SMART,20150324,133443,44.5,1,0,0,0,0,0
XLU STK SMART,20150324,133511,44.5,4,0,0,0,0,0
XLU STK SMART,20150324,133521,44.51,1,0,0,0,0,0
XLU STK SMART,20150324,133531,44.51,1,0,0,0,0,0
XLU STK SMART,20150324,133550,44.51,1,0,0,0,0,0
XLU STK SMART,20150324,133600,44.51,1,0,0,0,0,0
XLU STK SMART,20150324,133631,44.52,1,0,0,0,0,0
XLU STK SMART,20150324,133632,44.52,1,0,0,0,0,0
XLU STK SMART,20150324,133708,44.53,1,0,0,0,0,0
XLU STK SMART,20150324,133738,44.51,3,0,0,0,0,0
XLU STK SMART,20150324,133750,44.5,1,0,0,0,0,0
XLU STK SMART,20150324,133759,44.52,1,0,0,0,0,0
XLU STK SMART,20150324,133811,44.51,1,0,0,0,0,0
XLU STK SMART,20150324,133821,44.51,4,0,0,0,0,0
XLU STK SMART,20150324,133824,44.51,2,0,0,0,0,0
XLU STK SMART,20150324,133835,44.52,3,0,0,0,0,0
XLU STK SMART,20150324,133908,44.52,2,0,0,0,0,0
XLU STK SMART,20150324,133921,44.51,1,0,0,0,0,0
XLU STK SMART,20150324,133922,44.51,1,0,0,0,0,0
XLU STK SMART,20150324,133937,44.52,1,0,0,0,0,0
XLU STK SMART,20150324,133948,44.54,1,0,0,0,0,0
XLU STK SMART,20150324,134011,44.55,1,0,0,0,0,0
XLU STK SMART,20150324,134030,44.54,2,0,0,0,0,0
XLU STK SMART,20150324,134101,44.56,2,0,0,0,0,0
XLU STK SMART,20150324,134108,44.57,2,0,0,0,0,0
XLU STK SMART,20150324,134141,44.57,3,0,0,0,0,0
XLU STK SMART,20150324,134149,44.56,1,0,0,0,0,0
XLU STK SMART,20150324,134216,44.58,6,0,0,0,0,0
XLU STK SMART,20150324,134241,44.58,1,0,0,0,0,0
XLU STK SMART,20150324,134242,44.58,2,0,0,0,0,0
XLU STK SMART,20150324,134320,44.6,4,0,0,0,0,0
XLU STK SMART,20150324,134349,44.6,1,0,0,0,0,0
XLU STK SMART,20150324,134356,44.59,2,0,0,0,0,0
XLU STK SMART,20150324,134419,44.59,2,0,0,0,0,0
XLU STK SMART,20150324,134432,44.59,1,0,0,0,0,0
XLU STK SMART,20150324,134448,44.57,1,0,0,0,0,0
XLU STK SMART,20150324,134503,44.56,1,0,0,0,0,0
XLU STK SMART,20150324,134515,44.55,1,0,0,0,0,0
XLU STK SMART,20150324,134545,44.57,1,0,0,0,0,0
XLU STK SMART,20150324,134615,44.57,1,0,0,0,0,0
XLU STK SMART,20150324,134636,44.56,1,0,0,0,0,0
XLU STK SMART,20150324,134711,44.56,2,0,0,0,0,0
XLU STK SMART,20150324,134735,44.56,1,0,0,0,0,0
XLU STK SMART,20150324,134745,44.56,2,0,0,0,0,0
XLU STK SMART,20150324,134757,44.56,1,0,0,0,0,0
XLU STK SMART,20150324,134807,44.57,2,0,0,0,0,0
XLU STK SMART,20150324,134813,44.57,2,0,0,0,0,0
XLU STK SMART,20150324,134842,44.56,1,0,0,0,0,0
XLU STK SMART,20150324,134936,44.57,1,0,0,0,0,0
XLU STK SMART,20150324,134946,44.57,1,0,0,0,0,0
XLU STK SMART,20150324,135003,44.56,5,0,0,0,0,0
XLU STK SMART,20150324,135029,44.56,2,0,0,0,0,0
XLU STK SMART,20150324,135040,44.57,1,0,0,0,0,0
XLU STK SMART,20150324,135108,44.58,1,0,0,0,0,0
XLU STK SMART,20150324,135132,44.59,8,0,0,0,0,0
XLU STK SMART,20150324,135141,44.59,1,0,0,0,0,0
XLU STK SMART,20150324,135144,44.59,1,0,0,0,0,0
XLU STK SMART,20150324,135205,44.6,4,0,0,0,0,0
XLU STK SMART,20150324,135224,44.59,1,0,0,0,0,0
XLU STK SMART,20150324,135233,44.59,1,0,0,0,0,0
XLU STK SMART,20150324,135251,44.58,1,0,0,0,0,0
XLU STK SMART,20150324,135302,44.59,2,0,0,0,0,0
XLU STK SMART,20150324,135316,44.58,1,0,0,0,0,0
XLU STK SMART,20150324,135341,44.56,2,0,0,0,0,0
XLU STK SMART,20150324,135354,44.56,2,0,0,0,0,0
XLU STK SMART,20150324,135436,44.56,1,0,0,0,0,0
XLU STK SMART,20150324,135511,44.57,1,0,0,0,0,0
XLU STK SMART,20150324,135519,44.56,1,0,0,0,0,0
XLU STK SMART,20150324,135608,44.57,1,0,0,0,0,0
XLU STK SMART,20150324,135652,44.56,1,0,0,0,0,0
XLU STK SMART,20150324,135700,44.57,1,0,0,0,0,0
XLU STK SMART,20150324,135708,44.58,2,0,0,0,0,0
XLU STK SMART,20150324,135722,44.59,2,0,0,0,0,0
XLU STK SMART,20150324,135723,44.59,1,0,0,0,0,0
XLU STK SMART,20150324,135752,44.58,2,0,0,0,0,0
XLU STK SMART,20150324,135852,44.59,3,0,0,0,0,0
XLU STK SMART,20150324,135853,44.59,1,0,0,0,0,0
XLU STK SMART,20150324,135911,44.59,1,0,0,0,0,0
XLU STK SMART,20150324,135921,44.58,2,0,0,0,0,0
XLU STK SMART,20150324,135937,44.57,1,0,0,0,0,0
XLU STK SMART,20150324,135945,44.58,1,0,0,0,0,0
XLU STK SMART,20150324,140002,44.57,2,0,0,0,0,0
XLU STK SMART,20150324,140010,44.57,1,0,0,0,0,0
XLU STK SMART,20150324,140244,44.56,1,0,0,0,0,0
XLU STK SMART,20150324,140305,44.56,2,0,0,0,0,0
XLU STK SMART,20150324,140410,44.56,2,0,0,0,0,0
XLU STK SMART,20150324,140451,44.55,1,0,0,0,0,0
XLU STK SMART,20150324,140502,44.54,1,0,0,0,0,0
XLU STK SMART,20150324,140542,44.53,2,0,0,0,0,0
XLU STK SMART,20150324,140552,44.53,2,0,0,0,0,0
XLU STK SMART,20150324,140558,44.54,16,0,0,0,0,0
XLU STK SMART,20150324,140618,44.55,1,0,0,0,0,0
XLU STK SMART,20150324,140628,44.55,1,0,0,0,0,0
XLU STK SMART,20150324,140701,44.54,1,0,0,0,0,0
XLU STK SMART,20150324,140710,44.54,1,0,0,0,0,0
XLU STK SMART,20150324,140717,44.53,2,0,0,0,0,0
XLU STK SMART,20150324,140817,44.53,1,0,0,0,0,0
XLU STK SMART,20150324,140825,44.54,6,0,0,0,0,0
XLU STK SMART,20150324,140837,44.54,1,0,0,0,0,0
XLU STK SMART,20150324,140912,44.55,1,0,0,0,0,0
XLU STK SMART,20150324,140918,44.56,1,0,0,0,0,0
XLU STK SMART,20150324,140933,44.57,1,0,0,0,0,0
XLU STK SMART,20150324,140941,44.58,3,0,0,0,0,0
XLU STK SMART,20150324,141000,44.57,1,0,0,0,0,0
XLU STK SMART,20150324,141103,44.56,1,0,0,0,0,0
XLU STK SMART,20150324,141156,44.57,1,0,0,0,0,0
XLU STK SMART,20150324,141301,44.56,10,0,0,0,0,0
XLU STK SMART,20150324,141318,44.55,1,0,0,0,0,0
XLU STK SMART,20150324,141326,44.55,1,0,0,0,0,0
XLU STK SMART,20150324,141408,44.54,1,0,0,0,0,0
XLU STK SMART,20150324,141420,44.53,1,0,0,0,0,0
XLU STK SMART,20150324,141450,44.52,1,0,0,0,0,0
XLU STK SMART,20150324,141501,44.52,2,0,0,0,0,0
XLU STK SMART,20150324,141507,44.52,1,0,0,0,0,0
XLU STK SMART,20150324,141519,44.52,4,0,0,0,0,0
XLU STK SMART,20150324,141552,44.54,3,0,0,0,0,0
XLU STK SMART,20150324,141607,44.54,1,0,0,0,0,0
XLU STK SMART,20150324,141621,44.54,1,0,0,0,0,0
XLU STK SMART,20150324,141627,44.54,2,0,0,0,0,0
XLU STK SMART,20150324,141640,44.54,1,0,0,0,0,0
XLU STK SMART,20150324,141718,44.55,1,0,0,0,0,0
XLU STK SMART,20150324,141748,44.53,3,0,0,0,0,0
XLU STK SMART,20150324,141802,44.51,1,0,0,0,0,0
XLU STK SMART,20150324,141812,44.5,2,0,0,0,0,0
XLU STK SMART,20150324,141821,44.52,1,0,0,0,0,0
XLU STK SMART,20150324,141828,44.52,2,0,0,0,0,0
XLU STK SMART,20150324,141840,44.51,1,0,0,0,0,0
XLU STK SMART,20150324,141914,44.52,1,0,0,0,0,0
XLU STK SMART,20150324,141930,44.5,1,0,0,0,0,0
XLU STK SMART,20150324,141957,44.49,1,0,0,0,0,0
XLU STK SMART,20150324,142010,44.5,2,0,0,0,0,0
XLU STK SMART,20150324,142019,44.51,2,0,0,0,0,0
XLU STK SMART,20150324,142036,44.5,1,0,0,0,0,0
XLU STK SMART,20150324,142053,44.5,1,0,0,0,0,0
XLU STK SMART,20150324,142100,44.5,2,0,0,0,0,0
XLU STK SMART,20150324,142109,44.5,1,0,0,0,0,0
XLU STK SMART,20150324,142118,44.5,3,0,0,0,0,0
XLU STK SMART,20150324,142138,44.51,1,0,0,0,0,0
XLU STK SMART,20150324,142154,44.51,2,0,0,0,0,0
XLU STK SMART,20150324,142220,44.52,1,0,0,0,0,0
XLU STK SMART,20150324,142230,44.51,1,0,0,0,0,0
XLU STK SMART,20150324,142250,44.51,1,0,0,0,0,0
XLU STK SMART,20150324,142322,44.52,1,0,0,0,0,0
XLU STK SMART,20150324,142330,44.52,2,0,0,0,0,0
XLU STK SMART,20150324,142412,44.52,1,0,0,0,0,0
XLU STK SMART,20150324,142418,44.53,1,0,0,0,0,0
XLU STK SMART,20150324,142432,44.53,1,0,0,0,0,0
XLU STK SMART,20150324,142443,44.54,2,0,0,0,0,0
XLU STK SMART,20150324,142447,44.53,1,0,0,0,0,0
XLU STK SMART,20150324,142454,44.52,20,0,0,0,0,0
XLU STK SMART,20150324,142520,44.52,2,0,0,0,0,0
XLU STK SMART,20150324,142540,44.52,1,0,0,0,0,0
XLU STK SMART,20150324,142554,44.52,15,0,0,0,0,0
XLU STK SMART,20150324,142554,44.52,3,0,0,0,0,0
XLU STK SMART,20150324,142610,44.52,1,0,0,0,0,0
XLU STK SMART,20150324,142649,44.52,1,0,0,0,0,0
XLU STK SMART,20150324,142705,44.52,2,0,0,0,0,0
XLU STK SMART,20150324,142725,44.53,1,0,0,0,0,0
XLU STK SMART,20150324,142735,44.53,4,0,0,0,0,0
XLU STK SMART,20150324,142807,44.52,1,0,0,0,0,0
XLU STK SMART,20150324,142908,44.52,1,0,0,0,0,0
XLU STK SMART,20150324,142924,44.51,1,0,0,0,0,0
XLU STK SMART,20150324,142934,44.5,2,0,0,0,0,0
XLU STK SMART,20150324,142943,44.49,1,0,0,0,0,0
XLU STK SMART,20150324,142953,44.5,1,0,0,0,0,0
XLU STK SMART,20150324,142958,44.49,1,0,0,0,0,0
XLU STK SMART,20150324,143032,44.48,1,0,0,0,0,0
XLU STK SMART,20150324,143058,44.47,1,0,0,0,0,0
XLU STK SMART,20150324,143107,44.46,1,0,0,0,0,0
XLU STK SMART,20150324,143120,44.46,2,0,0,0,0,0
XLU STK SMART,20150324,143130,44.47,1,0,0,0,0,0
XLU STK SMART,20150324,143149,44.46,1,0,0,0,0,0
XLU STK SMART,20150324,143156,44.46,1,0,0,0,0,0
XLU STK SMART,20150324,143205,44.47,1,0,0,0,0,0
XLU STK SMART,20150324,143215,44.47,1,0,0,0,0,0
XLU STK SMART,20150324,143234,44.46,2,0,0,0,0,0
XLU STK SMART,20150324,143246,44.45,2,0,0,0,0,0
XLU STK SMART,20150324,143320,44.45,2,0,0,0,0,0
XLU STK SMART,20150324,143339,44.44,4,0,0,0,0,0
XLU STK SMART,20150324,143349,44.43,1,0,0,0,0,0
XLU STK SMART,20150324,143358,44.43,1,0,0,0,0,0
XLU STK SMART,20150324,143444,44.44,3,0,0,0,0,0
XLU STK SMART,20150324,143457,44.44,2,0,0,0,0,0
XLU STK SMART,20150324,143520,44.44,9,0,0,0,0,0
XLU STK SMART,20150324,143613,44.46,2,0,0,0,0,0
XLU STK SMART,20150324,143619,44.45,2,0,0,0,0,0
XLU STK SMART,20150324,143642,44.44,2,0,0,0,0,0
XLU STK SMART,20150324,143651,44.44,1,0,0,0,0,0
XLU STK SMART,20150324,143704,44.44,1,0,0,0,0,0
XLU STK SMART,20150324,143710,44.44,1,0,0,0,0,0
XLU STK SMART,20150324,143734,44.44,1,0,0,0,0,0
XLU STK SMART,20150324,143823,44.46,1,0,0,0,0,0
XLU STK SMART,20150324,143838,44.45,1,0,0,0,0,0
XLU STK SMART,20150324,143943,44.47,1,0,0,0,0,0
XLU STK SMART,20150324,144042,44.47,1,0,0,0,0,0
XLU STK SMART,20150324,144143,44.45,5,0,0,0,0,0
XLU STK SMART,20150324,144148,44.45,2,0,0,0,0,0
XLU STK SMART,20150324,144210,44.45,1,0,0,0,0,0
XLU STK SMART,20150324,144231,44.46,1,0,0,0,0,0
XLU STK SMART,20150324,144324,44.48,1,0,0,0,0,0
XLU STK SMART,20150324,144406,44.49,1,0,0,0,0,0
XLU STK SMART,20150324,144422,44.5,1,0,0,0,0,0
XLU STK SMART,20150324,144442,44.51,1,0,0,0,0,0
XLU STK SMART,20150324,144452,44.51,1,0,0,0,0,0
XLU STK SMART,20150324,144512,44.51,3,0,0,0,0,0
XLU STK SMART,20150324,144521,44.51,4,0,0,0,0,0
XLU STK SMART,20150324,144619,44.52,1,0,0,0,0,0
XLU STK SMART,20150324,144705,44.54,2,0,0,0,0,0
XLU STK SMART,20150324,144713,44.55,2,0,0,0,0,0
XLU STK SMART,20150324,144743,44.55,1,0,0,0,0,0
XLU STK SMART,20150324,144915,44.54,1,0,0,0,0,0
XLU STK SMART,20150324,144922,44.54,2,0,0,0,0,0
XLU STK SMART,20150324,144943,44.55,9,0,0,0,0,0
XLU STK SMART,20150324,145037,44.55,1,0,0,0,0,0
XLU STK SMART,20150324,145047,44.54,1,0,0,0,0,0
XLU STK SMART,20150324,145113,44.53,1,0,0,0,0,0
XLU STK SMART,20150324,145119,44.53,1,0,0,0,0,0
XLU STK SMART,20150324,145130,44.53,2,0,0,0,0,0
XLU STK SMART,20150324,145145,44.51,1,0,0,0,0,0
XLU STK SMART,20150324,145152,44.51,2,0,0,0,0,0
XLU STK SMART,20150324,145203,44.51,2,0,0,0,0,0
XLU STK SMART,20150324,145209,44.52,1,0,0,0,0,0
XLU STK SMART,20150324,145221,44.52,1,0,0,0,0,0
XLU STK SMART,20150324,145233,44.51,3,0,0,0,0,0
XLU STK SMART,20150324,145244,44.51,1,0,0,0,0,0
XLU STK SMART,20150324,145248,44.51,2,0,0,0,0,0
XLU STK SMART,20150324,145259,44.51,1,0,0,0,0,0
XLU STK SMART,20150324,145439,44.51,2,0,0,0,0,0
XLU STK SMART,20150324,145503,44.53,1,0,0,0,0,0
XLU STK SMART,20150324,145523,44.53,1,0,0,0,0,0
XLU STK SMART,20150324,145635,44.53,2,0,0,0,0,0
XLU STK SMART,20150324,145708,44.53,1,0,0,0,0,0
XLU STK SMART,20150324,145725,44.51,1,0,0,0,0,0
XLU STK SMART,20150324,145726,44.51,1,0,0,0,0,0
XLU STK SMART,20150324,145743,44.52,1,0,0,0,0,0
XLU STK SMART,20150324,145908,44.52,2,0,0,0,0,0
XLU STK SMART,20150324,145921,44.51,1,0,0,0,0,0
XLU STK SMART,20150324,145930,44.52,1,0,0,0,0,0
XLU STK SMART,20150324,150005,44.52,11,0,0,0,0,0
XLU STK SMART,20150324,150012,44.53,11,0,0,0,0,0
XLU STK SMART,20150324,150022,44.53,1,0,0,0,0,0
XLU STK SMART,20150324,150045,44.54,6,0,0,0,0,0
XLU STK SMART,20150324,150051,44.54,1,0,0,0,0,0
XLU STK SMART,20150324,150109,44.54,1,0,0,0,0,0
XLU STK SMART,20150324,150130,44.54,1,0,0,0,0,0
XLU STK SMART,20150324,150138,44.54,1,0,0,0,0,0
XLU STK SMART,20150324,150216,44.53,1,0,0,0,0,0
XLU STK SMART,20150324,150230,44.52,1,0,0,0,0,0
XLU STK SMART,20150324,150252,44.53,1,0,0,0,0,0
XLU STK SMART,20150324,150355,44.53,1,0,0,0,0,0
XLU STK SMART,20150324,150421,44.53,1,0,0,0,0,0
XLU STK SMART,20150324,150454,44.53,4,0,0,0,0,0
XLU STK SMART,20150324,150459,44.54,2,0,0,0,0,0
XLU STK SMART,20150324,150511,44.55,1,0,0,0,0,0
XLU STK SMART,20150324,150524,44.56,1,0,0,0,0,0
XLU STK SMART,20150324,150602,44.57,4,0,0,0,0,0
XLU STK SMART,20150324,150612,44.57,1,0,0,0,0,0
XLU STK SMART,20150324,150621,44.58,1,0,0,0,0,0
XLU STK SMART,20150324,150630,44.57,8,0,0,0,0,0
XLU STK SMART,20150324,150700,44.57,3,0,0,0,0,0
XLU STK SMART,20150324,150707,44.57,1,0,0,0,0,0
XLU STK SMART,20150324,150725,44.58,1,0,0,0,0,0
XLU STK SMART,20150324,150754,44.58,1,0,0,0,0,0
XLU STK SMART,20150324,150811,44.59,1,0,0,0,0,0
XLU STK SMART,20150324,150826,44.59,1,0,0,0,0,0
XLU STK SMART,20150324,150854,44.59,2,0,0,0,0,0
XLU STK SMART,20150324,150906,44.59,1,0,0,0,0,0
XLU STK SMART,20150324,150929,44.58,3,0,0,0,0,0
XLU STK SMART,20150324,150946,44.57,1,0,0,0,0,0
XLU STK SMART,20150324,151011,44.56,1,0,0,0,0,0
XLU STK SMART,20150324,151019,44.57,1,0,0,0,0,0
XLU STK SMART,20150324,151031,44.57,3,0,0,0,0,0
XLU STK SMART,20150324,151116,44.58,1,0,0,0,0,0
XLU STK SMART,20150324,151125,44.59,1,0,0,0,0,0
XLU STK SMART,20150324,151133,44.6,1,0,0,0,0,0
XLU STK SMART,20150324,151156,44.6,18,0,0,0,0,0
XLU STK SMART,20150324,151201,44.61,4,0,0,0,0,0
XLU STK SMART,20150324,151218,44.61,2,0,0,0,0,0
XLU STK SMART,20150324,151230,44.61,2,0,0,0,0,0
XLU STK SMART,20150324,151256,44.61,2,0,0,0,0,0
XLU STK SMART,20150324,151259,44.6,1,0,0,0,0,0
XLU STK SMART,20150324,151356,44.58,1,0,0,0,0,0
XLU STK SMART,20150324,151357,44.59,1,0,0,0,0,0
XLU STK SMART,20150324,151417,44.6,1,0,0,0,0,0
XLU STK SMART,20150324,151436,44.59,1,0,0,0,0,0
XLU STK SMART,20150324,151456,44.6,7,0,0,0,0,0
XLU STK SMART,20150324,151502,44.61,8,0,0,0,0,0
XLU STK SMART,20150324,151515,44.62,1,0,0,0,0,0
XLU STK SMART,20150324,151539,44.61,1,0,0,0,0,0
XLU STK SMART,20150324,151547,44.6,1,0,0,0,0,0
XLU STK SMART,20150324,151612,44.6,1,0,0,0,0,0
XLU STK SMART,20150324,151622,44.61,1,0,0,0,0,0
XLU STK SMART,20150324,151736,44.6,3,0,0,0,0,0
XLU STK SMART,20150324,151806,44.62,1,0,0,0,0,0
XLU STK SMART,20150324,151813,44.62,1,0,0,0,0,0
XLU STK SMART,20150324,151818,44.62,1,0,0,0,0,0
XLU STK SMART,20150324,151842,44.63,1,0,0,0,0,0
XLU STK SMART,20150324,151856,44.63,1,0,0,0,0,0
XLU STK SMART,20150324,151924,44.63,1,0,0,0,0,0
XLU STK SMART,20150324,151930,44.62,2,0,0,0,0,0
XLU STK SMART,20150324,151946,44.61,3,0,0,0,0,0
XLU STK SMART,20150324,151954,44.6,1,0,0,0,0,0
XLU STK SMART,20150324,152005,44.59,1,0,0,0,0,0
XLU STK SMART,20150324,152025,44.58,1,0,0,0,0,0
XLU STK SMART,20150324,152036,44.58,1,0,0,0,0,0
XLU STK SMART,20150324,152043,44.58,1,0,0,0,0,0
XLU STK SMART,20150324,152055,44.57,2,0,0,0,0,0
XLU STK SMART,20150324,152058,44.57,1,0,0,0,0,0
XLU STK SMART,20150324,152116,44.57,4,0,0,0,0,0
XLU STK SMART,20150324,152134,44.58,4,0,0,0,0,0
XLU STK SMART,20150324,152144,44.58,1,0,0,0,0,0
XLU STK SMART,20150324,152154,44.58,1,0,0,0,0,0
XLU STK SMART,20150324,152223,44.56,1,0,0,0,0,0
XLU STK SMART,20150324,152236,44.56,2,0,0,0,0,0
XLU STK SMART,20150324,152237,44.56,1,0,0,0,0,0
XLU STK SMART,20150324,152252,44.55,1,0,0,0,0,0
XLU STK SMART,20150324,152258,44.55,4,0,0,0,0,0
XLU STK SMART,20150324,152309,44.56,1,0,0,0,0,0
XLU STK SMART,20150324,152320,44.57,1,0,0,0,0,0
XLU STK SMART,20150324,152354,44.56,2,0,0,0,0,0
XLU STK SMART,20150324,152406,44.54,2,0,0,0,0,0
XLU STK SMART,20150324,152410,44.56,1,0,0,0,0,0
XLU STK SMART,20150324,152418,44.56,1,0,0,0,0,0
XLU STK SMART,20150324,152444,44.57,1,0,0,0,0,0
XLU STK SMART,20150324,152454,44.57,4,0,0,0,0,0
XLU STK SMART,20150324,152500,44.58,1,0,0,0,0,0
XLU STK SMART,20150324,152511,44.57,1,0,0,0,0,0
XLU STK SMART,20150324,152525,44.57,1,0,0,0,0,0
XLU STK SMART,20150324,152546,44.57,1,0,0,0,0,0
XLU STK SMART,20150324,152554,44.58,5,0,0,0,0,0
XLU STK SMART,20150324,152606,44.59,3,0,0,0,0,0
XLU STK SMART,20150324,152608,44.59,1,0,0,0,0,0
XLU STK SMART,20150324,152620,44.58,1,0,0,0,0,0
XLU STK SMART,20150324,152631,44.58,2,0,0,0,0,0
XLU STK SMART,20150324,152642,44.57,2,0,0,0,0,0
XLU STK SMART,20150324,152649,44.58,1,0,0,0,0,0
XLU STK SMART,20150324,152700,44.58,1,0,0,0,0,0
XLU STK SMART,20150324,152709,44.58,1,0,0,0,0,0
XLU STK SMART,20150324,152722,44.59,1,0,0,0,0,0
XLU STK SMART,20150324,152755,44.58,1,0,0,0,0,0
XLU STK SMART,20150324,152850,44.59,1,0,0,0,0,0
XLU STK SMART,20150324,152914,44.57,9,0,0,0,0,0
XLU STK SMART,20150324,152917,44.57,6,0,0,0,0,0
XLU STK SMART,20150324,152931,44.56,1,0,0,0,0,0
XLU STK SMART,20150324,152946,44.58,1,0,0,0,0,0
XLU STK SMART,20150324,153007,44.58,2,0,0,0,0,0
XLU STK SMART,20150324,153015,44.59,1,0,0,0,0,0
XLU STK SMART,20150324,153035,44.57,1,0,0,0,0,0
XLU STK SMART,20150324,153045,44.58,1,0,0,0,0,0
XLU STK SMART,20150324,153057,44.58,1,0,0,0,0,0
XLU STK SMART,20150324,153059,44.57,1,0,0,0,0,0
XLU STK SMART,20150324,153115,44.58,1,0,0,0,0,0
XLU STK SMART,20150324,153117,44.58,2,0,0,0,0,0
XLU STK SMART,20150324,153136,44.58,17,0,0,0,0,0
XLU STK SMART,20150324,153148,44.58,1,0,0,0,0,0
XLU STK SMART,20150324,153214,44.58,3,0,0,0,0,0
XLU STK SMART,20150324,153220,44.58,1,0,0,0,0,0
XLU STK SMART,20150324,153355,44.58,1,0,0,0,0,0
XLU STK SMART,20150324,153407,44.59,1,0,0,0,0,0
XLU STK SMART,20150324,153409,44.58,1,0,0,0,0,0
XLU STK SMART,20150324,153420,44.59,1,0,0,0,0,0
XLU STK SMART,20150324,153429,44.58,1,0,0,0,0,0
XLU STK SMART,20150324,153445,44.58,2,0,0,0,0,0
XLU STK SMART,20150324,153454,44.59,1,0,0,0,0,0
XLU STK SMART,20150324,153506,44.6,1,0,0,0,0,0
XLU STK SMART,20150324,153515,44.6,1,0,0,0,0,0
XLU STK SMART,20150324,153520,44.6,1,0,0,0,0,0
XLU STK SMART,20150324,153542,44.59,3,0,0,0,0,0
XLU STK SMART,20150324,153557,44.59,1,0,0,0,0,0
XLU STK SMART,20150324,153601,44.59,1,0,0,0,0,0
XLU STK SMART,20150324,153617,44.57,1,0,0,0,0,0
XLU STK SMART,20150324,153621,44.58,4,0,0,0,0,0
XLU STK SMART,20150324,153629,44.57,1,0,0,0,0,0
XLU STK SMART,20150324,153659,44.56,4,0,0,0,0,0
XLU STK SMART,20150324,153711,44.57,1,0,0,0,0,0
XLU STK SMART,20150324,153724,44.58,1,0,0,0,0,0
XLU STK SMART,20150324,153749,44.57,1,0,0,0,0,0
XLU STK SMART,20150324,153814,44.56,1,0,0,0,0,0
XLU STK SMART,20150324,153826,44.57,4,0,0,0,0,0
XLU STK SMART,20150324,153836,44.57,2,0,0,0,0,0
XLU STK SMART,20150324,153847,44.58,1,0,0,0,0,0
XLU STK SMART,20150324,153857,44.57,1,0,0,0,0,0
XLU STK SMART,20150324,153922,44.57,2,0,0,0,0,0
XLU STK SMART,20150324,153937,44.58,1,0,0,0,0,0
XLU STK SMART,20150324,153945,44.59,1,0,0,0,0,0
XLU STK SMART,20150324,153953,44.6,1,0,0,0,0,0
XLU STK SMART,20150324,154001,44.6,3,0,0,0,0,0
XLU STK SMART,20150324,154011,44.6,3,0,0,0,0,0
XLU STK SMART,20150324,154023,44.6,1,0,0,0,0,0
XLU STK SMART,20150324,154032,44.59,1,0,0,0,0,0
XLU STK SMART,20150324,154041,44.59,1,0,0,0,0,0
XLU STK SMART,20150324,154147,44.58,2,0,0,0,0,0
XLU STK SMART,20150324,154157,44.58,1,0,0,0,0,0
XLU STK SMART,20150324,154205,44.59,1,0,0,0,0,0
XLU STK SMART,20150324,154224,44.57,90,0,0,0,0,0
XLU STK SMART,20150324,154238,44.57,6,0,0,0,0,0
XLU STK SMART,20150324,154238,44.57,1,0,0,0,0,0
XLU STK SMART,20150324,154258,44.56,3,0,0,0,0,0
XLU STK SMART,20150324,154307,44.55,1,0,0,0,0,0
XLU STK SMART,20150324,154312,44.56,2,0,0,0,0,0
XLU STK SMART,20150324,154330,44.55,1,0,0,0,0,0
XLU STK SMART,20150324,154339,44.55,4,0,0,0,0,0
XLU STK SMART,20150324,154354,44.54,1,0,0,0,0,0
XLU STK SMART,20150324,154406,44.55,1,0,0,0,0,0
XLU STK SMART,20150324,154413,44.54,10,0,0,0,0,0
XLU STK SMART,20150324,154428,44.56,1,0,0,0,0,0
XLU STK SMART,20150324,154437,44.57,2,0,0,0,0,0
XLU STK SMART,20150324,154442,44.57,1,0,0,0,0,0
XLU STK SMART,20150324,154457,44.58,2,0,0,0,0,0
XLU STK SMART,20150324,154503,44.57,1,0,0,0,0,0
XLU STK SMART,20150324,154517,44.56,2,0,0,0,0,0
XLU STK SMART,20150324,154527,44.56,2,0,0,0,0,0
XLU STK SMART,20150324,154538,44.57,50,0,0,0,0,0
XLU STK SMART,20150324,154544,44.57,1,0,0,0,0,0
XLU STK SMART,20150324,154555,44.58,1,0,0,0,0,0
XLU STK SMART,20150324,154559,44.58,4,0,0,0,0,0
XLU STK SMART,20150324,154618,44.58,3,0,0,0,0,0
XLU STK SMART,20150324,154628,44.58,1,0,0,0,0,0
XLU STK SMART,20150324,154633,44.58,1,0,0,0,0,0
XLU STK SMART,20150324,154651,44.58,1,0,0,0,0,0
XLU STK SMART,20150324,154705,44.56,1,0,0,0,0,0
XLU STK SMART,20150324,154714,44.56,1,0,0,0,0,0
XLU STK SMART,20150324,154728,44.57,1,0,0,0,0,0
XLU STK SMART,20150324,154730,44.56,1,0,0,0,0,0
XLU STK SMART,20150324,154739,44.57,1,0,0,0,0,0
XLU STK SMART,20150324,154758,44.55,1,0,0,0,0,0
XLU STK SMART,20150324,154803,44.55,1,0,0,0,0,0
XLU STK SMART,20150324,154817,44.54,1,0,0,0,0,0
XLU STK SMART,20150324,154826,44.53,1,0,0,0,0,0
XLU STK SMART,20150324,154834,44.53,1,0,0,0,0,0
XLU STK SMART,20150324,154841,44.53,4,0,0,0,0,0
XLU STK SMART,20150324,154854,44.53,1,0,0,0,0,0
XLU STK SMART,20150324,154907,44.53,2,0,0,0,0,0
XLU STK SMART,20150324,154915,44.52,4,0,0,0,0,0
XLU STK SMART,20150324,154927,44.53,1,0,0,0,0,0
XLU STK SMART,20150324,154936,44.52,1,0,0,0,0,0
XLU STK SMART,20150324,154946,44.53,6,0,0,0,0,0
XLU STK SMART,20150324,154957,44.53,1,0,0,0,0,0
XLU STK SMART,20150324,155008,44.53,1,0,0,0,0,0
XLU STK SMART,20150324,155017,44.52,3,0,0,0,0,0
XLU STK SMART,20150324,155027,44.52,4,0,0,0,0,0
XLU STK SMART,20150324,155034,44.52,1,0,0,0,0,0
XLU STK SMART,20150324,155043,44.53,1,0,0,0,0,0
XLU STK SMART,20150324,155054,44.53,2,0,0,0,0,0
XLU STK SMART,20150324,155107,44.53,1,0,0,0,0,0
XLU STK SMART,20150324,155115,44.52,6,0,0,0,0,0
XLU STK SMART,20150324,155121,44.52,1,0,0,0,0,0
XLU STK SMART,20150324,155133,44.51,1,0,0,0,0,0
XLU STK SMART,20150324,155140,44.51,1,0,0,0,0,0
XLU STK SMART,20150324,155207,44.51,1,0,0,0,0,0
XLU STK SMART,20150324,155215,44.52,1,0,0,0,0,0
XLU STK SMART,20150324,155225,44.51,2,0,0,0,0,0
XLU STK SMART,20150324,155238,44.51,3,0,0,0,0,0
XLU STK SMART,20150324,155245,44.51,2,0,0,0,0,0
XLU STK SMART,20150324,155258,44.52,3,0,0,0,0,0
XLU STK SMART,20150324,155307,44.52,1,0,0,0,0,0
XLU STK SMART,20150324,155318,44.51,1,0,0,0,0,0
XLU STK SMART,20150324,155328,44.52,2,0,0,0,0,0
XLU STK SMART,20150324,155338,44.51,10,0,0,0,0,0
XLU STK SMART,20150324,155347,44.51,5,0,0,0,0,0
XLU STK SMART,20150324,155408,44.51,1,0,0,0,0,0
XLU STK SMART,20150324,155417,44.5,1,0,0,0,0,0
XLU STK SMART,20150324,155428,44.5,2,0,0,0,0,0
XLU STK SMART,20150324,155434,44.5,1,0,0,0,0,0
XLU STK SMART,20150324,155448,44.5,2,0,0,0,0,0
XLU STK SMART,20150324,155458,44.51,1,0,0,0,0,0
XLU STK SMART,20150324,155508,44.51,2,0,0,0,0,0
XLU STK SMART,20150324,155518,44.5,3,0,0,0,0,0
XLU STK SMART,20150324,155528,44.51,4,0,0,0,0,0
XLU STK SMART,20150324,155538,44.51,2,0,0,0,0,0
XLU STK SMART,20150324,155548,44.5,3,0,0,0,0,0
XLU STK SMART,20150324,155557,44.51,1,0,0,0,0,0
XLU STK SMART,20150324,155608,44.5,7,0,0,0,0,0
XLU STK SMART,20150324,155613,44.5,1,0,0,0,0,0
XLU STK SMART,20150324,155628,44.49,5,0,0,0,0,0
XLU STK SMART,20150324,155637,44.49,2,0,0,0,0,0
XLU STK SMART,20150324,155648,44.49,2,0,0,0,0,0
XLU STK SMART,20150324,155658,44.49,6,0,0,0,0,0
XLU STK SMART,20150324,155708,44.49,2,0,0,0,0,0
XLU STK SMART,20150324,155716,44.49,2,0,0,0,0,0
XLU STK SMART,20150324,155728,44.49,2,0,0,0,0,0
XLU STK SMART,20150324,155738,44.5,1,0,0,0,0,0
XLU STK SMART,20150324,155747,44.5,1,0,0,0,0,0
XLU STK SMART,20150324,155758,44.5,5,0,0,0,0,0
XLU STK SMART,20150324,155807,44.5,1,0,0,0,0,0
XLU STK SMART,20150324,155817,44.5,1,0,0,0,0,0
XLU STK SMART,20150324,155827,44.51,1,0,0,0,0,0
XLU STK SMART,20150324,155838,44.5,3,0,0,0,0,0
XLU STK SMART,20150324,155848,44.48,7,0,0,0,0,0
XLU STK SMART,20150324,155858,44.48,1,0,0,0,0,0
XLU STK SMART,20150324,155908,44.5,8,0,0,0,0,0
XLU STK SMART,20150324,155918,44.49,6,0,0,0,0,0
XLU STK SMART,20150324,155926,44.5,2,0,0,0,0,0
