1688                
XOM STK SMART,20150324,80050,85.79,1,0,0,0,0,0
XOM STK SMART,20150324,84957,85.79,4,0,0,0,0,0
XOM STK SMART,20150324,92442,85.58,2,0,0,0,0,0
XOM STK SMART,20150324,92726,85.43,10,0,0,0,0,0
XOM STK SMART,20150324,92933,85.47,1,0,0,0,0,0
XOM STK SMART,20150324,92939,85.41,1,0,0,0,0,0
XOM STK SMART,20150324,92952,85.45,1,0,0,0,0,0
XOM STK SMART,20150324,93001,85.55,1,0,0,0,0,0
XOM STK SMART,20150324,93011,85.65,1,0,0,0,0,0
XOM STK SMART,20150324,93018,85.68,1,0,0,0,0,0
XOM STK SMART,20150324,93026,85.72,1,0,0,0,0,0
XOM STK SMART,20150324,93041,85.72,1,0,0,0,0,0
XOM STK SMART,20150324,93054,85.68,1,0,0,0,0,0
XOM STK SMART,20150324,93102,85.63,1,0,0,0,0,0
XOM STK SMART,20150324,93112,85.68,1,0,0,0,0,0
XOM STK SMART,20150324,93122,85.65,1,0,0,0,0,0
XOM STK SMART,20150324,93131,85.6,2,0,0,0,0,0
XOM STK SMART,20150324,93143,85.5,1,0,0,0,0,0
XOM STK SMART,20150324,93154,85.57,1,0,0,0,0,0
XOM STK SMART,20150324,93157,85.58,1,0,0,0,0,0
XOM STK SMART,20150324,93208,85.58,1,0,0,0,0,0
XOM STK SMART,20150324,93224,85.57,2,0,0,0,0,0
XOM STK SMART,20150324,93234,85.55,1,0,0,0,0,0
XOM STK SMART,20150324,93243,85.56,1,0,0,0,0,0
XOM STK SMART,20150324,93255,85.59,2,0,0,0,0,0
XOM STK SMART,20150324,93313,85.56,1,0,0,0,0,0
XOM STK SMART,20150324,93323,85.61,1,0,0,0,0,0
XOM STK SMART,20150324,93334,85.6,1,0,0,0,0,0
XOM STK SMART,20150324,93341,85.64,1,0,0,0,0,0
XOM STK SMART,20150324,93354,85.58,1,0,0,0,0,0
XOM STK SMART,20150324,93403,85.6,1,0,0,0,0,0
XOM STK SMART,20150324,93412,85.57,1,0,0,0,0,0
XOM STK SMART,20150324,93424,85.62,1,0,0,0,0,0
XOM STK SMART,20150324,93432,85.61,1,0,0,0,0,0
XOM STK SMART,20150324,93444,85.6,1,0,0,0,0,0
XOM STK SMART,20150324,93454,85.61,1,0,0,0,0,0
XOM STK SMART,20150324,93504,85.61,1,0,0,0,0,0
XOM STK SMART,20150324,93510,85.63,1,0,0,0,0,0
XOM STK SMART,20150324,93522,85.6,1,0,0,0,0,0
XOM STK SMART,20150324,93531,85.62,1,0,0,0,0,0
XOM STK SMART,20150324,93543,85.63,1,0,0,0,0,0
XOM STK SMART,20150324,93549,85.6,1,0,0,0,0,0
XOM STK SMART,20150324,93602,85.61,1,0,0,0,0,0
XOM STK SMART,20150324,93614,85.58,30,0,0,0,0,0
XOM STK SMART,20150324,93622,85.58,1,0,0,0,0,0
XOM STK SMART,20150324,93633,85.54,1,0,0,0,0,0
XOM STK SMART,20150324,93640,85.53,1,0,0,0,0,0
XOM STK SMART,20150324,93648,85.52,1,0,0,0,0,0
XOM STK SMART,20150324,93703,85.51,1,0,0,0,0,0
XOM STK SMART,20150324,93714,85.51,1,0,0,0,0,0
XOM STK SMART,20150324,93721,85.55,1,0,0,0,0,0
XOM STK SMART,20150324,93728,85.53,1,0,0,0,0,0
XOM STK SMART,20150324,93744,85.5,1,0,0,0,0,0
XOM STK SMART,20150324,93754,85.48,1,0,0,0,0,0
XOM STK SMART,20150324,93811,85.42,1,0,0,0,0,0
XOM STK SMART,20150324,93823,85.35,1,0,0,0,0,0
XOM STK SMART,20150324,93831,85.38,1,0,0,0,0,0
XOM STK SMART,20150324,93844,85.39,1,0,0,0,0,0
XOM STK SMART,20150324,93850,85.29,1,0,0,0,0,0
XOM STK SMART,20150324,93858,85.27,1,0,0,0,0,0
XOM STK SMART,20150324,93906,85.22,1,0,0,0,0,0
XOM STK SMART,20150324,93919,85.18,1,0,0,0,0,0
XOM STK SMART,20150324,93932,85.13,1,0,0,0,0,0
XOM STK SMART,20150324,93944,85.12,1,0,0,0,0,0
XOM STK SMART,20150324,93947,85.14,1,0,0,0,0,0
XOM STK SMART,20150324,94000,85.13,1,0,0,0,0,0
XOM STK SMART,20150324,94008,85.16,1,0,0,0,0,0
XOM STK SMART,20150324,94041,85.16,2,0,0,0,0,0
XOM STK SMART,20150324,94051,85.16,2,0,0,0,0,0
XOM STK SMART,20150324,94058,85.16,1,0,0,0,0,0
XOM STK SMART,20150324,94112,85.17,1,0,0,0,0,0
XOM STK SMART,20150324,94124,85.13,1,0,0,0,0,0
XOM STK SMART,20150324,94134,85.11,1,0,0,0,0,0
XOM STK SMART,20150324,94144,85.12,2,0,0,0,0,0
XOM STK SMART,20150324,94149,85.07,1,0,0,0,0,0
XOM STK SMART,20150324,94215,85.08,1,0,0,0,0,0
XOM STK SMART,20150324,94222,85.08,1,0,0,0,0,0
XOM STK SMART,20150324,94231,85.06,1,0,0,0,0,0
XOM STK SMART,20150324,94241,85.08,1,0,0,0,0,0
XOM STK SMART,20150324,94248,85.1,1,0,0,0,0,0
XOM STK SMART,20150324,94301,85.06,1,0,0,0,0,0
XOM STK SMART,20150324,94320,85.06,1,0,0,0,0,0
XOM STK SMART,20150324,94330,85.06,1,0,0,0,0,0
XOM STK SMART,20150324,94343,85.07,1,0,0,0,0,0
XOM STK SMART,20150324,94350,85.03,1,0,0,0,0,0
XOM STK SMART,20150324,94401,85.03,1,0,0,0,0,0
XOM STK SMART,20150324,94433,85.02,1,0,0,0,0,0
XOM STK SMART,20150324,94442,85.02,1,0,0,0,0,0
XOM STK SMART,20150324,94451,85.02,1,0,0,0,0,0
XOM STK SMART,20150324,94504,85.01,1,0,0,0,0,0
XOM STK SMART,20150324,94512,85.02,1,0,0,0,0,0
XOM STK SMART,20150324,94523,85.04,1,0,0,0,0,0
XOM STK SMART,20150324,94534,85.03,1,0,0,0,0,0
XOM STK SMART,20150324,94544,85.09,1,0,0,0,0,0
XOM STK SMART,20150324,94547,85.05,1,0,0,0,0,0
XOM STK SMART,20150324,94559,85.04,2,0,0,0,0,0
XOM STK SMART,20150324,94609,85.03,1,0,0,0,0,0
XOM STK SMART,20150324,94634,85.02,2,0,0,0,0,0
XOM STK SMART,20150324,94641,85.02,1,0,0,0,0,0
XOM STK SMART,20150324,94654,85.01,1,0,0,0,0,0
XOM STK SMART,20150324,94704,85.01,1,0,0,0,0,0
XOM STK SMART,20150324,94705,85.03,1,0,0,0,0,0
XOM STK SMART,20150324,94723,85.01,1,0,0,0,0,0
XOM STK SMART,20150324,94732,84.97,2,0,0,0,0,0
XOM STK SMART,20150324,94754,84.99,1,0,0,0,0,0
XOM STK SMART,20150324,94812,84.99,1,0,0,0,0,0
XOM STK SMART,20150324,94823,84.98,1,0,0,0,0,0
XOM STK SMART,20150324,94833,84.98,1,0,0,0,0,0
XOM STK SMART,20150324,94845,84.97,1,0,0,0,0,0
XOM STK SMART,20150324,94853,84.98,1,0,0,0,0,0
XOM STK SMART,20150324,94902,84.96,1,0,0,0,0,0
XOM STK SMART,20150324,94914,85,2,0,0,0,0,0
XOM STK SMART,20150324,94923,85.01,1,0,0,0,0,0
XOM STK SMART,20150324,94935,85.05,1,0,0,0,0,0
XOM STK SMART,20150324,94943,85.11,1,0,0,0,0,0
XOM STK SMART,20150324,94950,85.12,1,0,0,0,0,0
XOM STK SMART,20150324,95000,85.13,1,0,0,0,0,0
XOM STK SMART,20150324,95014,85.12,1,0,0,0,0,0
XOM STK SMART,20150324,95023,85.11,1,0,0,0,0,0
XOM STK SMART,20150324,95027,85.07,1,0,0,0,0,0
XOM STK SMART,20150324,95042,85.08,1,0,0,0,0,0
XOM STK SMART,20150324,95105,85.07,2,0,0,0,0,0
XOM STK SMART,20150324,95113,85.03,1,0,0,0,0,0
XOM STK SMART,20150324,95123,85.06,1,0,0,0,0,0
XOM STK SMART,20150324,95135,85.06,1,0,0,0,0,0
XOM STK SMART,20150324,95144,85.06,2,0,0,0,0,0
XOM STK SMART,20150324,95149,85.07,1,0,0,0,0,0
XOM STK SMART,20150324,95202,85.07,2,0,0,0,0,0
XOM STK SMART,20150324,95214,85.08,1,0,0,0,0,0
XOM STK SMART,20150324,95225,85.1,1,0,0,0,0,0
XOM STK SMART,20150324,95227,85.11,1,0,0,0,0,0
XOM STK SMART,20150324,95244,85.15,1,0,0,0,0,0
XOM STK SMART,20150324,95255,85.15,2,0,0,0,0,0
XOM STK SMART,20150324,95305,85.13,1,0,0,0,0,0
XOM STK SMART,20150324,95308,85.14,1,0,0,0,0,0
XOM STK SMART,20150324,95320,85.16,1,0,0,0,0,0
XOM STK SMART,20150324,95332,85.14,1,0,0,0,0,0
XOM STK SMART,20150324,95336,85.12,1,0,0,0,0,0
XOM STK SMART,20150324,95351,85.12,1,0,0,0,0,0
XOM STK SMART,20150324,95358,85.15,1,0,0,0,0,0
XOM STK SMART,20150324,95424,85.18,1,0,0,0,0,0
XOM STK SMART,20150324,95431,85.15,1,0,0,0,0,0
XOM STK SMART,20150324,95445,85.17,1,0,0,0,0,0
XOM STK SMART,20150324,95455,85.19,1,0,0,0,0,0
XOM STK SMART,20150324,95503,85.21,1,0,0,0,0,0
XOM STK SMART,20150324,95515,85.2,1,0,0,0,0,0
XOM STK SMART,20150324,95525,85.18,2,0,0,0,0,0
XOM STK SMART,20150324,95535,85.15,1,0,0,0,0,0
XOM STK SMART,20150324,95542,85.14,2,0,0,0,0,0
XOM STK SMART,20150324,95553,85.15,1,0,0,0,0,0
XOM STK SMART,20150324,95605,85.11,1,0,0,0,0,0
XOM STK SMART,20150324,95610,85.08,1,0,0,0,0,0
XOM STK SMART,20150324,95625,85.06,1,0,0,0,0,0
XOM STK SMART,20150324,95635,85.02,1,0,0,0,0,0
XOM STK SMART,20150324,95636,85.02,1,0,0,0,0,0
XOM STK SMART,20150324,95656,85.03,1,0,0,0,0,0
XOM STK SMART,20150324,95715,85.03,1,0,0,0,0,0
XOM STK SMART,20150324,95741,85.04,1,0,0,0,0,0
XOM STK SMART,20150324,95751,85.05,4,0,0,0,0,0
XOM STK SMART,20150324,95802,85.05,2,0,0,0,0,0
XOM STK SMART,20150324,95813,85.08,1,0,0,0,0,0
XOM STK SMART,20150324,95821,85.07,1,0,0,0,0,0
XOM STK SMART,20150324,95832,85.05,1,0,0,0,0,0
XOM STK SMART,20150324,95842,85.06,1,0,0,0,0,0
XOM STK SMART,20150324,95903,85.08,1,0,0,0,0,0
XOM STK SMART,20150324,95915,85.11,1,0,0,0,0,0
XOM STK SMART,20150324,95925,85.16,1,0,0,0,0,0
XOM STK SMART,20150324,95934,85.21,1,0,0,0,0,0
XOM STK SMART,20150324,95939,85.18,1,0,0,0,0,0
XOM STK SMART,20150324,95954,85.19,5,0,0,0,0,0
XOM STK SMART,20150324,100006,85.18,1,0,0,0,0,0
XOM STK SMART,20150324,100015,85.22,1,0,0,0,0,0
XOM STK SMART,20150324,100025,85.21,1,0,0,0,0,0
XOM STK SMART,20150324,100029,85.23,1,0,0,0,0,0
XOM STK SMART,20150324,100041,85.2,1,0,0,0,0,0
XOM STK SMART,20150324,100051,85.22,1,0,0,0,0,0
XOM STK SMART,20150324,100101,85.18,1,0,0,0,0,0
XOM STK SMART,20150324,100113,85.2,1,0,0,0,0,0
XOM STK SMART,20150324,100125,85.15,1,0,0,0,0,0
XOM STK SMART,20150324,100144,85.12,1,0,0,0,0,0
XOM STK SMART,20150324,100151,85.08,1,0,0,0,0,0
XOM STK SMART,20150324,100159,85.13,1,0,0,0,0,0
XOM STK SMART,20150324,100210,85.12,1,0,0,0,0,0
XOM STK SMART,20150324,100225,85.14,1,0,0,0,0,0
XOM STK SMART,20150324,100229,85.17,1,0,0,0,0,0
XOM STK SMART,20150324,100256,85.17,1,0,0,0,0,0
XOM STK SMART,20150324,100303,85.17,1,0,0,0,0,0
XOM STK SMART,20150324,100313,85.18,1,0,0,0,0,0
XOM STK SMART,20150324,100323,85.16,1,0,0,0,0,0
XOM STK SMART,20150324,100335,85.17,1,0,0,0,0,0
XOM STK SMART,20150324,100345,85.21,1,0,0,0,0,0
XOM STK SMART,20150324,100353,85.21,1,0,0,0,0,0
XOM STK SMART,20150324,100402,85.21,1,0,0,0,0,0
XOM STK SMART,20150324,100412,85.25,1,0,0,0,0,0
XOM STK SMART,20150324,100421,85.23,1,0,0,0,0,0
XOM STK SMART,20150324,100431,85.25,1,0,0,0,0,0
XOM STK SMART,20150324,100443,85.25,1,0,0,0,0,0
XOM STK SMART,20150324,100455,85.26,1,0,0,0,0,0
XOM STK SMART,20150324,100500,85.28,1,0,0,0,0,0
XOM STK SMART,20150324,100520,85.26,1,0,0,0,0,0
XOM STK SMART,20150324,100531,85.27,3,0,0,0,0,0
XOM STK SMART,20150324,100539,85.28,1,0,0,0,0,0
XOM STK SMART,20150324,100552,85.32,1,0,0,0,0,0
XOM STK SMART,20150324,100600,85.32,1,0,0,0,0,0
XOM STK SMART,20150324,100612,85.32,1,0,0,0,0,0
XOM STK SMART,20150324,100623,85.29,1,0,0,0,0,0
XOM STK SMART,20150324,100631,85.3,1,0,0,0,0,0
XOM STK SMART,20150324,100640,85.31,1,0,0,0,0,0
XOM STK SMART,20150324,100655,85.3,1,0,0,0,0,0
XOM STK SMART,20150324,100706,85.29,1,0,0,0,0,0
XOM STK SMART,20150324,100718,85.31,1,0,0,0,0,0
XOM STK SMART,20150324,100729,85.29,1,0,0,0,0,0
XOM STK SMART,20150324,100742,85.3,1,0,0,0,0,0
XOM STK SMART,20150324,100754,85.31,2,0,0,0,0,0
XOM STK SMART,20150324,100803,85.3,1,0,0,0,0,0
XOM STK SMART,20150324,100809,85.29,1,0,0,0,0,0
XOM STK SMART,20150324,100825,85.3,15,0,0,0,0,0
XOM STK SMART,20150324,100828,85.3,1,0,0,0,0,0
XOM STK SMART,20150324,100859,85.28,1,0,0,0,0,0
XOM STK SMART,20150324,100915,85.3,1,0,0,0,0,0
XOM STK SMART,20150324,100943,85.23,1,0,0,0,0,0
XOM STK SMART,20150324,100951,85.2,1,0,0,0,0,0
XOM STK SMART,20150324,101005,85.19,1,0,0,0,0,0
XOM STK SMART,20150324,101015,85.18,1,0,0,0,0,0
XOM STK SMART,20150324,101025,85.16,1,0,0,0,0,0
XOM STK SMART,20150324,101032,85.15,1,0,0,0,0,0
XOM STK SMART,20150324,101054,85.12,1,0,0,0,0,0
XOM STK SMART,20150324,101104,85.13,1,0,0,0,0,0
XOM STK SMART,20150324,101112,85.12,1,0,0,0,0,0
XOM STK SMART,20150324,101122,85.11,1,0,0,0,0,0
XOM STK SMART,20150324,101130,85.11,2,0,0,0,0,0
XOM STK SMART,20150324,101143,85.12,1,0,0,0,0,0
XOM STK SMART,20150324,101154,85.11,22,0,0,0,0,0
XOM STK SMART,20150324,101206,85.1,1,0,0,0,0,0
XOM STK SMART,20150324,101214,85.13,1,0,0,0,0,0
XOM STK SMART,20150324,101224,85.13,1,0,0,0,0,0
XOM STK SMART,20150324,101231,85.13,1,0,0,0,0,0
XOM STK SMART,20150324,101243,85.15,1,0,0,0,0,0
XOM STK SMART,20150324,101255,85.19,1,0,0,0,0,0
XOM STK SMART,20150324,101306,85.19,2,0,0,0,0,0
XOM STK SMART,20150324,101315,85.2,1,0,0,0,0,0
XOM STK SMART,20150324,101321,85.2,1,0,0,0,0,0
XOM STK SMART,20150324,101333,85.18,1,0,0,0,0,0
XOM STK SMART,20150324,101350,85.18,1,0,0,0,0,0
XOM STK SMART,20150324,101404,85.21,1,0,0,0,0,0
XOM STK SMART,20150324,101412,85.21,1,0,0,0,0,0
XOM STK SMART,20150324,101421,85.21,1,0,0,0,0,0
XOM STK SMART,20150324,101434,85.18,1,0,0,0,0,0
XOM STK SMART,20150324,101443,85.18,1,0,0,0,0,0
XOM STK SMART,20150324,101449,85.19,1,0,0,0,0,0
XOM STK SMART,20150324,101505,85.19,1,0,0,0,0,0
XOM STK SMART,20150324,101512,85.2,1,0,0,0,0,0
XOM STK SMART,20150324,101524,85.2,3,0,0,0,0,0
XOM STK SMART,20150324,101536,85.21,1,0,0,0,0,0
XOM STK SMART,20150324,101545,85.22,1,0,0,0,0,0
XOM STK SMART,20150324,101556,85.24,1,0,0,0,0,0
XOM STK SMART,20150324,101605,85.23,1,0,0,0,0,0
XOM STK SMART,20150324,101609,85.24,1,0,0,0,0,0
XOM STK SMART,20150324,101624,85.22,1,0,0,0,0,0
XOM STK SMART,20150324,101646,85.22,1,0,0,0,0,0
XOM STK SMART,20150324,101654,85.24,1,0,0,0,0,0
XOM STK SMART,20150324,101658,85.22,2,0,0,0,0,0
XOM STK SMART,20150324,101713,85.22,1,0,0,0,0,0
XOM STK SMART,20150324,101731,85.23,1,0,0,0,0,0
XOM STK SMART,20150324,101740,85.23,1,0,0,0,0,0
XOM STK SMART,20150324,101754,85.21,1,0,0,0,0,0
XOM STK SMART,20150324,101757,85.22,1,0,0,0,0,0
XOM STK SMART,20150324,101811,85.23,1,0,0,0,0,0
XOM STK SMART,20150324,101822,85.24,1,0,0,0,0,0
XOM STK SMART,20150324,101832,85.24,1,0,0,0,0,0
XOM STK SMART,20150324,101846,85.25,1,0,0,0,0,0
XOM STK SMART,20150324,101850,85.24,1,0,0,0,0,0
XOM STK SMART,20150324,101906,85.23,1,0,0,0,0,0
XOM STK SMART,20150324,101916,85.24,1,0,0,0,0,0
XOM STK SMART,20150324,101920,85.25,1,0,0,0,0,0
XOM STK SMART,20150324,101934,85.23,1,0,0,0,0,0
XOM STK SMART,20150324,102005,85.22,1,0,0,0,0,0
XOM STK SMART,20150324,102010,85.22,1,0,0,0,0,0
XOM STK SMART,20150324,102023,85.2,1,0,0,0,0,0
XOM STK SMART,20150324,102028,85.19,1,0,0,0,0,0
XOM STK SMART,20150324,102044,85.17,1,0,0,0,0,0
XOM STK SMART,20150324,102053,85.2,1,0,0,0,0,0
XOM STK SMART,20150324,102106,85.21,1,0,0,0,0,0
XOM STK SMART,20150324,102119,85.21,1,0,0,0,0,0
XOM STK SMART,20150324,102129,85.2,1,0,0,0,0,0
XOM STK SMART,20150324,102140,85.18,1,0,0,0,0,0
XOM STK SMART,20150324,102153,85.19,1,0,0,0,0,0
XOM STK SMART,20150324,102205,85.2,1,0,0,0,0,0
XOM STK SMART,20150324,102214,85.23,1,0,0,0,0,0
XOM STK SMART,20150324,102222,85.23,1,0,0,0,0,0
XOM STK SMART,20150324,102233,85.2,1,0,0,0,0,0
XOM STK SMART,20150324,102237,85.21,1,0,0,0,0,0
XOM STK SMART,20150324,102255,85.19,1,0,0,0,0,0
XOM STK SMART,20150324,102305,85.18,1,0,0,0,0,0
XOM STK SMART,20150324,102315,85.15,1,0,0,0,0,0
XOM STK SMART,20150324,102324,85.12,1,0,0,0,0,0
XOM STK SMART,20150324,102331,85.13,1,0,0,0,0,0
XOM STK SMART,20150324,102344,85.13,1,0,0,0,0,0
XOM STK SMART,20150324,102357,85.11,1,0,0,0,0,0
XOM STK SMART,20150324,102404,85.11,1,0,0,0,0,0
XOM STK SMART,20150324,102413,85.12,1,0,0,0,0,0
XOM STK SMART,20150324,102420,85.11,1,0,0,0,0,0
XOM STK SMART,20150324,102430,85.1,1,0,0,0,0,0
XOM STK SMART,20150324,102445,85.11,1,0,0,0,0,0
XOM STK SMART,20150324,102453,85.12,1,0,0,0,0,0
XOM STK SMART,20150324,102459,85.13,2,0,0,0,0,0
XOM STK SMART,20150324,102509,85.11,1,0,0,0,0,0
XOM STK SMART,20150324,102519,85.12,1,0,0,0,0,0
XOM STK SMART,20150324,102536,85.13,1,0,0,0,0,0
XOM STK SMART,20150324,102602,85.13,1,0,0,0,0,0
XOM STK SMART,20150324,102608,85.12,1,0,0,0,0,0
XOM STK SMART,20150324,102623,85.13,1,0,0,0,0,0
XOM STK SMART,20150324,102630,85.14,1,0,0,0,0,0
XOM STK SMART,20150324,102646,85.16,1,0,0,0,0,0
XOM STK SMART,20150324,102656,85.16,1,0,0,0,0,0
XOM STK SMART,20150324,102706,85.16,1,0,0,0,0,0
XOM STK SMART,20150324,102713,85.16,1,0,0,0,0,0
XOM STK SMART,20150324,102727,85.15,1,0,0,0,0,0
XOM STK SMART,20150324,102736,85.14,3,0,0,0,0,0
XOM STK SMART,20150324,102747,85.15,1,0,0,0,0,0
XOM STK SMART,20150324,102750,85.14,1,0,0,0,0,0
XOM STK SMART,20150324,102806,85.14,1,0,0,0,0,0
XOM STK SMART,20150324,102817,85.15,1,0,0,0,0,0
XOM STK SMART,20150324,102830,85.15,1,0,0,0,0,0
XOM STK SMART,20150324,102845,85.14,1,0,0,0,0,0
XOM STK SMART,20150324,102852,85.16,1,0,0,0,0,0
XOM STK SMART,20150324,102906,85.14,1,0,0,0,0,0
XOM STK SMART,20150324,102916,85.15,1,0,0,0,0,0
XOM STK SMART,20150324,102927,85.14,4,0,0,0,0,0
XOM STK SMART,20150324,102939,85.14,1,0,0,0,0,0
XOM STK SMART,20150324,102956,85.16,1,0,0,0,0,0
XOM STK SMART,20150324,103004,85.15,1,0,0,0,0,0
XOM STK SMART,20150324,103017,85.14,1,0,0,0,0,0
XOM STK SMART,20150324,103024,85.13,1,0,0,0,0,0
XOM STK SMART,20150324,103028,85.13,1,0,0,0,0,0
XOM STK SMART,20150324,103045,85.13,1,0,0,0,0,0
XOM STK SMART,20150324,103054,85.15,1,0,0,0,0,0
XOM STK SMART,20150324,103107,85.15,4,0,0,0,0,0
XOM STK SMART,20150324,103114,85.14,1,0,0,0,0,0
XOM STK SMART,20150324,103125,85.13,1,0,0,0,0,0
XOM STK SMART,20150324,103136,85.12,1,0,0,0,0,0
XOM STK SMART,20150324,103146,85.1,1,0,0,0,0,0
XOM STK SMART,20150324,103157,85.11,3,0,0,0,0,0
XOM STK SMART,20150324,103202,85.1,1,0,0,0,0,0
XOM STK SMART,20150324,103214,85.09,2,0,0,0,0,0
XOM STK SMART,20150324,103220,85.09,1,0,0,0,0,0
XOM STK SMART,20150324,103235,85.1,6,0,0,0,0,0
XOM STK SMART,20150324,103244,85.1,1,0,0,0,0,0
XOM STK SMART,20150324,103300,85.08,1,0,0,0,0,0
XOM STK SMART,20150324,103325,85.09,1,0,0,0,0,0
XOM STK SMART,20150324,103334,85.08,1,0,0,0,0,0
XOM STK SMART,20150324,103347,85.07,1,0,0,0,0,0
XOM STK SMART,20150324,103348,85.07,2,0,0,0,0,0
XOM STK SMART,20150324,103415,85.06,1,0,0,0,0,0
XOM STK SMART,20150324,103434,85.05,1,0,0,0,0,0
XOM STK SMART,20150324,103446,85.04,1,0,0,0,0,0
XOM STK SMART,20150324,103456,85.02,1,0,0,0,0,0
XOM STK SMART,20150324,103503,85.02,1,0,0,0,0,0
XOM STK SMART,20150324,103513,85.03,1,0,0,0,0,0
XOM STK SMART,20150324,103520,85.05,1,0,0,0,0,0
XOM STK SMART,20150324,103536,85.05,1,0,0,0,0,0
XOM STK SMART,20150324,103543,85.05,1,0,0,0,0,0
XOM STK SMART,20150324,103607,85.06,1,0,0,0,0,0
XOM STK SMART,20150324,103617,85.06,1,0,0,0,0,0
XOM STK SMART,20150324,103625,85.06,1,0,0,0,0,0
XOM STK SMART,20150324,103637,85.05,1,0,0,0,0,0
XOM STK SMART,20150324,103638,85.05,1,0,0,0,0,0
XOM STK SMART,20150324,103656,85.06,1,0,0,0,0,0
XOM STK SMART,20150324,103707,85.06,2,0,0,0,0,0
XOM STK SMART,20150324,103717,85.09,1,0,0,0,0,0
XOM STK SMART,20150324,103726,85.06,1,0,0,0,0,0
XOM STK SMART,20150324,103746,85.07,1,0,0,0,0,0
XOM STK SMART,20150324,103756,85.07,1,0,0,0,0,0
XOM STK SMART,20150324,103805,85.06,1,0,0,0,0,0
XOM STK SMART,20150324,103816,85.07,1,0,0,0,0,0
XOM STK SMART,20150324,103846,85.06,1,0,0,0,0,0
XOM STK SMART,20150324,103907,85.07,1,0,0,0,0,0
XOM STK SMART,20150324,103915,85.06,1,0,0,0,0,0
XOM STK SMART,20150324,103920,85.07,1,0,0,0,0,0
XOM STK SMART,20150324,103946,85.07,1,0,0,0,0,0
XOM STK SMART,20150324,103953,85.07,1,0,0,0,0,0
XOM STK SMART,20150324,104006,85.04,1,0,0,0,0,0
XOM STK SMART,20150324,104015,85.07,1,0,0,0,0,0
XOM STK SMART,20150324,104019,85.06,1,0,0,0,0,0
XOM STK SMART,20150324,104031,85.07,1,0,0,0,0,0
XOM STK SMART,20150324,104045,85.09,1,0,0,0,0,0
XOM STK SMART,20150324,104104,85.1,4,0,0,0,0,0
XOM STK SMART,20150324,104118,85.08,1,0,0,0,0,0
XOM STK SMART,20150324,104121,85.09,2,0,0,0,0,0
XOM STK SMART,20150324,104137,85.1,1,0,0,0,0,0
XOM STK SMART,20150324,104144,85.09,1,0,0,0,0,0
XOM STK SMART,20150324,104149,85.08,1,0,0,0,0,0
XOM STK SMART,20150324,104207,85.06,1,0,0,0,0,0
XOM STK SMART,20150324,104211,85.07,1,0,0,0,0,0
XOM STK SMART,20150324,104222,85.05,1,0,0,0,0,0
XOM STK SMART,20150324,104237,85.02,1,0,0,0,0,0
XOM STK SMART,20150324,104247,85.01,1,0,0,0,0,0
XOM STK SMART,20150324,104307,85.03,1,0,0,0,0,0
XOM STK SMART,20150324,104326,85.01,1,0,0,0,0,0
XOM STK SMART,20150324,104331,85.02,1,0,0,0,0,0
XOM STK SMART,20150324,104348,85.02,3,0,0,0,0,0
XOM STK SMART,20150324,104353,85.03,1,0,0,0,0,0
XOM STK SMART,20150324,104422,85.02,1,0,0,0,0,0
XOM STK SMART,20150324,104432,85.01,1,0,0,0,0,0
XOM STK SMART,20150324,104455,85,1,0,0,0,0,0
XOM STK SMART,20150324,104517,85.01,1,0,0,0,0,0
XOM STK SMART,20150324,104530,85,3,0,0,0,0,0
XOM STK SMART,20150324,104547,85,1,0,0,0,0,0
XOM STK SMART,20150324,104553,84.99,1,0,0,0,0,0
XOM STK SMART,20150324,104607,84.99,1,0,0,0,0,0
XOM STK SMART,20150324,104624,84.98,1,0,0,0,0,0
XOM STK SMART,20150324,104655,84.98,1,0,0,0,0,0
XOM STK SMART,20150324,104703,84.99,1,0,0,0,0,0
XOM STK SMART,20150324,104718,85,1,0,0,0,0,0
XOM STK SMART,20150324,104725,85.01,1,0,0,0,0,0
XOM STK SMART,20150324,104731,85.01,1,0,0,0,0,0
XOM STK SMART,20150324,104746,85.02,1,0,0,0,0,0
XOM STK SMART,20150324,104827,85,1,0,0,0,0,0
XOM STK SMART,20150324,104837,85,7,0,0,0,0,0
XOM STK SMART,20150324,104841,85.03,1,0,0,0,0,0
XOM STK SMART,20150324,104857,85.04,1,0,0,0,0,0
XOM STK SMART,20150324,104911,85.06,1,0,0,0,0,0
XOM STK SMART,20150324,104919,85.05,1,0,0,0,0,0
XOM STK SMART,20150324,104938,85.05,3,0,0,0,0,0
XOM STK SMART,20150324,104946,85.05,1,0,0,0,0,0
XOM STK SMART,20150324,104953,85.04,1,0,0,0,0,0
XOM STK SMART,20150324,105008,85.05,1,0,0,0,0,0
XOM STK SMART,20150324,105017,85.07,1,0,0,0,0,0
XOM STK SMART,20150324,105027,85.06,1,0,0,0,0,0
XOM STK SMART,20150324,105044,85.05,1,0,0,0,0,0
XOM STK SMART,20150324,105051,85.07,1,0,0,0,0,0
XOM STK SMART,20150324,105103,85.07,1,0,0,0,0,0
XOM STK SMART,20150324,105122,85.07,1,0,0,0,0,0
XOM STK SMART,20150324,105138,85.08,1,0,0,0,0,0
XOM STK SMART,20150324,105147,85.1,1,0,0,0,0,0
XOM STK SMART,20150324,105156,85.08,1,0,0,0,0,0
XOM STK SMART,20150324,105208,85.08,1,0,0,0,0,0
XOM STK SMART,20150324,105218,85.08,1,0,0,0,0,0
XOM STK SMART,20150324,105225,85.09,1,0,0,0,0,0
XOM STK SMART,20150324,105229,85.08,1,0,0,0,0,0
XOM STK SMART,20150324,105246,85.08,1,0,0,0,0,0
XOM STK SMART,20150324,105300,85.06,1,0,0,0,0,0
XOM STK SMART,20150324,105327,85.05,1,0,0,0,0,0
XOM STK SMART,20150324,105337,85.04,1,0,0,0,0,0
XOM STK SMART,20150324,105348,85.02,3,0,0,0,0,0
XOM STK SMART,20150324,105355,85.01,1,0,0,0,0,0
XOM STK SMART,20150324,105408,85,1,0,0,0,0,0
XOM STK SMART,20150324,105417,85.01,1,0,0,0,0,0
XOM STK SMART,20150324,105442,85.02,1,0,0,0,0,0
XOM STK SMART,20150324,105513,85.01,1,0,0,0,0,0
XOM STK SMART,20150324,105527,85.01,8,0,0,0,0,0
XOM STK SMART,20150324,105535,85.01,1,0,0,0,0,0
XOM STK SMART,20150324,105555,84.99,1,0,0,0,0,0
XOM STK SMART,20150324,105633,85.01,1,0,0,0,0,0
XOM STK SMART,20150324,105717,85,1,0,0,0,0,0
XOM STK SMART,20150324,105727,85,1,0,0,0,0,0
XOM STK SMART,20150324,105738,84.99,8,0,0,0,0,0
XOM STK SMART,20150324,105739,84.99,1,0,0,0,0,0
XOM STK SMART,20150324,105757,84.99,1,0,0,0,0,0
XOM STK SMART,20150324,105806,85,1,0,0,0,0,0
XOM STK SMART,20150324,105828,84.99,4,0,0,0,0,0
XOM STK SMART,20150324,105848,85,1,0,0,0,0,0
XOM STK SMART,20150324,105857,85.01,1,0,0,0,0,0
XOM STK SMART,20150324,105910,85.02,1,0,0,0,0,0
XOM STK SMART,20150324,105926,85.03,1,0,0,0,0,0
XOM STK SMART,20150324,105937,85.03,1,0,0,0,0,0
XOM STK SMART,20150324,105939,85.02,1,0,0,0,0,0
XOM STK SMART,20150324,105955,85.01,1,0,0,0,0,0
XOM STK SMART,20150324,110005,84.98,1,0,0,0,0,0
XOM STK SMART,20150324,110013,84.99,1,0,0,0,0,0
XOM STK SMART,20150324,110028,84.98,2,0,0,0,0,0
XOM STK SMART,20150324,110032,84.97,1,0,0,0,0,0
XOM STK SMART,20150324,110043,84.96,1,0,0,0,0,0
XOM STK SMART,20150324,110053,84.96,2,0,0,0,0,0
XOM STK SMART,20150324,110108,84.96,3,0,0,0,0,0
XOM STK SMART,20150324,110116,84.97,1,0,0,0,0,0
XOM STK SMART,20150324,110127,84.97,1,0,0,0,0,0
XOM STK SMART,20150324,110138,84.97,3,0,0,0,0,0
XOM STK SMART,20150324,110141,84.97,1,0,0,0,0,0
XOM STK SMART,20150324,110226,85.01,1,0,0,0,0,0
XOM STK SMART,20150324,110233,85.01,1,0,0,0,0,0
XOM STK SMART,20150324,110250,85.03,1,0,0,0,0,0
XOM STK SMART,20150324,110310,85.04,1,0,0,0,0,0
XOM STK SMART,20150324,110334,85.05,1,0,0,0,0,0
XOM STK SMART,20150324,110401,85.07,1,0,0,0,0,0
XOM STK SMART,20150324,110426,85.09,1,0,0,0,0,0
XOM STK SMART,20150324,110438,85.1,2,0,0,0,0,0
XOM STK SMART,20150324,110442,85.09,1,0,0,0,0,0
XOM STK SMART,20150324,110456,85.08,1,0,0,0,0,0
XOM STK SMART,20150324,110501,85.08,3,0,0,0,0,0
XOM STK SMART,20150324,110516,85.09,1,0,0,0,0,0
XOM STK SMART,20150324,110529,85.08,1,0,0,0,0,0
XOM STK SMART,20150324,110534,85.08,1,0,0,0,0,0
XOM STK SMART,20150324,110558,85.1,1,0,0,0,0,0
XOM STK SMART,20150324,110605,85.11,1,0,0,0,0,0
XOM STK SMART,20150324,110617,85.15,1,0,0,0,0,0
XOM STK SMART,20150324,110619,85.16,1,0,0,0,0,0
XOM STK SMART,20150324,110638,85.18,1,0,0,0,0,0
XOM STK SMART,20150324,110649,85.2,2,0,0,0,0,0
XOM STK SMART,20150324,110653,85.19,1,0,0,0,0,0
XOM STK SMART,20150324,110703,85.18,1,0,0,0,0,0
XOM STK SMART,20150324,110714,85.19,1,0,0,0,0,0
XOM STK SMART,20150324,110727,85.18,2,0,0,0,0,0
XOM STK SMART,20150324,110739,85.15,1,0,0,0,0,0
XOM STK SMART,20150324,110747,85.13,1,0,0,0,0,0
XOM STK SMART,20150324,110750,85.14,1,0,0,0,0,0
XOM STK SMART,20150324,110807,85.11,1,0,0,0,0,0
XOM STK SMART,20150324,110815,85.11,1,0,0,0,0,0
XOM STK SMART,20150324,110836,85.06,1,0,0,0,0,0
XOM STK SMART,20150324,110843,85.04,1,0,0,0,0,0
XOM STK SMART,20150324,110858,85.06,1,0,0,0,0,0
XOM STK SMART,20150324,110906,85.06,1,0,0,0,0,0
XOM STK SMART,20150324,110924,85.07,1,0,0,0,0,0
XOM STK SMART,20150324,110947,85.08,1,0,0,0,0,0
XOM STK SMART,20150324,110959,85.08,1,0,0,0,0,0
XOM STK SMART,20150324,111000,85.06,1,0,0,0,0,0
XOM STK SMART,20150324,111024,85.07,1,0,0,0,0,0
XOM STK SMART,20150324,111052,85.04,1,0,0,0,0,0
XOM STK SMART,20150324,111129,85.05,1,0,0,0,0,0
XOM STK SMART,20150324,111132,85.07,1,0,0,0,0,0
XOM STK SMART,20150324,111149,85.07,1,0,0,0,0,0
XOM STK SMART,20150324,111209,85.1,1,0,0,0,0,0
XOM STK SMART,20150324,111216,85.11,1,0,0,0,0,0
XOM STK SMART,20150324,111229,85.09,1,0,0,0,0,0
XOM STK SMART,20150324,111241,85.08,1,0,0,0,0,0
XOM STK SMART,20150324,111319,85.08,1,0,0,0,0,0
XOM STK SMART,20150324,111328,85.08,1,0,0,0,0,0
XOM STK SMART,20150324,111346,85.08,1,0,0,0,0,0
XOM STK SMART,20150324,111357,85.07,1,0,0,0,0,0
XOM STK SMART,20150324,111406,85.08,1,0,0,0,0,0
XOM STK SMART,20150324,111426,85.09,1,0,0,0,0,0
XOM STK SMART,20150324,111429,85.1,7,0,0,0,0,0
XOM STK SMART,20150324,111442,85.11,1,0,0,0,0,0
XOM STK SMART,20150324,111453,85.11,1,0,0,0,0,0
XOM STK SMART,20150324,111504,85.1,1,0,0,0,0,0
XOM STK SMART,20150324,111518,85.09,1,0,0,0,0,0
XOM STK SMART,20150324,111528,85.1,1,0,0,0,0,0
XOM STK SMART,20150324,111533,85.09,1,0,0,0,0,0
XOM STK SMART,20150324,111609,85.09,1,0,0,0,0,0
XOM STK SMART,20150324,111617,85.08,1,0,0,0,0,0
XOM STK SMART,20150324,111626,85.1,1,0,0,0,0,0
XOM STK SMART,20150324,111639,85.11,1,0,0,0,0,0
XOM STK SMART,20150324,111643,85.11,1,0,0,0,0,0
XOM STK SMART,20150324,111718,85.11,2,0,0,0,0,0
XOM STK SMART,20150324,111726,85.12,1,0,0,0,0,0
XOM STK SMART,20150324,111736,85.12,1,0,0,0,0,0
XOM STK SMART,20150324,111749,85.14,1,0,0,0,0,0
XOM STK SMART,20150324,111753,85.16,1,0,0,0,0,0
XOM STK SMART,20150324,111801,85.16,1,0,0,0,0,0
XOM STK SMART,20150324,111819,85.17,1,0,0,0,0,0
XOM STK SMART,20150324,111829,85.17,1,0,0,0,0,0
XOM STK SMART,20150324,111839,85.18,1,0,0,0,0,0
XOM STK SMART,20150324,111857,85.17,1,0,0,0,0,0
XOM STK SMART,20150324,111909,85.15,1,0,0,0,0,0
XOM STK SMART,20150324,111918,85.16,1,0,0,0,0,0
XOM STK SMART,20150324,111935,85.14,1,0,0,0,0,0
XOM STK SMART,20150324,111948,85.14,1,0,0,0,0,0
XOM STK SMART,20150324,111956,85.12,2,0,0,0,0,0
XOM STK SMART,20150324,112014,85.13,1,0,0,0,0,0
XOM STK SMART,20150324,112038,85.12,1,0,0,0,0,0
XOM STK SMART,20150324,112050,85.11,1,0,0,0,0,0
XOM STK SMART,20150324,112055,85.14,1,0,0,0,0,0
XOM STK SMART,20150324,112106,85.11,1,0,0,0,0,0
XOM STK SMART,20150324,112129,85.12,1,0,0,0,0,0
XOM STK SMART,20150324,112136,85.12,2,0,0,0,0,0
XOM STK SMART,20150324,112144,85.14,1,0,0,0,0,0
XOM STK SMART,20150324,112158,85.16,1,0,0,0,0,0
XOM STK SMART,20150324,112216,85.14,1,0,0,0,0,0
XOM STK SMART,20150324,112236,85.13,1,0,0,0,0,0
XOM STK SMART,20150324,112243,85.13,1,0,0,0,0,0
XOM STK SMART,20150324,112258,85.13,7,0,0,0,0,0
XOM STK SMART,20150324,112308,85.12,1,0,0,0,0,0
XOM STK SMART,20150324,112317,85.13,1,0,0,0,0,0
XOM STK SMART,20150324,112353,85.13,4,0,0,0,0,0
XOM STK SMART,20150324,112410,85.14,1,0,0,0,0,0
XOM STK SMART,20150324,112412,85.14,1,0,0,0,0,0
XOM STK SMART,20150324,112449,85.15,1,0,0,0,0,0
XOM STK SMART,20150324,112513,85.16,1,0,0,0,0,0
XOM STK SMART,20150324,112520,85.15,1,0,0,0,0,0
XOM STK SMART,20150324,112549,85.16,4,0,0,0,0,0
XOM STK SMART,20150324,112559,85.15,1,0,0,0,0,0
XOM STK SMART,20150324,112604,85.14,1,0,0,0,0,0
XOM STK SMART,20150324,112615,85.14,1,0,0,0,0,0
XOM STK SMART,20150324,112633,85.14,1,0,0,0,0,0
XOM STK SMART,20150324,112658,85.15,1,0,0,0,0,0
XOM STK SMART,20150324,112705,85.14,1,0,0,0,0,0
XOM STK SMART,20150324,112712,85.14,2,0,0,0,0,0
XOM STK SMART,20150324,112729,85.15,1,0,0,0,0,0
XOM STK SMART,20150324,112750,85.16,2,0,0,0,0,0
XOM STK SMART,20150324,112753,85.17,1,0,0,0,0,0
XOM STK SMART,20150324,112810,85.19,2,0,0,0,0,0
XOM STK SMART,20150324,112813,85.19,1,0,0,0,0,0
XOM STK SMART,20150324,112829,85.19,1,0,0,0,0,0
XOM STK SMART,20150324,112900,85.2,1,0,0,0,0,0
XOM STK SMART,20150324,112905,85.21,1,0,0,0,0,0
XOM STK SMART,20150324,112920,85.21,2,0,0,0,0,0
XOM STK SMART,20150324,112920,85.21,1,0,0,0,0,0
XOM STK SMART,20150324,112937,85.23,1,0,0,0,0,0
XOM STK SMART,20150324,112942,85.22,1,0,0,0,0,0
XOM STK SMART,20150324,113006,85.23,1,0,0,0,0,0
XOM STK SMART,20150324,113013,85.24,1,0,0,0,0,0
XOM STK SMART,20150324,113026,85.22,1,0,0,0,0,0
XOM STK SMART,20150324,113035,85.2,2,0,0,0,0,0
XOM STK SMART,20150324,113047,85.19,1,0,0,0,0,0
XOM STK SMART,20150324,113059,85.18,1,0,0,0,0,0
XOM STK SMART,20150324,113106,85.19,2,0,0,0,0,0
XOM STK SMART,20150324,113112,85.21,1,0,0,0,0,0
XOM STK SMART,20150324,113138,85.2,1,0,0,0,0,0
XOM STK SMART,20150324,113157,85.21,1,0,0,0,0,0
XOM STK SMART,20150324,113234,85.22,1,0,0,0,0,0
XOM STK SMART,20150324,113247,85.2,1,0,0,0,0,0
XOM STK SMART,20150324,113319,85.19,1,0,0,0,0,0
XOM STK SMART,20150324,113325,85.19,7,0,0,0,0,0
XOM STK SMART,20150324,113334,85.21,1,0,0,0,0,0
XOM STK SMART,20150324,113405,85.22,1,0,0,0,0,0
XOM STK SMART,20150324,113422,85.23,1,0,0,0,0,0
XOM STK SMART,20150324,113449,85.23,1,0,0,0,0,0
XOM STK SMART,20150324,113507,85.22,1,0,0,0,0,0
XOM STK SMART,20150324,113520,85.24,1,0,0,0,0,0
XOM STK SMART,20150324,113530,85.23,1,0,0,0,0,0
XOM STK SMART,20150324,113558,85.24,1,0,0,0,0,0
XOM STK SMART,20150324,113628,85.24,1,0,0,0,0,0
XOM STK SMART,20150324,113642,85.23,6,0,0,0,0,0
XOM STK SMART,20150324,113651,85.23,1,0,0,0,0,0
XOM STK SMART,20150324,113707,85.23,1,0,0,0,0,0
XOM STK SMART,20150324,113720,85.22,1,0,0,0,0,0
XOM STK SMART,20150324,113756,85.2,1,0,0,0,0,0
XOM STK SMART,20150324,113807,85.18,1,0,0,0,0,0
XOM STK SMART,20150324,113818,85.16,1,0,0,0,0,0
XOM STK SMART,20150324,113831,85.15,1,0,0,0,0,0
XOM STK SMART,20150324,113841,85.14,1,0,0,0,0,0
XOM STK SMART,20150324,113854,85.15,1,0,0,0,0,0
XOM STK SMART,20150324,113907,85.14,2,0,0,0,0,0
XOM STK SMART,20150324,113918,85.15,1,0,0,0,0,0
XOM STK SMART,20150324,113929,85.17,1,0,0,0,0,0
XOM STK SMART,20150324,113937,85.17,1,0,0,0,0,0
XOM STK SMART,20150324,113955,85.19,1,0,0,0,0,0
XOM STK SMART,20150324,114003,85.19,3,0,0,0,0,0
XOM STK SMART,20150324,114014,85.19,1,0,0,0,0,0
XOM STK SMART,20150324,114036,85.2,1,0,0,0,0,0
XOM STK SMART,20150324,114050,85.21,1,0,0,0,0,0
XOM STK SMART,20150324,114108,85.2,1,0,0,0,0,0
XOM STK SMART,20150324,114121,85.18,1,0,0,0,0,0
XOM STK SMART,20150324,114123,85.15,1,0,0,0,0,0
XOM STK SMART,20150324,114135,85.15,1,0,0,0,0,0
XOM STK SMART,20150324,114143,85.16,1,0,0,0,0,0
XOM STK SMART,20150324,114159,85.17,1,0,0,0,0,0
XOM STK SMART,20150324,114230,85.18,1,0,0,0,0,0
XOM STK SMART,20150324,114249,85.21,1,0,0,0,0,0
XOM STK SMART,20150324,114252,85.2,1,0,0,0,0,0
XOM STK SMART,20150324,114305,85.2,1,0,0,0,0,0
XOM STK SMART,20150324,114342,85.18,1,0,0,0,0,0
XOM STK SMART,20150324,114409,85.16,1,0,0,0,0,0
XOM STK SMART,20150324,114430,85.14,1,0,0,0,0,0
XOM STK SMART,20150324,114435,85.13,10,0,0,0,0,0
XOM STK SMART,20150324,114451,85.13,1,0,0,0,0,0
XOM STK SMART,20150324,114458,85.12,1,0,0,0,0,0
XOM STK SMART,20150324,114519,85.11,2,0,0,0,0,0
XOM STK SMART,20150324,114522,85.11,1,0,0,0,0,0
XOM STK SMART,20150324,114549,85.11,1,0,0,0,0,0
XOM STK SMART,20150324,114606,85.12,1,0,0,0,0,0
XOM STK SMART,20150324,114637,85.12,2,0,0,0,0,0
XOM STK SMART,20150324,114650,85.14,1,0,0,0,0,0
XOM STK SMART,20150324,114656,85.12,1,0,0,0,0,0
XOM STK SMART,20150324,114721,85.13,1,0,0,0,0,0
XOM STK SMART,20150324,114730,85.12,1,0,0,0,0,0
XOM STK SMART,20150324,114740,85.12,1,0,0,0,0,0
XOM STK SMART,20150324,114800,85.1,1,0,0,0,0,0
XOM STK SMART,20150324,114803,85.09,1,0,0,0,0,0
XOM STK SMART,20150324,114812,85.08,1,0,0,0,0,0
XOM STK SMART,20150324,114830,85.09,1,0,0,0,0,0
XOM STK SMART,20150324,114901,85.09,1,0,0,0,0,0
XOM STK SMART,20150324,114916,85.11,1,0,0,0,0,0
XOM STK SMART,20150324,114941,85.11,6,0,0,0,0,0
XOM STK SMART,20150324,114946,85.13,1,0,0,0,0,0
XOM STK SMART,20150324,114959,85.14,1,0,0,0,0,0
XOM STK SMART,20150324,115014,85.13,1,0,0,0,0,0
XOM STK SMART,20150324,115049,85.14,1,0,0,0,0,0
XOM STK SMART,20150324,115115,85.14,1,0,0,0,0,0
XOM STK SMART,20150324,115141,85.12,3,0,0,0,0,0
XOM STK SMART,20150324,115159,85.11,2,0,0,0,0,0
XOM STK SMART,20150324,115208,85.11,1,0,0,0,0,0
XOM STK SMART,20150324,115238,85.08,1,0,0,0,0,0
XOM STK SMART,20150324,115246,85.09,6,0,0,0,0,0
XOM STK SMART,20150324,115254,85.11,1,0,0,0,0,0
XOM STK SMART,20150324,115331,85.12,6,0,0,0,0,0
XOM STK SMART,20150324,115340,85.14,1,0,0,0,0,0
XOM STK SMART,20150324,115350,85.16,1,0,0,0,0,0
XOM STK SMART,20150324,115407,85.15,1,0,0,0,0,0
XOM STK SMART,20150324,115420,85.17,1,0,0,0,0,0
XOM STK SMART,20150324,115443,85.17,6,0,0,0,0,0
XOM STK SMART,20150324,115455,85.17,2,0,0,0,0,0
XOM STK SMART,20150324,115520,85.14,2,0,0,0,0,0
XOM STK SMART,20150324,115528,85.14,1,0,0,0,0,0
XOM STK SMART,20150324,115549,85.13,1,0,0,0,0,0
XOM STK SMART,20150324,115604,85.13,1,0,0,0,0,0
XOM STK SMART,20150324,115631,85.14,2,0,0,0,0,0
XOM STK SMART,20150324,115632,85.14,1,0,0,0,0,0
XOM STK SMART,20150324,115650,85.12,1,0,0,0,0,0
XOM STK SMART,20150324,115718,85.13,1,0,0,0,0,0
XOM STK SMART,20150324,115746,85.13,2,0,0,0,0,0
XOM STK SMART,20150324,115754,85.12,1,0,0,0,0,0
XOM STK SMART,20150324,115806,85.1,1,0,0,0,0,0
XOM STK SMART,20150324,115818,85.09,1,0,0,0,0,0
XOM STK SMART,20150324,115832,85.09,2,0,0,0,0,0
XOM STK SMART,20150324,115851,85.09,1,0,0,0,0,0
XOM STK SMART,20150324,115901,85.09,1,0,0,0,0,0
XOM STK SMART,20150324,115902,85.09,2,0,0,0,0,0
XOM STK SMART,20150324,115921,85.08,1,0,0,0,0,0
XOM STK SMART,20150324,115927,85.05,3,0,0,0,0,0
XOM STK SMART,20150324,115941,85.04,1,0,0,0,0,0
XOM STK SMART,20150324,115949,85.03,1,0,0,0,0,0
XOM STK SMART,20150324,115959,85.04,5,0,0,0,0,0
XOM STK SMART,20150324,120003,85.05,6,0,0,0,0,0
XOM STK SMART,20150324,120019,85.07,1,0,0,0,0,0
XOM STK SMART,20150324,120031,85.05,1,0,0,0,0,0
XOM STK SMART,20150324,120041,85.05,1,0,0,0,0,0
XOM STK SMART,20150324,120043,85.05,2,0,0,0,0,0
XOM STK SMART,20150324,120056,85.06,2,0,0,0,0,0
XOM STK SMART,20150324,120107,85.07,1,0,0,0,0,0
XOM STK SMART,20150324,120118,85.05,2,0,0,0,0,0
XOM STK SMART,20150324,120129,85.07,4,0,0,0,0,0
XOM STK SMART,20150324,120154,85.06,1,0,0,0,0,0
XOM STK SMART,20150324,120225,85.08,1,0,0,0,0,0
XOM STK SMART,20150324,120238,85.08,1,0,0,0,0,0
XOM STK SMART,20150324,120244,85.08,5,0,0,0,0,0
XOM STK SMART,20150324,120258,85.08,1,0,0,0,0,0
XOM STK SMART,20150324,120311,85.09,1,0,0,0,0,0
XOM STK SMART,20150324,120318,85.1,2,0,0,0,0,0
XOM STK SMART,20150324,120329,85.12,1,0,0,0,0,0
XOM STK SMART,20150324,120347,85.12,1,0,0,0,0,0
XOM STK SMART,20150324,120431,85.13,1,0,0,0,0,0
XOM STK SMART,20150324,120457,85.12,1,0,0,0,0,0
XOM STK SMART,20150324,120518,85.13,2,0,0,0,0,0
XOM STK SMART,20150324,120529,85.14,2,0,0,0,0,0
XOM STK SMART,20150324,120538,85.13,2,0,0,0,0,0
XOM STK SMART,20150324,120600,85.13,4,0,0,0,0,0
XOM STK SMART,20150324,120603,85.14,1,0,0,0,0,0
XOM STK SMART,20150324,120620,85.13,1,0,0,0,0,0
XOM STK SMART,20150324,120632,85.12,1,0,0,0,0,0
XOM STK SMART,20150324,120641,85.11,1,0,0,0,0,0
XOM STK SMART,20150324,120717,85.09,1,0,0,0,0,0
XOM STK SMART,20150324,120737,85.11,1,0,0,0,0,0
XOM STK SMART,20150324,120749,85.1,1,0,0,0,0,0
XOM STK SMART,20150324,120756,85.1,2,0,0,0,0,0
XOM STK SMART,20150324,120809,85.11,1,0,0,0,0,0
XOM STK SMART,20150324,120818,85.12,1,0,0,0,0,0
XOM STK SMART,20150324,120847,85.12,1,0,0,0,0,0
XOM STK SMART,20150324,120858,85.14,2,0,0,0,0,0
XOM STK SMART,20150324,120905,85.14,1,0,0,0,0,0
XOM STK SMART,20150324,120956,85.15,1,0,0,0,0,0
XOM STK SMART,20150324,121012,85.16,7,0,0,0,0,0
XOM STK SMART,20150324,121020,85.16,1,0,0,0,0,0
XOM STK SMART,20150324,121025,85.15,1,0,0,0,0,0
XOM STK SMART,20150324,121041,85.15,1,0,0,0,0,0
XOM STK SMART,20150324,121049,85.13,1,0,0,0,0,0
XOM STK SMART,20150324,121106,85.13,3,0,0,0,0,0
XOM STK SMART,20150324,121122,85.14,1,0,0,0,0,0
XOM STK SMART,20150324,121134,85.14,1,0,0,0,0,0
XOM STK SMART,20150324,121149,85.15,2,0,0,0,0,0
XOM STK SMART,20150324,121159,85.15,1,0,0,0,0,0
XOM STK SMART,20150324,121221,85.15,1,0,0,0,0,0
XOM STK SMART,20150324,121232,85.17,2,0,0,0,0,0
XOM STK SMART,20150324,121233,85.18,1,0,0,0,0,0
XOM STK SMART,20150324,121247,85.2,3,0,0,0,0,0
XOM STK SMART,20150324,121316,85.21,1,0,0,0,0,0
XOM STK SMART,20150324,121352,85.21,1,0,0,0,0,0
XOM STK SMART,20150324,121402,85.2,1,0,0,0,0,0
XOM STK SMART,20150324,121419,85.2,1,0,0,0,0,0
XOM STK SMART,20150324,121431,85.19,1,0,0,0,0,0
XOM STK SMART,20150324,121442,85.17,1,0,0,0,0,0
XOM STK SMART,20150324,121526,85.15,2,0,0,0,0,0
XOM STK SMART,20150324,121539,85.14,1,0,0,0,0,0
XOM STK SMART,20150324,121543,85.16,1,0,0,0,0,0
XOM STK SMART,20150324,121610,85.15,1,0,0,0,0,0
XOM STK SMART,20150324,121618,85.14,3,0,0,0,0,0
XOM STK SMART,20150324,121623,85.14,1,0,0,0,0,0
XOM STK SMART,20150324,121700,85.15,1,0,0,0,0,0
XOM STK SMART,20150324,121709,85.15,1,0,0,0,0,0
XOM STK SMART,20150324,121716,85.15,1,0,0,0,0,0
XOM STK SMART,20150324,121739,85.14,1,0,0,0,0,0
XOM STK SMART,20150324,121747,85.14,4,0,0,0,0,0
XOM STK SMART,20150324,121802,85.14,1,0,0,0,0,0
XOM STK SMART,20150324,121812,85.16,2,0,0,0,0,0
XOM STK SMART,20150324,121820,85.17,1,0,0,0,0,0
XOM STK SMART,20150324,121839,85.17,1,0,0,0,0,0
XOM STK SMART,20150324,121845,85.19,1,0,0,0,0,0
XOM STK SMART,20150324,121902,85.18,1,0,0,0,0,0
XOM STK SMART,20150324,121904,85.17,1,0,0,0,0,0
XOM STK SMART,20150324,121921,85.16,2,0,0,0,0,0
XOM STK SMART,20150324,121924,85.16,1,0,0,0,0,0
XOM STK SMART,20150324,121947,85.14,1,0,0,0,0,0
XOM STK SMART,20150324,122000,85.15,1,0,0,0,0,0
XOM STK SMART,20150324,122015,85.15,1,0,0,0,0,0
XOM STK SMART,20150324,122038,85.14,1,0,0,0,0,0
XOM STK SMART,20150324,122055,85.15,5,0,0,0,0,0
XOM STK SMART,20150324,122105,85.15,1,0,0,0,0,0
XOM STK SMART,20150324,122200,85.14,1,0,0,0,0,0
XOM STK SMART,20150324,122207,85.14,3,0,0,0,0,0
XOM STK SMART,20150324,122222,85.14,1,0,0,0,0,0
XOM STK SMART,20150324,122239,85.15,2,0,0,0,0,0
XOM STK SMART,20150324,122256,85.14,1,0,0,0,0,0
XOM STK SMART,20150324,122351,85.12,1,0,0,0,0,0
XOM STK SMART,20150324,122401,85.13,1,0,0,0,0,0
XOM STK SMART,20150324,122405,85.13,1,0,0,0,0,0
XOM STK SMART,20150324,122414,85.14,1,0,0,0,0,0
XOM STK SMART,20150324,122436,85.13,2,0,0,0,0,0
XOM STK SMART,20150324,122446,85.13,1,0,0,0,0,0
XOM STK SMART,20150324,122528,85.12,1,0,0,0,0,0
XOM STK SMART,20150324,122536,85.11,5,0,0,0,0,0
XOM STK SMART,20150324,122549,85.1,1,0,0,0,0,0
XOM STK SMART,20150324,122559,85.09,1,0,0,0,0,0
XOM STK SMART,20150324,122622,85.1,1,0,0,0,0,0
XOM STK SMART,20150324,122630,85.11,1,0,0,0,0,0
XOM STK SMART,20150324,122646,85.11,1,0,0,0,0,0
XOM STK SMART,20150324,122702,85.09,1,0,0,0,0,0
XOM STK SMART,20150324,122704,85.1,1,0,0,0,0,0
XOM STK SMART,20150324,122731,85.11,1,0,0,0,0,0
XOM STK SMART,20150324,122741,85.12,1,0,0,0,0,0
XOM STK SMART,20150324,122749,85.11,1,0,0,0,0,0
XOM STK SMART,20150324,122801,85.11,1,0,0,0,0,0
XOM STK SMART,20150324,122805,85.12,1,0,0,0,0,0
XOM STK SMART,20150324,122814,85.11,1,0,0,0,0,0
XOM STK SMART,20150324,122831,85.11,1,0,0,0,0,0
XOM STK SMART,20150324,122843,85.08,1,0,0,0,0,0
XOM STK SMART,20150324,122850,85.09,1,0,0,0,0,0
XOM STK SMART,20150324,122859,85.09,1,0,0,0,0,0
XOM STK SMART,20150324,122918,85.08,1,0,0,0,0,0
XOM STK SMART,20150324,122939,85.08,1,0,0,0,0,0
XOM STK SMART,20150324,122946,85.07,1,0,0,0,0,0
XOM STK SMART,20150324,123010,85.06,1,0,0,0,0,0
XOM STK SMART,20150324,123021,85.05,1,0,0,0,0,0
XOM STK SMART,20150324,123026,85.07,1,0,0,0,0,0
XOM STK SMART,20150324,123043,85.04,1,0,0,0,0,0
XOM STK SMART,20150324,123053,85.04,2,0,0,0,0,0
XOM STK SMART,20150324,123103,85.03,3,0,0,0,0,0
XOM STK SMART,20150324,123131,85.03,1,0,0,0,0,0
XOM STK SMART,20150324,123141,85,1,0,0,0,0,0
XOM STK SMART,20150324,123145,85.01,6,0,0,0,0,0
XOM STK SMART,20150324,123209,85.01,1,0,0,0,0,0
XOM STK SMART,20150324,123223,85.01,1,0,0,0,0,0
XOM STK SMART,20150324,123229,85.01,1,0,0,0,0,0
XOM STK SMART,20150324,123251,85.01,1,0,0,0,0,0
XOM STK SMART,20150324,123257,85.03,1,0,0,0,0,0
XOM STK SMART,20150324,123312,85.04,1,0,0,0,0,0
XOM STK SMART,20150324,123330,85.05,4,0,0,0,0,0
XOM STK SMART,20150324,123341,85.05,1,0,0,0,0,0
XOM STK SMART,20150324,123345,85.06,2,0,0,0,0,0
XOM STK SMART,20150324,123359,85.05,1,0,0,0,0,0
XOM STK SMART,20150324,123404,85.04,1,0,0,0,0,0
XOM STK SMART,20150324,123433,85.06,1,0,0,0,0,0
XOM STK SMART,20150324,123441,85.05,5,0,0,0,0,0
XOM STK SMART,20150324,123453,85.03,1,0,0,0,0,0
XOM STK SMART,20150324,123501,85.01,2,0,0,0,0,0
XOM STK SMART,20150324,123509,84.99,1,0,0,0,0,0
XOM STK SMART,20150324,123519,85,1,0,0,0,0,0
XOM STK SMART,20150324,123553,85.05,1,0,0,0,0,0
XOM STK SMART,20150324,123603,85.08,1,0,0,0,0,0
XOM STK SMART,20150324,123604,85.07,1,0,0,0,0,0
XOM STK SMART,20150324,123619,85.08,1,0,0,0,0,0
XOM STK SMART,20150324,123644,85.07,3,0,0,0,0,0
XOM STK SMART,20150324,123657,85.04,1,0,0,0,0,0
XOM STK SMART,20150324,123711,85.04,6,0,0,0,0,0
XOM STK SMART,20150324,123718,85.05,2,0,0,0,0,0
XOM STK SMART,20150324,123731,85.04,1,0,0,0,0,0
XOM STK SMART,20150324,123802,85.04,5,0,0,0,0,0
XOM STK SMART,20150324,123808,85.04,2,0,0,0,0,0
XOM STK SMART,20150324,123819,85.04,1,0,0,0,0,0
XOM STK SMART,20150324,123840,85.05,1,0,0,0,0,0
XOM STK SMART,20150324,123848,85.04,1,0,0,0,0,0
XOM STK SMART,20150324,123856,85.01,1,0,0,0,0,0
XOM STK SMART,20150324,123930,85.01,2,0,0,0,0,0
XOM STK SMART,20150324,123941,85.02,1,0,0,0,0,0
XOM STK SMART,20150324,124000,85.01,1,0,0,0,0,0
XOM STK SMART,20150324,124027,85,1,0,0,0,0,0
XOM STK SMART,20150324,124038,85,6,0,0,0,0,0
XOM STK SMART,20150324,124054,85,2,0,0,0,0,0
XOM STK SMART,20150324,124108,85.01,1,0,0,0,0,0
XOM STK SMART,20150324,124124,85.02,1,0,0,0,0,0
XOM STK SMART,20150324,124135,85.01,1,0,0,0,0,0
XOM STK SMART,20150324,124144,85.02,1,0,0,0,0,0
XOM STK SMART,20150324,124159,85.02,1,0,0,0,0,0
XOM STK SMART,20150324,124214,85.03,1,0,0,0,0,0
XOM STK SMART,20150324,124222,84.99,1,0,0,0,0,0
XOM STK SMART,20150324,124229,85,6,0,0,0,0,0
XOM STK SMART,20150324,124236,85,1,0,0,0,0,0
XOM STK SMART,20150324,124254,84.99,2,0,0,0,0,0
XOM STK SMART,20150324,124300,84.99,1,0,0,0,0,0
XOM STK SMART,20150324,124323,85,3,0,0,0,0,0
XOM STK SMART,20150324,124330,85.01,1,0,0,0,0,0
XOM STK SMART,20150324,124358,84.99,2,0,0,0,0,0
XOM STK SMART,20150324,124413,85,1,0,0,0,0,0
XOM STK SMART,20150324,124427,84.99,1,0,0,0,0,0
XOM STK SMART,20150324,124444,85.02,4,0,0,0,0,0
XOM STK SMART,20150324,124444,85.02,1,0,0,0,0,0
XOM STK SMART,20150324,124513,85.03,1,0,0,0,0,0
XOM STK SMART,20150324,124523,85.05,1,0,0,0,0,0
XOM STK SMART,20150324,124533,85.06,1,0,0,0,0,0
XOM STK SMART,20150324,124549,85.05,1,0,0,0,0,0
XOM STK SMART,20150324,124612,85.05,1,0,0,0,0,0
XOM STK SMART,20150324,124633,85.04,1,0,0,0,0,0
XOM STK SMART,20150324,124644,85.04,1,0,0,0,0,0
XOM STK SMART,20150324,124653,85.03,2,0,0,0,0,0
XOM STK SMART,20150324,124714,85.02,1,0,0,0,0,0
XOM STK SMART,20150324,124734,85.01,1,0,0,0,0,0
XOM STK SMART,20150324,124814,85.02,1,0,0,0,0,0
XOM STK SMART,20150324,124823,85.01,1,0,0,0,0,0
XOM STK SMART,20150324,124834,85,1,0,0,0,0,0
XOM STK SMART,20150324,124840,85,1,0,0,0,0,0
XOM STK SMART,20150324,124852,85,3,0,0,0,0,0
XOM STK SMART,20150324,124903,84.99,1,0,0,0,0,0
XOM STK SMART,20150324,124905,84.98,1,0,0,0,0,0
XOM STK SMART,20150324,124917,84.99,1,0,0,0,0,0
XOM STK SMART,20150324,124932,84.98,3,0,0,0,0,0
XOM STK SMART,20150324,124943,84.96,1,0,0,0,0,0
XOM STK SMART,20150324,125006,84.98,1,0,0,0,0,0
XOM STK SMART,20150324,125039,84.98,1,0,0,0,0,0
XOM STK SMART,20150324,125109,84.99,1,0,0,0,0,0
XOM STK SMART,20150324,125144,85,1,0,0,0,0,0
XOM STK SMART,20150324,125152,85.03,1,0,0,0,0,0
XOM STK SMART,20150324,125203,85.02,1,0,0,0,0,0
XOM STK SMART,20150324,125242,85.02,2,0,0,0,0,0
XOM STK SMART,20150324,125256,85.03,1,0,0,0,0,0
XOM STK SMART,20150324,125313,85.04,1,0,0,0,0,0
XOM STK SMART,20150324,125355,85.03,1,0,0,0,0,0
XOM STK SMART,20150324,125413,85.03,5,0,0,0,0,0
XOM STK SMART,20150324,125438,85.03,1,0,0,0,0,0
XOM STK SMART,20150324,125451,85.05,1,0,0,0,0,0
XOM STK SMART,20150324,125514,85.04,1,0,0,0,0,0
XOM STK SMART,20150324,125516,85.05,1,0,0,0,0,0
XOM STK SMART,20150324,125544,85.07,1,0,0,0,0,0
XOM STK SMART,20150324,125545,85.07,1,0,0,0,0,0
XOM STK SMART,20150324,125558,85.08,1,0,0,0,0,0
XOM STK SMART,20150324,125609,85.07,1,0,0,0,0,0
XOM STK SMART,20150324,125624,85.07,1,0,0,0,0,0
XOM STK SMART,20150324,125632,85.06,1,0,0,0,0,0
XOM STK SMART,20150324,125644,85.06,1,0,0,0,0,0
XOM STK SMART,20150324,125703,85.05,1,0,0,0,0,0
XOM STK SMART,20150324,125721,85.06,1,0,0,0,0,0
XOM STK SMART,20150324,125754,85.05,1,0,0,0,0,0
XOM STK SMART,20150324,125756,85.04,2,0,0,0,0,0
XOM STK SMART,20150324,125811,85.03,1,0,0,0,0,0
XOM STK SMART,20150324,125820,85.04,1,0,0,0,0,0
XOM STK SMART,20150324,125841,85.02,1,0,0,0,0,0
XOM STK SMART,20150324,125904,85,1,0,0,0,0,0
XOM STK SMART,20150324,125906,84.99,1,0,0,0,0,0
XOM STK SMART,20150324,125925,84.98,1,0,0,0,0,0
XOM STK SMART,20150324,125934,84.97,5,0,0,0,0,0
XOM STK SMART,20150324,125937,84.98,1,0,0,0,0,0
XOM STK SMART,20150324,125946,84.97,1,0,0,0,0,0
XOM STK SMART,20150324,130001,84.99,1,0,0,0,0,0
XOM STK SMART,20150324,130019,85,1,0,0,0,0,0
XOM STK SMART,20150324,130042,85.01,1,0,0,0,0,0
XOM STK SMART,20150324,130054,85.01,1,0,0,0,0,0
XOM STK SMART,20150324,130109,85.02,1,0,0,0,0,0
XOM STK SMART,20150324,130118,85.03,1,0,0,0,0,0
XOM STK SMART,20150324,130143,85.04,1,0,0,0,0,0
XOM STK SMART,20150324,130220,85.08,1,0,0,0,0,0
XOM STK SMART,20150324,130230,85.07,1,0,0,0,0,0
XOM STK SMART,20150324,130243,85.06,5,0,0,0,0,0
XOM STK SMART,20150324,130245,85.06,1,0,0,0,0,0
XOM STK SMART,20150324,130316,85.05,1,0,0,0,0,0
XOM STK SMART,20150324,130345,85.04,3,0,0,0,0,0
XOM STK SMART,20150324,130346,85.03,1,0,0,0,0,0
XOM STK SMART,20150324,130403,85.02,1,0,0,0,0,0
XOM STK SMART,20150324,130422,85,1,0,0,0,0,0
XOM STK SMART,20150324,130434,85.02,2,0,0,0,0,0
XOM STK SMART,20150324,130440,85.03,1,0,0,0,0,0
XOM STK SMART,20150324,130523,85.03,1,0,0,0,0,0
XOM STK SMART,20150324,130529,85.03,1,0,0,0,0,0
XOM STK SMART,20150324,130604,85.06,2,0,0,0,0,0
XOM STK SMART,20150324,130617,85.04,1,0,0,0,0,0
XOM STK SMART,20150324,130634,85.03,1,0,0,0,0,0
XOM STK SMART,20150324,130707,85.02,1,0,0,0,0,0
XOM STK SMART,20150324,130740,85.02,5,0,0,0,0,0
XOM STK SMART,20150324,130753,85.03,1,0,0,0,0,0
XOM STK SMART,20150324,130816,85.04,1,0,0,0,0,0
XOM STK SMART,20150324,130826,85.03,1,0,0,0,0,0
XOM STK SMART,20150324,130837,85.02,1,0,0,0,0,0
XOM STK SMART,20150324,130903,85.03,1,0,0,0,0,0
XOM STK SMART,20150324,130912,85.02,1,0,0,0,0,0
XOM STK SMART,20150324,130926,85.02,1,0,0,0,0,0
XOM STK SMART,20150324,130954,84.98,1,0,0,0,0,0
XOM STK SMART,20150324,130956,84.99,1,0,0,0,0,0
XOM STK SMART,20150324,131024,84.97,1,0,0,0,0,0
XOM STK SMART,20150324,131035,84.97,1,0,0,0,0,0
XOM STK SMART,20150324,131040,84.97,1,0,0,0,0,0
XOM STK SMART,20150324,131052,84.98,1,0,0,0,0,0
XOM STK SMART,20150324,131115,84.97,1,0,0,0,0,0
XOM STK SMART,20150324,131118,84.97,1,0,0,0,0,0
XOM STK SMART,20150324,131131,84.96,1,0,0,0,0,0
XOM STK SMART,20150324,131139,84.97,1,0,0,0,0,0
XOM STK SMART,20150324,131153,84.96,1,0,0,0,0,0
XOM STK SMART,20150324,131204,84.97,2,0,0,0,0,0
XOM STK SMART,20150324,131234,84.96,2,0,0,0,0,0
XOM STK SMART,20150324,131236,84.97,1,0,0,0,0,0
XOM STK SMART,20150324,131255,84.98,1,0,0,0,0,0
XOM STK SMART,20150324,131334,84.97,1,0,0,0,0,0
XOM STK SMART,20150324,131345,84.97,1,0,0,0,0,0
XOM STK SMART,20150324,131354,84.98,2,0,0,0,0,0
XOM STK SMART,20150324,131417,84.97,1,0,0,0,0,0
XOM STK SMART,20150324,131439,84.96,1,0,0,0,0,0
XOM STK SMART,20150324,131448,84.96,1,0,0,0,0,0
XOM STK SMART,20150324,131532,84.95,4,0,0,0,0,0
XOM STK SMART,20150324,131538,84.96,1,0,0,0,0,0
XOM STK SMART,20150324,131605,84.96,1,0,0,0,0,0
XOM STK SMART,20150324,131619,84.94,1,0,0,0,0,0
XOM STK SMART,20150324,131631,84.93,1,0,0,0,0,0
XOM STK SMART,20150324,131645,84.94,2,0,0,0,0,0
XOM STK SMART,20150324,131648,84.93,1,0,0,0,0,0
XOM STK SMART,20150324,131704,84.94,1,0,0,0,0,0
XOM STK SMART,20150324,131709,84.93,1,0,0,0,0,0
XOM STK SMART,20150324,131718,84.92,3,0,0,0,0,0
XOM STK SMART,20150324,131755,84.93,6,0,0,0,0,0
XOM STK SMART,20150324,131809,84.92,1,0,0,0,0,0
XOM STK SMART,20150324,131816,84.91,1,0,0,0,0,0
XOM STK SMART,20150324,131828,84.92,1,0,0,0,0,0
XOM STK SMART,20150324,131845,84.9,1,0,0,0,0,0
XOM STK SMART,20150324,131858,84.92,1,0,0,0,0,0
XOM STK SMART,20150324,131910,84.91,1,0,0,0,0,0
XOM STK SMART,20150324,131937,84.92,1,0,0,0,0,0
XOM STK SMART,20150324,132014,84.93,1,0,0,0,0,0
XOM STK SMART,20150324,132030,84.93,6,0,0,0,0,0
XOM STK SMART,20150324,132043,84.94,2,0,0,0,0,0
XOM STK SMART,20150324,132053,84.95,1,0,0,0,0,0
XOM STK SMART,20150324,132100,84.92,1,0,0,0,0,0
XOM STK SMART,20150324,132114,84.93,1,0,0,0,0,0
XOM STK SMART,20150324,132128,84.94,1,0,0,0,0,0
XOM STK SMART,20150324,132150,84.94,2,0,0,0,0,0
XOM STK SMART,20150324,132203,84.95,1,0,0,0,0,0
XOM STK SMART,20150324,132220,84.94,1,0,0,0,0,0
XOM STK SMART,20150324,132245,84.93,1,0,0,0,0,0
XOM STK SMART,20150324,132255,84.94,1,0,0,0,0,0
XOM STK SMART,20150324,132315,84.94,1,0,0,0,0,0
XOM STK SMART,20150324,132323,84.94,1,0,0,0,0,0
XOM STK SMART,20150324,132327,84.93,1,0,0,0,0,0
XOM STK SMART,20150324,132405,84.91,1,0,0,0,0,0
XOM STK SMART,20150324,132436,84.88,1,0,0,0,0,0
XOM STK SMART,20150324,132442,84.89,2,0,0,0,0,0
XOM STK SMART,20150324,132455,84.87,12,0,0,0,0,0
XOM STK SMART,20150324,132506,84.85,1,0,0,0,0,0
XOM STK SMART,20150324,132515,84.84,1,0,0,0,0,0
XOM STK SMART,20150324,132523,84.83,1,0,0,0,0,0
XOM STK SMART,20150324,132527,84.81,1,0,0,0,0,0
XOM STK SMART,20150324,132541,84.8,2,0,0,0,0,0
XOM STK SMART,20150324,132551,84.78,1,0,0,0,0,0
XOM STK SMART,20150324,132606,84.73,1,0,0,0,0,0
XOM STK SMART,20150324,132614,84.71,1,0,0,0,0,0
XOM STK SMART,20150324,132621,84.72,1,0,0,0,0,0
XOM STK SMART,20150324,132634,84.71,1,0,0,0,0,0
XOM STK SMART,20150324,132645,84.74,1,0,0,0,0,0
XOM STK SMART,20150324,132655,84.74,1,0,0,0,0,0
XOM STK SMART,20150324,132702,84.71,1,0,0,0,0,0
XOM STK SMART,20150324,132712,84.72,1,0,0,0,0,0
XOM STK SMART,20150324,132733,84.72,2,0,0,0,0,0
XOM STK SMART,20150324,132744,84.69,3,0,0,0,0,0
XOM STK SMART,20150324,132752,84.66,1,0,0,0,0,0
XOM STK SMART,20150324,132805,84.67,2,0,0,0,0,0
XOM STK SMART,20150324,132811,84.66,1,0,0,0,0,0
XOM STK SMART,20150324,132823,84.65,1,0,0,0,0,0
XOM STK SMART,20150324,132835,84.64,1,0,0,0,0,0
XOM STK SMART,20150324,132845,84.64,4,0,0,0,0,0
XOM STK SMART,20150324,132851,84.63,1,0,0,0,0,0
XOM STK SMART,20150324,132902,84.66,1,0,0,0,0,0
XOM STK SMART,20150324,132927,84.67,1,0,0,0,0,0
XOM STK SMART,20150324,132944,84.66,4,0,0,0,0,0
XOM STK SMART,20150324,132955,84.69,1,0,0,0,0,0
XOM STK SMART,20150324,133002,84.7,1,0,0,0,0,0
XOM STK SMART,20150324,133016,84.7,3,0,0,0,0,0
XOM STK SMART,20150324,133022,84.7,1,0,0,0,0,0
XOM STK SMART,20150324,133032,84.72,1,0,0,0,0,0
XOM STK SMART,20150324,133044,84.72,1,0,0,0,0,0
XOM STK SMART,20150324,133054,84.73,1,0,0,0,0,0
XOM STK SMART,20150324,133102,84.74,1,0,0,0,0,0
XOM STK SMART,20150324,133124,84.76,1,0,0,0,0,0
XOM STK SMART,20150324,133136,84.73,1,0,0,0,0,0
XOM STK SMART,20150324,133146,84.75,1,0,0,0,0,0
XOM STK SMART,20150324,133153,84.76,1,0,0,0,0,0
XOM STK SMART,20150324,133239,84.74,1,0,0,0,0,0
XOM STK SMART,20150324,133255,84.72,4,0,0,0,0,0
XOM STK SMART,20150324,133305,84.71,1,0,0,0,0,0
XOM STK SMART,20150324,133315,84.71,1,0,0,0,0,0
XOM STK SMART,20150324,133325,84.7,1,0,0,0,0,0
XOM STK SMART,20150324,133334,84.67,1,0,0,0,0,0
XOM STK SMART,20150324,133344,84.68,1,0,0,0,0,0
XOM STK SMART,20150324,133356,84.69,1,0,0,0,0,0
XOM STK SMART,20150324,133414,84.69,1,0,0,0,0,0
XOM STK SMART,20150324,133427,84.7,1,0,0,0,0,0
XOM STK SMART,20150324,133446,84.69,2,0,0,0,0,0
XOM STK SMART,20150324,133448,84.69,1,0,0,0,0,0
XOM STK SMART,20150324,133506,84.71,2,0,0,0,0,0
XOM STK SMART,20150324,133516,84.71,1,0,0,0,0,0
XOM STK SMART,20150324,133555,84.71,1,0,0,0,0,0
XOM STK SMART,20150324,133620,84.72,1,0,0,0,0,0
XOM STK SMART,20150324,133631,84.71,1,0,0,0,0,0
XOM STK SMART,20150324,133646,84.73,1,0,0,0,0,0
XOM STK SMART,20150324,133654,84.72,1,0,0,0,0,0
XOM STK SMART,20150324,133701,84.74,1,0,0,0,0,0
XOM STK SMART,20150324,133721,84.75,1,0,0,0,0,0
XOM STK SMART,20150324,133729,84.75,1,0,0,0,0,0
XOM STK SMART,20150324,133756,84.74,1,0,0,0,0,0
XOM STK SMART,20150324,133813,84.74,2,0,0,0,0,0
XOM STK SMART,20150324,133824,84.75,1,0,0,0,0,0
XOM STK SMART,20150324,133831,84.74,1,0,0,0,0,0
XOM STK SMART,20150324,133846,84.75,5,0,0,0,0,0
XOM STK SMART,20150324,133856,84.75,1,0,0,0,0,0
XOM STK SMART,20150324,133902,84.73,1,0,0,0,0,0
XOM STK SMART,20150324,133924,84.74,1,0,0,0,0,0
XOM STK SMART,20150324,133936,84.75,1,0,0,0,0,0
XOM STK SMART,20150324,133943,84.76,1,0,0,0,0,0
XOM STK SMART,20150324,133952,84.78,1,0,0,0,0,0
XOM STK SMART,20150324,134007,84.77,2,0,0,0,0,0
XOM STK SMART,20150324,134013,84.78,1,0,0,0,0,0
XOM STK SMART,20150324,134034,84.78,1,0,0,0,0,0
XOM STK SMART,20150324,134104,84.79,2,0,0,0,0,0
XOM STK SMART,20150324,134128,84.79,1,0,0,0,0,0
XOM STK SMART,20150324,134144,84.77,1,0,0,0,0,0
XOM STK SMART,20150324,134155,84.78,4,0,0,0,0,0
XOM STK SMART,20150324,134158,84.79,1,0,0,0,0,0
XOM STK SMART,20150324,134258,84.78,1,0,0,0,0,0
XOM STK SMART,20150324,134309,84.79,1,0,0,0,0,0
XOM STK SMART,20150324,134348,84.8,1,0,0,0,0,0
XOM STK SMART,20150324,134420,84.8,3,0,0,0,0,0
XOM STK SMART,20150324,134430,84.79,1,0,0,0,0,0
XOM STK SMART,20150324,134446,84.74,1,0,0,0,0,0
XOM STK SMART,20150324,134457,84.71,1,0,0,0,0,0
XOM STK SMART,20150324,134503,84.72,1,0,0,0,0,0
XOM STK SMART,20150324,134523,84.7,2,0,0,0,0,0
XOM STK SMART,20150324,134545,84.74,1,0,0,0,0,0
XOM STK SMART,20150324,134556,84.75,1,0,0,0,0,0
XOM STK SMART,20150324,134606,84.74,1,0,0,0,0,0
XOM STK SMART,20150324,134613,84.75,1,0,0,0,0,0
XOM STK SMART,20150324,134619,84.76,1,0,0,0,0,0
XOM STK SMART,20150324,134636,84.77,1,0,0,0,0,0
XOM STK SMART,20150324,134705,84.77,1,0,0,0,0,0
XOM STK SMART,20150324,134719,84.78,1,0,0,0,0,0
XOM STK SMART,20150324,134735,84.79,2,0,0,0,0,0
XOM STK SMART,20150324,134757,84.78,1,0,0,0,0,0
XOM STK SMART,20150324,134802,84.79,2,0,0,0,0,0
XOM STK SMART,20150324,134816,84.79,1,0,0,0,0,0
XOM STK SMART,20150324,134832,84.78,1,0,0,0,0,0
XOM STK SMART,20150324,134838,84.77,1,0,0,0,0,0
XOM STK SMART,20150324,134911,84.78,7,0,0,0,0,0
XOM STK SMART,20150324,134925,84.8,1,0,0,0,0,0
XOM STK SMART,20150324,134935,84.79,7,0,0,0,0,0
XOM STK SMART,20150324,135002,84.78,1,0,0,0,0,0
XOM STK SMART,20150324,135016,84.79,1,0,0,0,0,0
XOM STK SMART,20150324,135026,84.8,1,0,0,0,0,0
XOM STK SMART,20150324,135047,84.81,6,0,0,0,0,0
XOM STK SMART,20150324,135050,84.82,1,0,0,0,0,0
XOM STK SMART,20150324,135106,84.86,1,0,0,0,0,0
XOM STK SMART,20150324,135114,84.86,1,0,0,0,0,0
XOM STK SMART,20150324,135127,84.88,1,0,0,0,0,0
XOM STK SMART,20150324,135134,84.87,2,0,0,0,0,0
XOM STK SMART,20150324,135145,84.86,2,0,0,0,0,0
XOM STK SMART,20150324,135207,84.89,1,0,0,0,0,0
XOM STK SMART,20150324,135224,84.88,1,0,0,0,0,0
XOM STK SMART,20150324,135234,84.86,1,0,0,0,0,0
XOM STK SMART,20150324,135305,84.87,1,0,0,0,0,0
XOM STK SMART,20150324,135310,84.86,1,0,0,0,0,0
XOM STK SMART,20150324,135319,84.86,4,0,0,0,0,0
XOM STK SMART,20150324,135341,84.87,5,0,0,0,0,0
XOM STK SMART,20150324,135402,84.88,2,0,0,0,0,0
XOM STK SMART,20150324,135424,84.88,1,0,0,0,0,0
XOM STK SMART,20150324,135437,84.88,1,0,0,0,0,0
XOM STK SMART,20150324,135449,84.86,1,0,0,0,0,0
XOM STK SMART,20150324,135500,84.86,6,0,0,0,0,0
XOM STK SMART,20150324,135510,84.87,1,0,0,0,0,0
XOM STK SMART,20150324,135521,84.87,1,0,0,0,0,0
XOM STK SMART,20150324,135535,84.9,1,0,0,0,0,0
XOM STK SMART,20150324,135540,84.91,1,0,0,0,0,0
XOM STK SMART,20150324,135552,84.91,1,0,0,0,0,0
XOM STK SMART,20150324,135613,84.89,1,0,0,0,0,0
XOM STK SMART,20150324,135624,84.9,1,0,0,0,0,0
XOM STK SMART,20150324,135637,84.91,4,0,0,0,0,0
XOM STK SMART,20150324,135655,84.95,1,0,0,0,0,0
XOM STK SMART,20150324,135701,84.93,1,0,0,0,0,0
XOM STK SMART,20150324,135708,84.92,1,0,0,0,0,0
XOM STK SMART,20150324,135720,84.9,1,0,0,0,0,0
XOM STK SMART,20150324,135729,84.89,1,0,0,0,0,0
XOM STK SMART,20150324,135743,84.88,1,0,0,0,0,0
XOM STK SMART,20150324,135756,84.86,1,0,0,0,0,0
XOM STK SMART,20150324,135812,84.85,1,0,0,0,0,0
XOM STK SMART,20150324,135834,84.85,1,0,0,0,0,0
XOM STK SMART,20150324,135846,84.84,1,0,0,0,0,0
XOM STK SMART,20150324,135852,84.84,1,0,0,0,0,0
XOM STK SMART,20150324,135904,84.81,1,0,0,0,0,0
XOM STK SMART,20150324,135915,84.81,2,0,0,0,0,0
XOM STK SMART,20150324,135926,84.8,1,0,0,0,0,0
XOM STK SMART,20150324,135937,84.78,6,0,0,0,0,0
XOM STK SMART,20150324,135946,84.78,1,0,0,0,0,0
XOM STK SMART,20150324,135957,84.77,1,0,0,0,0,0
XOM STK SMART,20150324,135959,84.76,1,0,0,0,0,0
XOM STK SMART,20150324,140014,84.75,1,0,0,0,0,0
XOM STK SMART,20150324,140036,84.74,1,0,0,0,0,0
XOM STK SMART,20150324,140043,84.76,1,0,0,0,0,0
XOM STK SMART,20150324,140054,84.79,1,0,0,0,0,0
XOM STK SMART,20150324,140122,84.8,1,0,0,0,0,0
XOM STK SMART,20150324,140138,84.81,1,0,0,0,0,0
XOM STK SMART,20150324,140214,84.8,1,0,0,0,0,0
XOM STK SMART,20150324,140236,84.79,1,0,0,0,0,0
XOM STK SMART,20150324,140246,84.8,7,0,0,0,0,0
XOM STK SMART,20150324,140254,84.79,2,0,0,0,0,0
XOM STK SMART,20150324,140305,84.77,1,0,0,0,0,0
XOM STK SMART,20150324,140308,84.76,1,0,0,0,0,0
XOM STK SMART,20150324,140341,84.76,7,0,0,0,0,0
XOM STK SMART,20150324,140354,84.79,1,0,0,0,0,0
XOM STK SMART,20150324,140426,84.81,1,0,0,0,0,0
XOM STK SMART,20150324,140440,84.8,1,0,0,0,0,0
XOM STK SMART,20150324,140452,84.77,1,0,0,0,0,0
XOM STK SMART,20150324,140502,84.76,1,0,0,0,0,0
XOM STK SMART,20150324,140526,84.75,1,0,0,0,0,0
XOM STK SMART,20150324,140536,84.72,1,0,0,0,0,0
XOM STK SMART,20150324,140545,84.75,1,0,0,0,0,0
XOM STK SMART,20150324,140600,84.76,3,0,0,0,0,0
XOM STK SMART,20150324,140618,84.78,1,0,0,0,0,0
XOM STK SMART,20150324,140628,84.79,1,0,0,0,0,0
XOM STK SMART,20150324,140632,84.77,1,0,0,0,0,0
XOM STK SMART,20150324,140641,84.77,7,0,0,0,0,0
XOM STK SMART,20150324,140657,84.79,1,0,0,0,0,0
XOM STK SMART,20150324,140708,84.78,1,0,0,0,0,0
XOM STK SMART,20150324,140738,84.78,1,0,0,0,0,0
XOM STK SMART,20150324,140750,84.79,1,0,0,0,0,0
XOM STK SMART,20150324,140819,84.8,1,0,0,0,0,0
XOM STK SMART,20150324,140828,84.79,1,0,0,0,0,0
XOM STK SMART,20150324,140856,84.78,1,0,0,0,0,0
XOM STK SMART,20150324,140910,84.79,1,0,0,0,0,0
XOM STK SMART,20150324,140928,84.78,1,0,0,0,0,0
XOM STK SMART,20150324,140937,84.8,1,0,0,0,0,0
XOM STK SMART,20150324,140939,84.79,1,0,0,0,0,0
XOM STK SMART,20150324,140957,84.79,1,0,0,0,0,0
XOM STK SMART,20150324,141018,84.79,1,0,0,0,0,0
XOM STK SMART,20150324,141026,84.78,1,0,0,0,0,0
XOM STK SMART,20150324,141048,84.76,2,0,0,0,0,0
XOM STK SMART,20150324,141057,84.75,1,0,0,0,0,0
XOM STK SMART,20150324,141102,84.74,1,0,0,0,0,0
XOM STK SMART,20150324,141114,84.75,1,0,0,0,0,0
XOM STK SMART,20150324,141120,84.75,5,0,0,0,0,0
XOM STK SMART,20150324,141143,84.77,1,0,0,0,0,0
XOM STK SMART,20150324,141230,84.77,2,0,0,0,0,0
XOM STK SMART,20150324,141245,84.76,1,0,0,0,0,0
XOM STK SMART,20150324,141251,84.75,1,0,0,0,0,0
XOM STK SMART,20150324,141301,84.73,1,0,0,0,0,0
XOM STK SMART,20150324,141324,84.74,1,0,0,0,0,0
XOM STK SMART,20150324,141340,84.75,1,0,0,0,0,0
XOM STK SMART,20150324,141352,84.74,1,0,0,0,0,0
XOM STK SMART,20150324,141408,84.72,1,0,0,0,0,0
XOM STK SMART,20150324,141427,84.69,1,0,0,0,0,0
XOM STK SMART,20150324,141432,84.7,1,0,0,0,0,0
XOM STK SMART,20150324,141448,84.69,1,0,0,0,0,0
XOM STK SMART,20150324,141451,84.69,1,0,0,0,0,0
XOM STK SMART,20150324,141506,84.67,1,0,0,0,0,0
XOM STK SMART,20150324,141508,84.68,1,0,0,0,0,0
XOM STK SMART,20150324,141543,84.69,1,0,0,0,0,0
XOM STK SMART,20150324,141553,84.71,2,0,0,0,0,0
XOM STK SMART,20150324,141607,84.7,1,0,0,0,0,0
XOM STK SMART,20150324,141612,84.71,1,0,0,0,0,0
XOM STK SMART,20150324,141619,84.7,1,0,0,0,0,0
XOM STK SMART,20150324,141631,84.69,1,0,0,0,0,0
XOM STK SMART,20150324,141657,84.69,1,0,0,0,0,0
XOM STK SMART,20150324,141738,84.7,5,0,0,0,0,0
XOM STK SMART,20150324,141748,84.67,1,0,0,0,0,0
XOM STK SMART,20150324,141751,84.66,1,0,0,0,0,0
XOM STK SMART,20150324,141802,84.63,1,0,0,0,0,0
XOM STK SMART,20150324,141821,84.64,1,0,0,0,0,0
XOM STK SMART,20150324,141836,84.65,8,0,0,0,0,0
XOM STK SMART,20150324,141842,84.66,1,0,0,0,0,0
XOM STK SMART,20150324,141904,84.64,1,0,0,0,0,0
XOM STK SMART,20150324,141928,84.62,1,0,0,0,0,0
XOM STK SMART,20150324,141929,84.61,1,0,0,0,0,0
XOM STK SMART,20150324,141943,84.61,1,0,0,0,0,0
XOM STK SMART,20150324,142008,84.62,7,0,0,0,0,0
XOM STK SMART,20150324,142012,84.63,1,0,0,0,0,0
XOM STK SMART,20150324,142033,84.62,1,0,0,0,0,0
XOM STK SMART,20150324,142057,84.64,1,0,0,0,0,0
XOM STK SMART,20150324,142108,84.66,1,0,0,0,0,0
XOM STK SMART,20150324,142111,84.66,1,0,0,0,0,0
XOM STK SMART,20150324,142129,84.66,1,0,0,0,0,0
XOM STK SMART,20150324,142129,84.66,1,0,0,0,0,0
XOM STK SMART,20150324,142200,84.66,2,0,0,0,0,0
XOM STK SMART,20150324,142213,84.67,1,0,0,0,0,0
XOM STK SMART,20150324,142227,84.66,1,0,0,0,0,0
XOM STK SMART,20150324,142248,84.66,1,0,0,0,0,0
XOM STK SMART,20150324,142249,84.64,1,0,0,0,0,0
XOM STK SMART,20150324,142307,84.65,1,0,0,0,0,0
XOM STK SMART,20150324,142328,84.67,4,0,0,0,0,0
XOM STK SMART,20150324,142333,84.67,7,0,0,0,0,0
XOM STK SMART,20150324,142344,84.66,1,0,0,0,0,0
XOM STK SMART,20150324,142409,84.68,1,0,0,0,0,0
XOM STK SMART,20150324,142434,84.65,1,0,0,0,0,0
XOM STK SMART,20150324,142448,84.65,1,0,0,0,0,0
XOM STK SMART,20150324,142456,84.65,1,0,0,0,0,0
XOM STK SMART,20150324,142517,84.65,1,0,0,0,0,0
XOM STK SMART,20150324,142523,84.66,1,0,0,0,0,0
XOM STK SMART,20150324,142531,84.66,1,0,0,0,0,0
XOM STK SMART,20150324,142546,84.67,1,0,0,0,0,0
XOM STK SMART,20150324,142635,84.67,1,0,0,0,0,0
XOM STK SMART,20150324,142647,84.66,1,0,0,0,0,0
XOM STK SMART,20150324,142701,84.68,1,0,0,0,0,0
XOM STK SMART,20150324,142715,84.67,1,0,0,0,0,0
XOM STK SMART,20150324,142727,84.68,1,0,0,0,0,0
XOM STK SMART,20150324,142749,84.68,8,0,0,0,0,0
XOM STK SMART,20150324,142752,84.69,1,0,0,0,0,0
XOM STK SMART,20150324,142805,84.68,1,0,0,0,0,0
XOM STK SMART,20150324,142820,84.67,1,0,0,0,0,0
XOM STK SMART,20150324,142837,84.66,4,0,0,0,0,0
XOM STK SMART,20150324,142841,84.67,1,0,0,0,0,0
XOM STK SMART,20150324,142903,84.68,1,0,0,0,0,0
XOM STK SMART,20150324,142915,84.68,1,0,0,0,0,0
XOM STK SMART,20150324,142928,84.67,1,0,0,0,0,0
XOM STK SMART,20150324,142935,84.66,1,0,0,0,0,0
XOM STK SMART,20150324,142947,84.65,5,0,0,0,0,0
XOM STK SMART,20150324,142953,84.66,1,0,0,0,0,0
XOM STK SMART,20150324,143016,84.66,2,0,0,0,0,0
XOM STK SMART,20150324,143037,84.66,1,0,0,0,0,0
XOM STK SMART,20150324,143049,84.65,1,0,0,0,0,0
XOM STK SMART,20150324,143052,84.62,1,0,0,0,0,0
XOM STK SMART,20150324,143114,84.63,1,0,0,0,0,0
XOM STK SMART,20150324,143122,84.63,1,0,0,0,0,0
XOM STK SMART,20150324,143136,84.62,1,0,0,0,0,0
XOM STK SMART,20150324,143155,84.64,1,0,0,0,0,0
XOM STK SMART,20150324,143208,84.65,1,0,0,0,0,0
XOM STK SMART,20150324,143214,84.66,1,0,0,0,0,0
XOM STK SMART,20150324,143222,84.66,1,0,0,0,0,0
XOM STK SMART,20150324,143239,84.66,7,0,0,0,0,0
XOM STK SMART,20150324,143248,84.67,1,0,0,0,0,0
XOM STK SMART,20150324,143306,84.67,1,0,0,0,0,0
XOM STK SMART,20150324,143323,84.66,1,0,0,0,0,0
XOM STK SMART,20150324,143349,84.67,4,0,0,0,0,0
XOM STK SMART,20150324,143350,84.67,1,0,0,0,0,0
XOM STK SMART,20150324,143409,84.67,2,0,0,0,0,0
XOM STK SMART,20150324,143414,84.68,1,0,0,0,0,0
XOM STK SMART,20150324,143422,84.68,1,0,0,0,0,0
XOM STK SMART,20150324,143429,84.67,1,0,0,0,0,0
XOM STK SMART,20150324,143446,84.67,2,0,0,0,0,0
XOM STK SMART,20150324,143508,84.68,1,0,0,0,0,0
XOM STK SMART,20150324,143518,84.7,1,0,0,0,0,0
XOM STK SMART,20150324,143531,84.7,4,0,0,0,0,0
XOM STK SMART,20150324,143547,84.69,1,0,0,0,0,0
XOM STK SMART,20150324,143559,84.68,4,0,0,0,0,0
XOM STK SMART,20150324,143600,84.68,1,0,0,0,0,0
XOM STK SMART,20150324,143619,84.68,2,0,0,0,0,0
XOM STK SMART,20150324,143645,84.66,1,0,0,0,0,0
XOM STK SMART,20150324,143659,84.66,1,0,0,0,0,0
XOM STK SMART,20150324,143709,84.67,1,0,0,0,0,0
XOM STK SMART,20150324,143725,84.66,2,0,0,0,0,0
XOM STK SMART,20150324,143749,84.67,1,0,0,0,0,0
XOM STK SMART,20150324,143838,84.67,1,0,0,0,0,0
XOM STK SMART,20150324,143907,84.68,1,0,0,0,0,0
XOM STK SMART,20150324,143925,84.67,1,0,0,0,0,0
XOM STK SMART,20150324,143933,84.67,1,0,0,0,0,0
XOM STK SMART,20150324,144013,84.68,1,0,0,0,0,0
XOM STK SMART,20150324,144022,84.67,1,0,0,0,0,0
XOM STK SMART,20150324,144048,84.67,2,0,0,0,0,0
XOM STK SMART,20150324,144054,84.66,1,0,0,0,0,0
XOM STK SMART,20150324,144110,84.66,1,0,0,0,0,0
XOM STK SMART,20150324,144111,84.66,1,0,0,0,0,0
XOM STK SMART,20150324,144122,84.65,1,0,0,0,0,0
XOM STK SMART,20150324,144139,84.65,1,0,0,0,0,0
XOM STK SMART,20150324,144149,84.64,1,0,0,0,0,0
XOM STK SMART,20150324,144150,84.64,8,0,0,0,0,0
XOM STK SMART,20150324,144218,84.64,1,0,0,0,0,0
XOM STK SMART,20150324,144230,84.65,1,0,0,0,0,0
XOM STK SMART,20150324,144320,84.64,1,0,0,0,0,0
XOM STK SMART,20150324,144324,84.62,1,0,0,0,0,0
XOM STK SMART,20150324,144345,84.63,9,0,0,0,0,0
XOM STK SMART,20150324,144350,84.62,1,0,0,0,0,0
XOM STK SMART,20150324,144401,84.63,1,0,0,0,0,0
XOM STK SMART,20150324,144418,84.64,1,0,0,0,0,0
XOM STK SMART,20150324,144430,84.63,1,0,0,0,0,0
XOM STK SMART,20150324,144436,84.63,1,0,0,0,0,0
XOM STK SMART,20150324,144459,84.62,7,0,0,0,0,0
XOM STK SMART,20150324,144542,84.62,1,0,0,0,0,0
XOM STK SMART,20150324,144554,84.63,1,0,0,0,0,0
XOM STK SMART,20150324,144606,84.65,1,0,0,0,0,0
XOM STK SMART,20150324,144618,84.64,1,0,0,0,0,0
XOM STK SMART,20150324,144633,84.65,1,0,0,0,0,0
XOM STK SMART,20150324,144646,84.64,1,0,0,0,0,0
XOM STK SMART,20150324,144701,84.65,1,0,0,0,0,0
XOM STK SMART,20150324,144711,84.66,1,0,0,0,0,0
XOM STK SMART,20150324,144726,84.65,1,0,0,0,0,0
XOM STK SMART,20150324,144824,84.65,8,0,0,0,0,0
XOM STK SMART,20150324,144837,84.63,1,0,0,0,0,0
XOM STK SMART,20150324,144852,84.62,1,0,0,0,0,0
XOM STK SMART,20150324,144920,84.62,1,0,0,0,0,0
XOM STK SMART,20150324,144921,84.62,1,0,0,0,0,0
XOM STK SMART,20150324,144940,84.62,7,0,0,0,0,0
XOM STK SMART,20150324,144941,84.62,1,0,0,0,0,0
XOM STK SMART,20150324,145015,84.61,1,0,0,0,0,0
XOM STK SMART,20150324,145029,84.62,1,0,0,0,0,0
XOM STK SMART,20150324,145043,84.63,1,0,0,0,0,0
XOM STK SMART,20150324,145109,84.62,1,0,0,0,0,0
XOM STK SMART,20150324,145118,84.6,1,0,0,0,0,0
XOM STK SMART,20150324,145133,84.61,1,0,0,0,0,0
XOM STK SMART,20150324,145211,84.6,1,0,0,0,0,0
XOM STK SMART,20150324,145230,84.59,1,0,0,0,0,0
XOM STK SMART,20150324,145239,84.58,2,0,0,0,0,0
XOM STK SMART,20150324,145249,84.57,1,0,0,0,0,0
XOM STK SMART,20150324,145303,84.57,1,0,0,0,0,0
XOM STK SMART,20150324,145313,84.57,1,0,0,0,0,0
XOM STK SMART,20150324,145326,84.58,1,0,0,0,0,0
XOM STK SMART,20150324,145340,84.58,1,0,0,0,0,0
XOM STK SMART,20150324,145355,84.59,1,0,0,0,0,0
XOM STK SMART,20150324,145423,84.58,1,0,0,0,0,0
XOM STK SMART,20150324,145440,84.59,1,0,0,0,0,0
XOM STK SMART,20150324,145447,84.59,1,0,0,0,0,0
XOM STK SMART,20150324,145509,84.61,1,0,0,0,0,0
XOM STK SMART,20150324,145516,84.62,1,0,0,0,0,0
XOM STK SMART,20150324,145549,84.64,1,0,0,0,0,0
XOM STK SMART,20150324,145627,84.64,1,0,0,0,0,0
XOM STK SMART,20150324,145649,84.63,1,0,0,0,0,0
XOM STK SMART,20150324,145653,84.62,1,0,0,0,0,0
XOM STK SMART,20150324,145710,84.62,1,0,0,0,0,0
XOM STK SMART,20150324,145719,84.62,4,0,0,0,0,0
XOM STK SMART,20150324,145726,84.6,1,0,0,0,0,0
XOM STK SMART,20150324,145743,84.61,1,0,0,0,0,0
XOM STK SMART,20150324,145754,84.62,1,0,0,0,0,0
XOM STK SMART,20150324,145850,84.63,1,0,0,0,0,0
XOM STK SMART,20150324,145858,84.62,1,0,0,0,0,0
XOM STK SMART,20150324,145926,84.64,1,0,0,0,0,0
XOM STK SMART,20150324,145933,84.65,1,0,0,0,0,0
XOM STK SMART,20150324,145949,84.64,1,0,0,0,0,0
XOM STK SMART,20150324,150008,84.65,1,0,0,0,0,0
XOM STK SMART,20150324,150022,84.67,1,0,0,0,0,0
XOM STK SMART,20150324,150040,84.7,1,0,0,0,0,0
XOM STK SMART,20150324,150041,84.71,1,0,0,0,0,0
XOM STK SMART,20150324,150130,84.69,1,0,0,0,0,0
XOM STK SMART,20150324,150137,84.7,1,0,0,0,0,0
XOM STK SMART,20150324,150141,84.69,1,0,0,0,0,0
XOM STK SMART,20150324,150156,84.68,1,0,0,0,0,0
XOM STK SMART,20150324,150228,84.67,1,0,0,0,0,0
XOM STK SMART,20150324,150248,84.68,1,0,0,0,0,0
XOM STK SMART,20150324,150346,84.69,1,0,0,0,0,0
XOM STK SMART,20150324,150407,84.7,1,0,0,0,0,0
XOM STK SMART,20150324,150415,84.7,1,0,0,0,0,0
XOM STK SMART,20150324,150431,84.71,1,0,0,0,0,0
XOM STK SMART,20150324,150440,84.72,66,0,0,0,0,0
XOM STK SMART,20150324,150446,84.71,1,0,0,0,0,0
XOM STK SMART,20150324,150459,84.7,4,0,0,0,0,0
XOM STK SMART,20150324,150507,84.7,15,0,0,0,0,0
XOM STK SMART,20150324,150515,84.71,1,0,0,0,0,0
XOM STK SMART,20150324,150600,84.72,1,0,0,0,0,0
XOM STK SMART,20150324,150619,84.72,1,0,0,0,0,0
XOM STK SMART,20150324,150627,84.71,1,0,0,0,0,0
XOM STK SMART,20150324,150635,84.7,1,0,0,0,0,0
XOM STK SMART,20150324,150647,84.69,2,0,0,0,0,0
XOM STK SMART,20150324,150656,84.69,1,0,0,0,0,0
XOM STK SMART,20150324,150707,84.71,1,0,0,0,0,0
XOM STK SMART,20150324,150726,84.72,1,0,0,0,0,0
XOM STK SMART,20150324,150740,84.74,1,0,0,0,0,0
XOM STK SMART,20150324,150744,84.73,1,0,0,0,0,0
XOM STK SMART,20150324,150752,84.74,1,0,0,0,0,0
XOM STK SMART,20150324,150810,84.75,1,0,0,0,0,0
XOM STK SMART,20150324,150822,84.74,1,0,0,0,0,0
XOM STK SMART,20150324,150839,84.75,1,0,0,0,0,0
XOM STK SMART,20150324,150843,84.74,1,0,0,0,0,0
XOM STK SMART,20150324,150859,84.73,1,0,0,0,0,0
XOM STK SMART,20150324,150944,84.72,1,0,0,0,0,0
XOM STK SMART,20150324,151004,84.73,1,0,0,0,0,0
XOM STK SMART,20150324,151021,84.73,4,0,0,0,0,0
XOM STK SMART,20150324,151029,84.73,1,0,0,0,0,0
XOM STK SMART,20150324,151040,84.72,1,0,0,0,0,0
XOM STK SMART,20150324,151051,84.71,1,0,0,0,0,0
XOM STK SMART,20150324,151107,84.7,1,0,0,0,0,0
XOM STK SMART,20150324,151119,84.71,1,0,0,0,0,0
XOM STK SMART,20150324,151130,84.72,1,0,0,0,0,0
XOM STK SMART,20150324,151137,84.71,1,0,0,0,0,0
XOM STK SMART,20150324,151153,84.72,1,0,0,0,0,0
XOM STK SMART,20150324,151210,84.71,1,0,0,0,0,0
XOM STK SMART,20150324,151218,84.7,1,0,0,0,0,0
XOM STK SMART,20150324,151233,84.71,1,0,0,0,0,0
XOM STK SMART,20150324,151246,84.71,1,0,0,0,0,0
XOM STK SMART,20150324,151258,84.7,2,0,0,0,0,0
XOM STK SMART,20150324,151306,84.69,1,0,0,0,0,0
XOM STK SMART,20150324,151339,84.69,1,0,0,0,0,0
XOM STK SMART,20150324,151354,84.7,1,0,0,0,0,0
XOM STK SMART,20150324,151417,84.71,1,0,0,0,0,0
XOM STK SMART,20150324,151423,84.7,1,0,0,0,0,0
XOM STK SMART,20150324,151432,84.69,1,0,0,0,0,0
XOM STK SMART,20150324,151450,84.69,1,0,0,0,0,0
XOM STK SMART,20150324,151455,84.7,1,0,0,0,0,0
XOM STK SMART,20150324,151511,84.69,1,0,0,0,0,0
XOM STK SMART,20150324,151519,84.68,1,0,0,0,0,0
XOM STK SMART,20150324,151531,84.7,1,0,0,0,0,0
XOM STK SMART,20150324,151539,84.69,1,0,0,0,0,0
XOM STK SMART,20150324,151545,84.68,3,0,0,0,0,0
XOM STK SMART,20150324,151552,84.67,1,0,0,0,0,0
XOM STK SMART,20150324,151611,84.68,1,0,0,0,0,0
XOM STK SMART,20150324,151612,84.69,1,0,0,0,0,0
XOM STK SMART,20150324,151631,84.68,1,0,0,0,0,0
XOM STK SMART,20150324,151635,84.69,1,0,0,0,0,0
XOM STK SMART,20150324,151650,84.69,1,0,0,0,0,0
XOM STK SMART,20150324,151708,84.69,1,0,0,0,0,0
XOM STK SMART,20150324,151809,84.73,1,0,0,0,0,0
XOM STK SMART,20150324,151820,84.72,1,0,0,0,0,0
XOM STK SMART,20150324,151823,84.73,1,0,0,0,0,0
XOM STK SMART,20150324,151839,84.72,1,0,0,0,0,0
XOM STK SMART,20150324,151846,84.72,1,0,0,0,0,0
XOM STK SMART,20150324,151930,84.71,1,0,0,0,0,0
XOM STK SMART,20150324,151939,84.7,1,0,0,0,0,0
XOM STK SMART,20150324,151945,84.69,1,0,0,0,0,0
XOM STK SMART,20150324,151959,84.65,1,0,0,0,0,0
XOM STK SMART,20150324,152007,84.65,1,0,0,0,0,0
XOM STK SMART,20150324,152019,84.63,1,0,0,0,0,0
XOM STK SMART,20150324,152027,84.61,1,0,0,0,0,0
XOM STK SMART,20150324,152041,84.58,1,0,0,0,0,0
XOM STK SMART,20150324,152042,84.59,1,0,0,0,0,0
XOM STK SMART,20150324,152057,84.57,1,0,0,0,0,0
XOM STK SMART,20150324,152122,84.55,1,0,0,0,0,0
XOM STK SMART,20150324,152128,84.56,1,0,0,0,0,0
XOM STK SMART,20150324,152139,84.58,1,0,0,0,0,0
XOM STK SMART,20150324,152150,84.6,1,0,0,0,0,0
XOM STK SMART,20150324,152208,84.62,1,0,0,0,0,0
XOM STK SMART,20150324,152221,84.62,3,0,0,0,0,0
XOM STK SMART,20150324,152223,84.59,1,0,0,0,0,0
XOM STK SMART,20150324,152236,84.58,1,0,0,0,0,0
XOM STK SMART,20150324,152250,84.56,1,0,0,0,0,0
XOM STK SMART,20150324,152301,84.57,1,0,0,0,0,0
XOM STK SMART,20150324,152303,84.56,1,0,0,0,0,0
XOM STK SMART,20150324,152320,84.58,1,0,0,0,0,0
XOM STK SMART,20150324,152341,84.59,1,0,0,0,0,0
XOM STK SMART,20150324,152349,84.59,1,0,0,0,0,0
XOM STK SMART,20150324,152401,84.56,1,0,0,0,0,0
XOM STK SMART,20150324,152410,84.56,1,0,0,0,0,0
XOM STK SMART,20150324,152417,84.58,1,0,0,0,0,0
XOM STK SMART,20150324,152424,84.57,1,0,0,0,0,0
XOM STK SMART,20150324,152433,84.58,1,0,0,0,0,0
XOM STK SMART,20150324,152448,84.6,1,0,0,0,0,0
XOM STK SMART,20150324,152459,84.63,1,0,0,0,0,0
XOM STK SMART,20150324,152505,84.62,1,0,0,0,0,0
XOM STK SMART,20150324,152512,84.6,1,0,0,0,0,0
XOM STK SMART,20150324,152524,84.59,1,0,0,0,0,0
XOM STK SMART,20150324,152546,84.59,1,0,0,0,0,0
XOM STK SMART,20150324,152554,84.61,1,0,0,0,0,0
XOM STK SMART,20150324,152638,84.59,1,0,0,0,0,0
XOM STK SMART,20150324,152643,84.6,1,0,0,0,0,0
XOM STK SMART,20150324,152659,84.62,1,0,0,0,0,0
XOM STK SMART,20150324,152714,84.61,1,0,0,0,0,0
XOM STK SMART,20150324,152740,84.62,1,0,0,0,0,0
XOM STK SMART,20150324,152752,84.62,1,0,0,0,0,0
XOM STK SMART,20150324,152802,84.62,2,0,0,0,0,0
XOM STK SMART,20150324,152805,84.61,1,0,0,0,0,0
XOM STK SMART,20150324,152815,84.61,1,0,0,0,0,0
XOM STK SMART,20150324,152822,84.6,1,0,0,0,0,0
XOM STK SMART,20150324,152842,84.6,1,0,0,0,0,0
XOM STK SMART,20150324,152902,84.6,1,0,0,0,0,0
XOM STK SMART,20150324,152911,84.57,1,0,0,0,0,0
XOM STK SMART,20150324,152914,84.56,1,0,0,0,0,0
XOM STK SMART,20150324,152932,84.56,1,0,0,0,0,0
XOM STK SMART,20150324,152937,84.57,1,0,0,0,0,0
XOM STK SMART,20150324,152951,84.58,1,0,0,0,0,0
XOM STK SMART,20150324,152959,84.61,1,0,0,0,0,0
XOM STK SMART,20150324,153011,84.6,1,0,0,0,0,0
XOM STK SMART,20150324,153018,84.59,1,0,0,0,0,0
XOM STK SMART,20150324,153025,84.6,1,0,0,0,0,0
XOM STK SMART,20150324,153042,84.56,1,0,0,0,0,0
XOM STK SMART,20150324,153046,84.57,1,0,0,0,0,0
XOM STK SMART,20150324,153059,84.58,1,0,0,0,0,0
XOM STK SMART,20150324,153111,84.6,2,0,0,0,0,0
XOM STK SMART,20150324,153125,84.61,1,0,0,0,0,0
XOM STK SMART,20150324,153139,84.6,1,0,0,0,0,0
XOM STK SMART,20150324,153145,84.62,1,0,0,0,0,0
XOM STK SMART,20150324,153153,84.61,1,0,0,0,0,0
XOM STK SMART,20150324,153206,84.61,3,0,0,0,0,0
XOM STK SMART,20150324,153220,84.61,1,0,0,0,0,0
XOM STK SMART,20150324,153241,84.62,1,0,0,0,0,0
XOM STK SMART,20150324,153252,84.61,1,0,0,0,0,0
XOM STK SMART,20150324,153341,84.63,1,0,0,0,0,0
XOM STK SMART,20150324,153407,84.63,1,0,0,0,0,0
XOM STK SMART,20150324,153431,84.64,1,0,0,0,0,0
XOM STK SMART,20150324,153435,84.63,1,0,0,0,0,0
XOM STK SMART,20150324,153448,84.62,2,0,0,0,0,0
XOM STK SMART,20150324,153456,84.63,1,0,0,0,0,0
XOM STK SMART,20150324,153512,84.63,1,0,0,0,0,0
XOM STK SMART,20150324,153538,84.65,1,0,0,0,0,0
XOM STK SMART,20150324,153558,84.64,1,0,0,0,0,0
XOM STK SMART,20150324,153612,84.61,1,0,0,0,0,0
XOM STK SMART,20150324,153620,84.62,1,0,0,0,0,0
XOM STK SMART,20150324,153627,84.61,1,0,0,0,0,0
XOM STK SMART,20150324,153641,84.61,1,0,0,0,0,0
XOM STK SMART,20150324,153720,84.62,1,0,0,0,0,0
XOM STK SMART,20150324,153742,84.63,1,0,0,0,0,0
XOM STK SMART,20150324,153752,84.63,1,0,0,0,0,0
XOM STK SMART,20150324,153802,84.62,1,0,0,0,0,0
XOM STK SMART,20150324,153812,84.61,1,0,0,0,0,0
XOM STK SMART,20150324,153816,84.6,1,0,0,0,0,0
XOM STK SMART,20150324,153827,84.61,1,0,0,0,0,0
XOM STK SMART,20150324,153851,84.6,1,0,0,0,0,0
XOM STK SMART,20150324,153854,84.61,1,0,0,0,0,0
XOM STK SMART,20150324,153909,84.62,1,0,0,0,0,0
XOM STK SMART,20150324,153933,84.64,1,0,0,0,0,0
XOM STK SMART,20150324,153942,84.65,1,0,0,0,0,0
XOM STK SMART,20150324,153952,84.68,1,0,0,0,0,0
XOM STK SMART,20150324,154002,84.65,1,0,0,0,0,0
XOM STK SMART,20150324,154009,84.66,1,0,0,0,0,0
XOM STK SMART,20150324,154032,84.65,1,0,0,0,0,0
XOM STK SMART,20150324,154049,84.63,1,0,0,0,0,0
XOM STK SMART,20150324,154119,84.62,1,0,0,0,0,0
XOM STK SMART,20150324,154152,84.61,1,0,0,0,0,0
XOM STK SMART,20150324,154158,84.61,1,0,0,0,0,0
XOM STK SMART,20150324,154209,84.61,1,0,0,0,0,0
XOM STK SMART,20150324,154243,84.62,1,0,0,0,0,0
XOM STK SMART,20150324,154249,84.6,1,0,0,0,0,0
XOM STK SMART,20150324,154255,84.58,1,0,0,0,0,0
XOM STK SMART,20150324,154322,84.56,1,0,0,0,0,0
XOM STK SMART,20150324,154337,84.55,1,0,0,0,0,0
XOM STK SMART,20150324,154352,84.55,2,0,0,0,0,0
XOM STK SMART,20150324,154401,84.55,1,0,0,0,0,0
XOM STK SMART,20150324,154423,84.54,1,0,0,0,0,0
XOM STK SMART,20150324,154433,84.56,2,0,0,0,0,0
XOM STK SMART,20150324,154436,84.57,1,0,0,0,0,0
XOM STK SMART,20150324,154452,84.58,1,0,0,0,0,0
XOM STK SMART,20150324,154537,84.6,1,0,0,0,0,0
XOM STK SMART,20150324,154544,84.61,1,0,0,0,0,0
XOM STK SMART,20150324,154555,84.62,1,0,0,0,0,0
XOM STK SMART,20150324,154611,84.64,1,0,0,0,0,0
XOM STK SMART,20150324,154628,84.62,1,0,0,0,0,0
XOM STK SMART,20150324,154643,84.63,1,0,0,0,0,0
XOM STK SMART,20150324,154651,84.61,1,0,0,0,0,0
XOM STK SMART,20150324,154655,84.6,1,0,0,0,0,0
XOM STK SMART,20150324,154708,84.6,1,0,0,0,0,0
XOM STK SMART,20150324,154718,84.59,1,0,0,0,0,0
XOM STK SMART,20150324,154727,84.58,1,0,0,0,0,0
XOM STK SMART,20150324,154751,84.56,1,0,0,0,0,0
XOM STK SMART,20150324,154803,84.54,1,0,0,0,0,0
XOM STK SMART,20150324,154810,84.54,1,0,0,0,0,0
XOM STK SMART,20150324,154820,84.53,1,0,0,0,0,0
XOM STK SMART,20150324,154832,84.53,1,0,0,0,0,0
XOM STK SMART,20150324,154843,84.53,1,0,0,0,0,0
XOM STK SMART,20150324,154902,84.51,1,0,0,0,0,0
XOM STK SMART,20150324,154905,84.52,1,0,0,0,0,0
XOM STK SMART,20150324,154918,84.53,1,0,0,0,0,0
XOM STK SMART,20150324,154926,84.54,1,0,0,0,0,0
XOM STK SMART,20150324,154940,84.54,1,0,0,0,0,0
XOM STK SMART,20150324,154951,84.55,1,0,0,0,0,0
XOM STK SMART,20150324,155000,84.54,1,0,0,0,0,0
XOM STK SMART,20150324,155011,84.55,1,0,0,0,0,0
XOM STK SMART,20150324,155028,84.55,1,0,0,0,0,0
XOM STK SMART,20150324,155039,84.56,1,0,0,0,0,0
XOM STK SMART,20150324,155044,84.55,1,0,0,0,0,0
XOM STK SMART,20150324,155105,84.56,1,0,0,0,0,0
XOM STK SMART,20150324,155120,84.54,1,0,0,0,0,0
XOM STK SMART,20150324,155133,84.52,1,0,0,0,0,0
XOM STK SMART,20150324,155140,84.53,1,0,0,0,0,0
XOM STK SMART,20150324,155153,84.52,1,0,0,0,0,0
XOM STK SMART,20150324,155203,84.56,5,0,0,0,0,0
XOM STK SMART,20150324,155213,84.56,1,0,0,0,0,0
XOM STK SMART,20150324,155223,84.57,1,0,0,0,0,0
XOM STK SMART,20150324,155224,84.57,1,0,0,0,0,0
XOM STK SMART,20150324,155241,84.55,1,0,0,0,0,0
XOM STK SMART,20150324,155252,84.52,1,0,0,0,0,0
XOM STK SMART,20150324,155303,84.56,1,0,0,0,0,0
XOM STK SMART,20150324,155313,84.56,1,0,0,0,0,0
XOM STK SMART,20150324,155315,84.56,1,0,0,0,0,0
XOM STK SMART,20150324,155327,84.56,1,0,0,0,0,0
XOM STK SMART,20150324,155351,84.56,1,0,0,0,0,0
XOM STK SMART,20150324,155403,84.55,1,0,0,0,0,0
XOM STK SMART,20150324,155411,84.54,4,0,0,0,0,0
XOM STK SMART,20150324,155422,84.52,1,0,0,0,0,0
XOM STK SMART,20150324,155432,84.56,1,0,0,0,0,0
XOM STK SMART,20150324,155459,84.57,1,0,0,0,0,0
XOM STK SMART,20150324,155506,84.57,1,0,0,0,0,0
XOM STK SMART,20150324,155523,84.58,1,0,0,0,0,0
XOM STK SMART,20150324,155533,84.58,2,0,0,0,0,0
XOM STK SMART,20150324,155539,84.57,1,0,0,0,0,0
XOM STK SMART,20150324,155551,84.57,1,0,0,0,0,0
XOM STK SMART,20150324,155602,84.57,1,0,0,0,0,0
XOM STK SMART,20150324,155612,84.57,1,0,0,0,0,0
XOM STK SMART,20150324,155623,84.54,1,0,0,0,0,0
XOM STK SMART,20150324,155631,84.56,1,0,0,0,0,0
XOM STK SMART,20150324,155643,84.53,1,0,0,0,0,0
XOM STK SMART,20150324,155703,84.51,1,0,0,0,0,0
XOM STK SMART,20150324,155712,84.53,1,0,0,0,0,0
XOM STK SMART,20150324,155722,84.54,1,0,0,0,0,0
XOM STK SMART,20150324,155730,84.53,1,0,0,0,0,0
XOM STK SMART,20150324,155739,84.54,1,0,0,0,0,0
XOM STK SMART,20150324,155753,84.53,1,0,0,0,0,0
XOM STK SMART,20150324,155759,84.54,1,0,0,0,0,0
XOM STK SMART,20150324,155813,84.54,1,0,0,0,0,0
XOM STK SMART,20150324,155823,84.53,1,0,0,0,0,0
XOM STK SMART,20150324,155833,84.53,12,0,0,0,0,0
XOM STK SMART,20150324,155843,84.5,1,0,0,0,0,0
XOM STK SMART,20150324,155852,84.5,2,0,0,0,0,0
XOM STK SMART,20150324,155903,84.53,1,0,0,0,0,0
XOM STK SMART,20150324,155912,84.5,1,0,0,0,0,0
XOM STK SMART,20150324,155923,84.5,1,0,0,0,0,0
XOM STK SMART,20150324,155925,84.5,1,0,0,0,0,0
XOM STK SMART,20150324,163502,84.61,7,0,0,0,0,0
