1295                
CLJ5 FUT NYMEX 1000,20150315,185220,0,0,43.68,5,0,0,0
CLJ5 FUT NYMEX 1000,20150315,185220,0,0,0,0,43.7,6,0
CLJ5 FUT NYMEX 1000,20150315,185220,43.69,1,0,0,0,0,0
CLJ5 FUT NYMEX 1000,20150315,185220,0,0,43.68,5,0,0,0
CLJ5 FUT NYMEX 1000,20150315,185220,0,0,0,0,43.7,6,0
CLJ5 FUT NYMEX 1000,20150315,185220,43.69,1,0,0,0,0,0
CLJ5 FUT NYMEX 1000,20150315,185220,0,0,0,0,43.7,14,0
CLJ5 FUT NYMEX 1000,20150315,185221,43.68,1,0,0,0,0,0
CLJ5 FUT NYMEX 1000,20150315,185221,43.68,9,0,0,0,0,0
CLJ5 FUT NYMEX 1000,20150315,185221,43.68,9,0,0,0,0,0
CLJ5 FUT NYMEX 1000,20150315,185221,0,0,43.67,5,0,0,0
CLJ5 FUT NYMEX 1000,20150315,185221,0,0,43.67,8,0,0,0
CLJ5 FUT NYMEX 1000,20150315,185221,0,0,0,0,43.69,14,0
CLJ5 FUT NYMEX 1000,20150315,185221,0,0,0,0,43.69,1,0
CLJ5 FUT NYMEX 1000,20150315,185221,0,0,43.67,8,0,0,0
CLJ5 FUT NYMEX 1000,20150315,185221,0,0,0,0,43.69,1,0
CLJ5 FUT NYMEX 1000,20150315,185221,0,0,43.67,9,0,0,0
CLJ5 FUT NYMEX 1000,20150315,185221,0,0,0,0,43.69,9,0
CLJ5 FUT NYMEX 1000,20150315,185222,0,0,43.67,6,0,0,0
CLJ5 FUT NYMEX 1000,20150315,185222,0,0,0,0,43.69,10,0
CLJ5 FUT NYMEX 1000,20150315,185223,43.68,3,0,0,0,0,0
CLJ5 FUT NYMEX 1000,20150315,185223,0,0,0,0,43.68,10,0
CLJ5 FUT NYMEX 1000,20150315,185223,0,0,0,0,43.68,3,0
CLJ5 FUT NYMEX 1000,20150315,185223,0,0,43.67,3,0,0,0
CLJ5 FUT NYMEX 1000,20150315,185223,0,0,0,0,43.68,3,0
CLJ5 FUT NYMEX 1000,20150315,185223,0,0,0,0,43.68,6,0
CLJ5 FUT NYMEX 1000,20150315,185223,0,0,43.67,4,0,0,0
CLJ5 FUT NYMEX 1000,20150315,185223,0,0,0,0,43.68,21,0
CLJ5 FUT NYMEX 1000,20150315,185224,43.67,3,0,0,0,0,0
CLJ5 FUT NYMEX 1000,20150315,185224,43.67,2,0,0,0,0,0
CLJ5 FUT NYMEX 1000,20150315,185224,43.67,2,0,0,0,0,0
CLJ5 FUT NYMEX 1000,20150315,185224,0,0,43.66,4,0,0,0
CLJ5 FUT NYMEX 1000,20150315,185224,0,0,43.66,28,0,0,0
CLJ5 FUT NYMEX 1000,20150315,185224,0,0,43.66,28,0,0,0
CLJ5 FUT NYMEX 1000,20150315,185224,0,0,0,0,43.67,21,0
CLJ5 FUT NYMEX 1000,20150315,185224,0,0,0,0,43.67,2,0
CLJ5 FUT NYMEX 1000,20150315,185224,0,0,0,0,43.67,2,0
CLJ5 FUT NYMEX 1000,20150315,185224,43.66,2,0,0,0,0,0
CLJ5 FUT NYMEX 1000,20150315,185224,43.66,1,0,0,0,0,0
CLJ5 FUT NYMEX 1000,20150315,185224,43.66,1,0,0,0,0,0
CLJ5 FUT NYMEX 1000,20150315,185224,0,0,43.66,20,0,0,0
CLJ5 FUT NYMEX 1000,20150315,185224,0,0,0,0,43.67,11,0
CLJ5 FUT NYMEX 1000,20150315,185225,0,0,43.65,20,0,0,0
CLJ5 FUT NYMEX 1000,20150315,185225,0,0,43.65,12,0,0,0
CLJ5 FUT NYMEX 1000,20150315,185225,0,0,43.65,12,0,0,0
CLJ5 FUT NYMEX 1000,20150315,185225,0,0,0,0,43.67,13,0
CLJ5 FUT NYMEX 1000,20150315,185225,0,0,0,0,43.66,13,0
CLJ5 FUT NYMEX 1000,20150315,185225,0,0,0,0,43.66,4,0
CLJ5 FUT NYMEX 1000,20150315,185225,0,0,43.65,16,0,0,0
CLJ5 FUT NYMEX 1000,20150315,185225,0,0,0,0,43.66,4,0
CLJ5 FUT NYMEX 1000,20150315,185225,43.66,23,0,0,0,0,0
CLJ5 FUT NYMEX 1000,20150315,185225,0,0,0,0,43.66,13,0
CLJ5 FUT NYMEX 1000,20150315,185226,43.65,23,0,0,0,0,0
CLJ5 FUT NYMEX 1000,20150315,185226,43.65,1,0,0,0,0,0
CLJ5 FUT NYMEX 1000,20150315,185226,43.65,1,0,0,0,0,0
CLJ5 FUT NYMEX 1000,20150315,185226,0,0,43.65,5,0,0,0
CLJ5 FUT NYMEX 1000,20150315,185226,0,0,0,0,43.66,12,0
CLJ5 FUT NYMEX 1000,20150315,185226,43.64,1,0,0,0,0,0
CLJ5 FUT NYMEX 1000,20150315,185226,43.64,4,0,0,0,0,0
CLJ5 FUT NYMEX 1000,20150315,185226,43.64,4,0,0,0,0,0
CLJ5 FUT NYMEX 1000,20150315,185226,0,0,43.63,5,0,0,0
CLJ5 FUT NYMEX 1000,20150315,185226,0,0,43.63,3,0,0,0
CLJ5 FUT NYMEX 1000,20150315,185226,0,0,0,0,43.65,12,0
CLJ5 FUT NYMEX 1000,20150315,185226,0,0,0,0,43.65,1,0
CLJ5 FUT NYMEX 1000,20150315,185226,0,0,43.63,3,0,0,0
CLJ5 FUT NYMEX 1000,20150315,185226,0,0,0,0,43.65,1,0
CLJ5 FUT NYMEX 1000,20150315,185226,0,0,0,0,43.65,2,0
CLJ5 FUT NYMEX 1000,20150315,185226,43.63,4,0,0,0,0,0
CLJ5 FUT NYMEX 1000,20150315,185226,43.63,4,0,0,0,0,0
CLJ5 FUT NYMEX 1000,20150315,185226,0,0,43.62,3,0,0,0
CLJ5 FUT NYMEX 1000,20150315,185226,0,0,43.62,3,0,0,0
CLJ5 FUT NYMEX 1000,20150315,185226,0,0,0,0,43.64,2,0
CLJ5 FUT NYMEX 1000,20150315,185226,0,0,0,0,43.64,1,0
CLJ5 FUT NYMEX 1000,20150315,185226,0,0,0,0,43.64,1,0
CLJ5 FUT NYMEX 1000,20150315,185227,43.62,4,0,0,0,0,0
CLJ5 FUT NYMEX 1000,20150315,185227,43.62,1,0,0,0,0,0
CLJ5 FUT NYMEX 1000,20150315,185227,43.62,1,0,0,0,0,0
CLJ5 FUT NYMEX 1000,20150315,185227,0,0,43.62,2,0,0,0
CLJ5 FUT NYMEX 1000,20150315,185227,0,0,0,0,43.64,9,0
CLJ5 FUT NYMEX 1000,20150315,185227,43.63,1,0,0,0,0,0
CLJ5 FUT NYMEX 1000,20150315,185227,43.63,2,0,0,0,0,0
CLJ5 FUT NYMEX 1000,20150315,185227,43.63,2,0,0,0,0,0
CLJ5 FUT NYMEX 1000,20150315,185227,43.62,2,0,0,0,0,0
CLJ5 FUT NYMEX 1000,20150315,185227,43.62,1,0,0,0,0,0
CLJ5 FUT NYMEX 1000,20150315,185227,43.62,1,0,0,0,0,0
CLJ5 FUT NYMEX 1000,20150315,185227,0,0,43.62,3,0,0,0
CLJ5 FUT NYMEX 1000,20150315,185227,0,0,0,0,43.64,8,0
CLJ5 FUT NYMEX 1000,20150315,185227,0,0,43.63,3,0,0,0
CLJ5 FUT NYMEX 1000,20150315,185227,0,0,43.63,1,0,0,0
CLJ5 FUT NYMEX 1000,20150315,185227,0,0,43.63,1,0,0,0
CLJ5 FUT NYMEX 1000,20150315,185227,43.63,1,0,0,0,0,0
CLJ5 FUT NYMEX 1000,20150315,185227,43.63,1,0,0,0,0,0
CLJ5 FUT NYMEX 1000,20150315,185227,0,0,43.62,1,0,0,0
CLJ5 FUT NYMEX 1000,20150315,185227,0,0,43.62,3,0,0,0
CLJ5 FUT NYMEX 1000,20150315,185227,0,0,43.62,3,0,0,0
CLJ5 FUT NYMEX 1000,20150315,185228,43.62,1,0,0,0,0,0
CLJ5 FUT NYMEX 1000,20150315,185228,43.62,3,0,0,0,0,0
CLJ5 FUT NYMEX 1000,20150315,185228,43.62,3,0,0,0,0,0
CLJ5 FUT NYMEX 1000,20150315,185228,0,0,0,0,43.64,11,0
CLJ5 FUT NYMEX 1000,20150315,185228,0,0,0,0,43.63,11,0
CLJ5 FUT NYMEX 1000,20150315,185228,0,0,0,0,43.63,1,0
CLJ5 FUT NYMEX 1000,20150315,185228,0,0,43.62,1,0,0,0
CLJ5 FUT NYMEX 1000,20150315,185228,0,0,0,0,43.63,1,0
CLJ5 FUT NYMEX 1000,20150315,185228,0,0,43.63,1,0,0,0
CLJ5 FUT NYMEX 1000,20150315,185228,0,0,43.63,1,0,0,0
CLJ5 FUT NYMEX 1000,20150315,185228,0,0,0,0,43.64,1,0
CLJ5 FUT NYMEX 1000,20150315,185228,0,0,0,0,43.64,11,0
CLJ5 FUT NYMEX 1000,20150315,185228,0,0,0,0,43.64,11,0
CLJ5 FUT NYMEX 1000,20150315,185229,43.62,5,0,0,0,0,0
CLJ5 FUT NYMEX 1000,20150315,185229,0,0,43.61,1,0,0,0
CLJ5 FUT NYMEX 1000,20150315,185229,0,0,43.61,12,0,0,0
CLJ5 FUT NYMEX 1000,20150315,185229,0,0,0,0,43.63,11,0
CLJ5 FUT NYMEX 1000,20150315,185229,0,0,0,0,43.63,1,0
CLJ5 FUT NYMEX 1000,20150315,185229,0,0,43.61,12,0,0,0
CLJ5 FUT NYMEX 1000,20150315,185229,0,0,0,0,43.63,1,0
CLJ5 FUT NYMEX 1000,20150315,185229,43.57,5,0,0,0,0,0
CLJ5 FUT NYMEX 1000,20150315,185229,43.57,17,0,0,0,0,0
CLJ5 FUT NYMEX 1000,20150315,185229,43.57,17,0,0,0,0,0
CLJ5 FUT NYMEX 1000,20150315,185229,0,0,43.58,12,0,0,0
CLJ5 FUT NYMEX 1000,20150315,185229,0,0,43.58,2,0,0,0
CLJ5 FUT NYMEX 1000,20150315,185229,0,0,0,0,43.6,1,0
CLJ5 FUT NYMEX 1000,20150315,185229,0,0,0,0,43.6,2,0
CLJ5 FUT NYMEX 1000,20150315,185229,0,0,43.58,2,0,0,0
CLJ5 FUT NYMEX 1000,20150315,185229,0,0,0,0,43.6,2,0
CLJ5 FUT NYMEX 1000,20150315,185229,0,0,0,0,43.6,1,0
CLJ5 FUT NYMEX 1000,20150315,185229,0,0,0,0,43.59,1,0
CLJ5 FUT NYMEX 1000,20150315,185229,0,0,0,0,43.59,1,0
CLJ5 FUT NYMEX 1000,20150315,185229,0,0,43.58,3,0,0,0
CLJ5 FUT NYMEX 1000,20150315,185230,43.57,10,0,0,0,0,0
CLJ5 FUT NYMEX 1000,20150315,185230,0,0,0,0,43.6,1,0
CLJ5 FUT NYMEX 1000,20150315,185230,0,0,0,0,43.6,9,0
CLJ5 FUT NYMEX 1000,20150315,185230,0,0,0,0,43.6,9,0
CLJ5 FUT NYMEX 1000,20150315,185230,0,0,0,0,43.59,9,0
CLJ5 FUT NYMEX 1000,20150315,185230,0,0,0,0,43.59,3,0
CLJ5 FUT NYMEX 1000,20150315,185230,0,0,0,0,43.59,3,0
CLJ5 FUT NYMEX 1000,20150315,185230,43.59,10,0,0,0,0,0
CLJ5 FUT NYMEX 1000,20150315,185230,43.59,2,0,0,0,0,0
CLJ5 FUT NYMEX 1000,20150315,185230,43.59,2,0,0,0,0,0
CLJ5 FUT NYMEX 1000,20150315,185230,0,0,43.58,2,0,0,0
CLJ5 FUT NYMEX 1000,20150315,185230,0,0,0,0,43.59,2,0
CLJ5 FUT NYMEX 1000,20150315,185230,0,0,0,0,43.59,1,0
CLJ5 FUT NYMEX 1000,20150315,185230,43.57,2,0,0,0,0,0
CLJ5 FUT NYMEX 1000,20150315,185230,43.57,2,0,0,0,0,0
CLJ5 FUT NYMEX 1000,20150315,185230,0,0,43.58,3,0,0,0
CLJ5 FUT NYMEX 1000,20150315,185230,0,0,0,0,43.59,2,0
CLJ5 FUT NYMEX 1000,20150315,185231,0,0,0,0,43.59,9,0
CLJ5 FUT NYMEX 1000,20150315,185231,43.59,2,0,0,0,0,0
CLJ5 FUT NYMEX 1000,20150315,185231,43.59,1,0,0,0,0,0
CLJ5 FUT NYMEX 1000,20150315,185231,43.59,1,0,0,0,0,0
CLJ5 FUT NYMEX 1000,20150315,185231,0,0,43.58,4,0,0,0
CLJ5 FUT NYMEX 1000,20150315,185231,0,0,0,0,43.59,4,0
CLJ5 FUT NYMEX 1000,20150315,185231,43.59,5,0,0,0,0,0
CLJ5 FUT NYMEX 1000,20150315,185232,0,0,0,0,43.6,4,0
CLJ5 FUT NYMEX 1000,20150315,185232,0,0,0,0,43.6,1,0
CLJ5 FUT NYMEX 1000,20150315,185232,0,0,43.58,3,0,0,0
CLJ5 FUT NYMEX 1000,20150315,185232,0,0,0,0,43.6,1,0
CLJ5 FUT NYMEX 1000,20150315,185232,0,0,43.59,3,0,0,0
CLJ5 FUT NYMEX 1000,20150315,185232,0,0,43.59,1,0,0,0
CLJ5 FUT NYMEX 1000,20150315,185232,0,0,43.59,1,0,0,0
CLJ5 FUT NYMEX 1000,20150315,185232,0,0,43.59,2,0,0,0
CLJ5 FUT NYMEX 1000,20150315,185233,43.6,5,0,0,0,0,0
CLJ5 FUT NYMEX 1000,20150315,185233,43.6,1,0,0,0,0,0
CLJ5 FUT NYMEX 1000,20150315,185233,43.6,1,0,0,0,0,0
CLJ5 FUT NYMEX 1000,20150315,185233,0,0,0,0,43.61,1,0
CLJ5 FUT NYMEX 1000,20150315,185233,0,0,0,0,43.61,2,0
CLJ5 FUT NYMEX 1000,20150315,185233,0,0,43.59,4,0,0,0
CLJ5 FUT NYMEX 1000,20150315,185233,0,0,0,0,43.61,2,0
CLJ5 FUT NYMEX 1000,20150315,185233,43.59,1,0,0,0,0,0
CLJ5 FUT NYMEX 1000,20150315,185233,43.59,1,0,0,0,0,0
CLJ5 FUT NYMEX 1000,20150315,185233,0,0,43.58,4,0,0,0
CLJ5 FUT NYMEX 1000,20150315,185233,0,0,43.58,6,0,0,0
CLJ5 FUT NYMEX 1000,20150315,185233,0,0,0,0,43.59,2,0
CLJ5 FUT NYMEX 1000,20150315,185233,0,0,0,0,43.59,1,0
CLJ5 FUT NYMEX 1000,20150315,185233,0,0,43.58,6,0,0,0
CLJ5 FUT NYMEX 1000,20150315,185233,0,0,0,0,43.59,1,0
CLJ5 FUT NYMEX 1000,20150315,185234,0,0,0,0,43.6,1,0
CLJ5 FUT NYMEX 1000,20150315,185234,0,0,0,0,43.6,3,0
CLJ5 FUT NYMEX 1000,20150315,185234,0,0,43.58,14,0,0,0
CLJ5 FUT NYMEX 1000,20150315,185234,0,0,0,0,43.6,3,0
CLJ5 FUT NYMEX 1000,20150315,185234,43.59,5,0,0,0,0,0
CLJ5 FUT NYMEX 1000,20150315,185235,43.6,5,0,0,0,0,0
CLJ5 FUT NYMEX 1000,20150315,185235,43.6,2,0,0,0,0,0
CLJ5 FUT NYMEX 1000,20150315,185235,43.6,2,0,0,0,0,0
CLJ5 FUT NYMEX 1000,20150315,185235,0,0,0,0,43.61,3,0
CLJ5 FUT NYMEX 1000,20150315,185235,0,0,0,0,43.61,3,0
CLJ5 FUT NYMEX 1000,20150315,185235,43.58,2,0,0,0,0,0
CLJ5 FUT NYMEX 1000,20150315,185235,43.58,5,0,0,0,0,0
CLJ5 FUT NYMEX 1000,20150315,185235,43.58,5,0,0,0,0,0
CLJ5 FUT NYMEX 1000,20150315,185235,0,0,0,0,43.6,3,0
CLJ5 FUT NYMEX 1000,20150315,185235,0,0,0,0,43.6,2,0
CLJ5 FUT NYMEX 1000,20150315,185235,0,0,0,0,43.6,2,0
CLJ5 FUT NYMEX 1000,20150315,185235,43.6,5,0,0,0,0,0
CLJ5 FUT NYMEX 1000,20150315,185235,43.6,2,0,0,0,0,0
CLJ5 FUT NYMEX 1000,20150315,185235,43.6,2,0,0,0,0,0
CLJ5 FUT NYMEX 1000,20150315,185235,0,0,43.6,14,0,0,0
CLJ5 FUT NYMEX 1000,20150315,185235,0,0,43.6,1,0,0,0
CLJ5 FUT NYMEX 1000,20150315,185235,0,0,0,0,43.61,2,0
CLJ5 FUT NYMEX 1000,20150315,185235,0,0,0,0,43.61,4,0
CLJ5 FUT NYMEX 1000,20150315,185235,0,0,43.6,1,0,0,0
CLJ5 FUT NYMEX 1000,20150315,185235,0,0,0,0,43.61,4,0
CLJ5 FUT NYMEX 1000,20150315,185235,0,0,43.6,3,0,0,0
CLJ5 FUT NYMEX 1000,20150315,185235,0,0,0,0,43.61,3,0
CLJ5 FUT NYMEX 1000,20150315,185235,0,0,43.6,4,0,0,0
CLJ5 FUT NYMEX 1000,20150315,185236,43.6,6,0,0,0,0,0
CLJ5 FUT NYMEX 1000,20150315,185236,0,0,43.6,5,0,0,0
CLJ5 FUT NYMEX 1000,20150315,185236,0,0,0,0,43.61,1,0
CLJ5 FUT NYMEX 1000,20150315,185236,0,0,43.59,5,0,0,0
CLJ5 FUT NYMEX 1000,20150315,185236,0,0,43.59,6,0,0,0
CLJ5 FUT NYMEX 1000,20150315,185236,0,0,43.59,6,0,0,0
CLJ5 FUT NYMEX 1000,20150315,185236,43.61,6,0,0,0,0,0
CLJ5 FUT NYMEX 1000,20150315,185236,43.61,2,0,0,0,0,0
CLJ5 FUT NYMEX 1000,20150315,185236,43.61,2,0,0,0,0,0
CLJ5 FUT NYMEX 1000,20150315,185236,0,0,43.6,6,0,0,0
CLJ5 FUT NYMEX 1000,20150315,185236,0,0,43.6,1,0,0,0
CLJ5 FUT NYMEX 1000,20150315,185236,0,0,43.6,1,0,0,0
CLJ5 FUT NYMEX 1000,20150315,185236,0,0,0,0,43.62,1,0
CLJ5 FUT NYMEX 1000,20150315,185236,0,0,0,0,43.62,5,0
CLJ5 FUT NYMEX 1000,20150315,185236,0,0,0,0,43.62,5,0
CLJ5 FUT NYMEX 1000,20150315,185237,0,0,0,0,43.61,5,0
CLJ5 FUT NYMEX 1000,20150315,185237,0,0,0,0,43.61,1,0
CLJ5 FUT NYMEX 1000,20150315,185237,0,0,0,0,43.61,1,0
CLJ5 FUT NYMEX 1000,20150315,185238,43.61,1,0,0,0,0,0
CLJ5 FUT NYMEX 1000,20150315,185238,0,0,0,0,43.61,2,0
CLJ5 FUT NYMEX 1000,20150315,185239,43.6,1,0,0,0,0,0
CLJ5 FUT NYMEX 1000,20150315,185239,43.6,1,0,0,0,0,0
CLJ5 FUT NYMEX 1000,20150315,185239,0,0,0,0,43.61,3,0
CLJ5 FUT NYMEX 1000,20150315,185239,0,0,43.59,1,0,0,0
CLJ5 FUT NYMEX 1000,20150315,185239,0,0,43.59,6,0,0,0
CLJ5 FUT NYMEX 1000,20150315,185239,0,0,43.59,6,0,0,0
CLJ5 FUT NYMEX 1000,20150315,185239,43.61,1,0,0,0,0,0
CLJ5 FUT NYMEX 1000,20150315,185239,43.61,2,0,0,0,0,0
CLJ5 FUT NYMEX 1000,20150315,185239,43.61,2,0,0,0,0,0
CLJ5 FUT NYMEX 1000,20150315,185239,0,0,43.6,6,0,0,0
CLJ5 FUT NYMEX 1000,20150315,185239,0,0,43.6,1,0,0,0
CLJ5 FUT NYMEX 1000,20150315,185239,0,0,43.6,1,0,0,0
CLJ5 FUT NYMEX 1000,20150315,185239,0,0,0,0,43.61,2,0
CLJ5 FUT NYMEX 1000,20150315,185239,43.6,2,0,0,0,0,0
CLJ5 FUT NYMEX 1000,20150315,185239,43.6,1,0,0,0,0,0
CLJ5 FUT NYMEX 1000,20150315,185239,43.6,1,0,0,0,0,0
CLJ5 FUT NYMEX 1000,20150315,185239,0,0,43.59,1,0,0,0
CLJ5 FUT NYMEX 1000,20150315,185239,0,0,43.59,6,0,0,0
CLJ5 FUT NYMEX 1000,20150315,185239,0,0,43.59,6,0,0,0
CLJ5 FUT NYMEX 1000,20150315,185240,43.59,1,0,0,0,0,0
CLJ5 FUT NYMEX 1000,20150315,185240,43.59,1,0,0,0,0,0
CLJ5 FUT NYMEX 1000,20150315,185241,0,0,43.59,5,0,0,0
CLJ5 FUT NYMEX 1000,20150315,185241,0,0,43.6,5,0,0,0
CLJ5 FUT NYMEX 1000,20150315,185241,0,0,43.6,1,0,0,0
CLJ5 FUT NYMEX 1000,20150315,185241,0,0,43.6,1,0,0,0
CLJ5 FUT NYMEX 1000,20150315,185244,43.61,1,0,0,0,0,0
CLJ5 FUT NYMEX 1000,20150315,185244,43.61,1,0,0,0,0,0
CLJ5 FUT NYMEX 1000,20150315,185244,0,0,0,0,43.62,2,0
CLJ5 FUT NYMEX 1000,20150315,185244,0,0,0,0,43.62,5,0
CLJ5 FUT NYMEX 1000,20150315,185244,0,0,43.6,2,0,0,0
CLJ5 FUT NYMEX 1000,20150315,185244,0,0,0,0,43.62,5,0
CLJ5 FUT NYMEX 1000,20150315,185244,0,0,43.61,2,0,0,0
CLJ5 FUT NYMEX 1000,20150315,185244,0,0,43.61,1,0,0,0
CLJ5 FUT NYMEX 1000,20150315,185244,0,0,43.61,1,0,0,0
CLJ5 FUT NYMEX 1000,20150315,185245,43.62,1,0,0,0,0,0
CLJ5 FUT NYMEX 1000,20150315,185245,43.62,2,0,0,0,0,0
CLJ5 FUT NYMEX 1000,20150315,185245,43.62,2,0,0,0,0,0
CLJ5 FUT NYMEX 1000,20150315,185245,0,0,43.61,3,0,0,0
CLJ5 FUT NYMEX 1000,20150315,185245,0,0,0,0,43.62,1,0
CLJ5 FUT NYMEX 1000,20150315,185245,0,0,0,0,43.63,1,0
CLJ5 FUT NYMEX 1000,20150315,185245,0,0,0,0,43.63,2,0
CLJ5 FUT NYMEX 1000,20150315,185245,0,0,0,0,43.63,2,0
CLJ5 FUT NYMEX 1000,20150315,185245,0,0,43.62,3,0,0,0
CLJ5 FUT NYMEX 1000,20150315,185245,0,0,43.62,10,0,0,0
CLJ5 FUT NYMEX 1000,20150315,185245,0,0,43.62,10,0,0,0
CLJ5 FUT NYMEX 1000,20150315,185246,43.64,2,0,0,0,0,0
CLJ5 FUT NYMEX 1000,20150315,185246,43.64,4,0,0,0,0,0
CLJ5 FUT NYMEX 1000,20150315,185246,43.64,4,0,0,0,0,0
CLJ5 FUT NYMEX 1000,20150315,185246,0,0,43.64,10,0,0,0
CLJ5 FUT NYMEX 1000,20150315,185246,0,0,43.64,1,0,0,0
CLJ5 FUT NYMEX 1000,20150315,185246,0,0,0,0,43.65,2,0
CLJ5 FUT NYMEX 1000,20150315,185246,0,0,0,0,43.65,5,0
CLJ5 FUT NYMEX 1000,20150315,185246,0,0,43.64,1,0,0,0
CLJ5 FUT NYMEX 1000,20150315,185246,0,0,0,0,43.65,5,0
CLJ5 FUT NYMEX 1000,20150315,185246,43.64,3,0,0,0,0,0
CLJ5 FUT NYMEX 1000,20150315,185247,0,0,43.63,1,0,0,0
CLJ5 FUT NYMEX 1000,20150315,185247,0,0,43.63,5,0,0,0
CLJ5 FUT NYMEX 1000,20150315,185247,0,0,43.63,5,0,0,0
CLJ5 FUT NYMEX 1000,20150315,185247,43.64,2,0,0,0,0,0
CLJ5 FUT NYMEX 1000,20150315,185247,0,0,0,0,43.64,5,0
CLJ5 FUT NYMEX 1000,20150315,185247,0,0,0,0,43.64,2,0
CLJ5 FUT NYMEX 1000,20150315,185247,0,0,43.63,4,0,0,0
CLJ5 FUT NYMEX 1000,20150315,185247,0,0,0,0,43.64,2,0
CLJ5 FUT NYMEX 1000,20150315,185247,0,0,0,0,43.65,2,0
CLJ5 FUT NYMEX 1000,20150315,185247,0,0,0,0,43.65,4,0
CLJ5 FUT NYMEX 1000,20150315,185247,0,0,0,0,43.65,4,0
CLJ5 FUT NYMEX 1000,20150315,185248,43.66,2,0,0,0,0,0
CLJ5 FUT NYMEX 1000,20150315,185248,43.66,2,0,0,0,0,0
CLJ5 FUT NYMEX 1000,20150315,185248,0,0,43.64,4,0,0,0
CLJ5 FUT NYMEX 1000,20150315,185248,0,0,43.64,1,0,0,0
CLJ5 FUT NYMEX 1000,20150315,185248,0,0,0,0,43.66,4,0
CLJ5 FUT NYMEX 1000,20150315,185248,0,0,0,0,43.66,2,0
CLJ5 FUT NYMEX 1000,20150315,185248,0,0,43.64,1,0,0,0
CLJ5 FUT NYMEX 1000,20150315,185248,0,0,0,0,43.66,2,0
CLJ5 FUT NYMEX 1000,20150315,185248,43.64,2,0,0,0,0,0
CLJ5 FUT NYMEX 1000,20150315,185248,43.64,1,0,0,0,0,0
CLJ5 FUT NYMEX 1000,20150315,185248,43.64,1,0,0,0,0,0
CLJ5 FUT NYMEX 1000,20150315,185248,0,0,43.63,1,0,0,0
CLJ5 FUT NYMEX 1000,20150315,185248,0,0,43.63,4,0,0,0
CLJ5 FUT NYMEX 1000,20150315,185248,0,0,0,0,43.65,2,0
CLJ5 FUT NYMEX 1000,20150315,185248,0,0,0,0,43.65,1,0
CLJ5 FUT NYMEX 1000,20150315,185248,0,0,43.63,4,0,0,0
CLJ5 FUT NYMEX 1000,20150315,185248,0,0,0,0,43.65,1,0
CLJ5 FUT NYMEX 1000,20150315,185249,0,0,0,0,43.65,2,0
CLJ5 FUT NYMEX 1000,20150315,185249,0,0,0,0,43.65,1,0
CLJ5 FUT NYMEX 1000,20150315,185249,0,0,0,0,43.66,1,0
CLJ5 FUT NYMEX 1000,20150315,185249,0,0,0,0,43.66,4,0
CLJ5 FUT NYMEX 1000,20150315,185249,0,0,0,0,43.66,4,0
CLJ5 FUT NYMEX 1000,20150315,185250,0,0,0,0,43.65,4,0
CLJ5 FUT NYMEX 1000,20150315,185250,0,0,0,0,43.65,3,0
CLJ5 FUT NYMEX 1000,20150315,185250,0,0,0,0,43.65,3,0
CLJ5 FUT NYMEX 1000,20150315,185251,0,0,0,0,43.64,3,0
CLJ5 FUT NYMEX 1000,20150315,185251,0,0,0,0,43.64,2,0
CLJ5 FUT NYMEX 1000,20150315,185251,0,0,0,0,43.64,2,0
CLJ5 FUT NYMEX 1000,20150315,185251,0,0,0,0,43.64,9,0
CLJ5 FUT NYMEX 1000,20150315,185251,43.61,1,0,0,0,0,0
CLJ5 FUT NYMEX 1000,20150315,185251,43.61,1,0,0,0,0,0
CLJ5 FUT NYMEX 1000,20150315,185251,0,0,43.61,4,0,0,0
CLJ5 FUT NYMEX 1000,20150315,185251,0,0,43.61,3,0,0,0
CLJ5 FUT NYMEX 1000,20150315,185251,0,0,0,0,43.62,9,0
CLJ5 FUT NYMEX 1000,20150315,185251,0,0,0,0,43.62,1,0
CLJ5 FUT NYMEX 1000,20150315,185251,0,0,43.61,3,0,0,0
CLJ5 FUT NYMEX 1000,20150315,185251,0,0,0,0,43.62,1,0
CLJ5 FUT NYMEX 1000,20150315,185251,43.63,1,0,0,0,0,0
CLJ5 FUT NYMEX 1000,20150315,185251,43.63,1,0,0,0,0,0
CLJ5 FUT NYMEX 1000,20150315,185251,0,0,43.62,3,0,0,0
CLJ5 FUT NYMEX 1000,20150315,185251,0,0,43.62,4,0,0,0
CLJ5 FUT NYMEX 1000,20150315,185251,0,0,0,0,43.63,1,0
CLJ5 FUT NYMEX 1000,20150315,185251,0,0,0,0,43.63,4,0
CLJ5 FUT NYMEX 1000,20150315,185251,0,0,43.62,4,0,0,0
CLJ5 FUT NYMEX 1000,20150315,185251,0,0,0,0,43.63,4,0
CLJ5 FUT NYMEX 1000,20150315,185251,43.62,1,0,0,0,0,0
CLJ5 FUT NYMEX 1000,20150315,185251,43.62,1,0,0,0,0,0
CLJ5 FUT NYMEX 1000,20150315,185251,0,0,43.62,2,0,0,0
CLJ5 FUT NYMEX 1000,20150315,185251,0,0,0,0,43.63,5,0
CLJ5 FUT NYMEX 1000,20150315,185252,0,0,43.61,2,0,0,0
CLJ5 FUT NYMEX 1000,20150315,185252,0,0,43.61,3,0,0,0
CLJ5 FUT NYMEX 1000,20150315,185252,0,0,43.61,3,0,0,0
CLJ5 FUT NYMEX 1000,20150315,185252,0,0,0,0,43.63,12,0
CLJ5 FUT NYMEX 1000,20150315,185252,0,0,0,0,43.62,12,0
CLJ5 FUT NYMEX 1000,20150315,185252,0,0,0,0,43.62,2,0
CLJ5 FUT NYMEX 1000,20150315,185252,0,0,43.61,1,0,0,0
CLJ5 FUT NYMEX 1000,20150315,185252,0,0,0,0,43.62,2,0
CLJ5 FUT NYMEX 1000,20150315,185252,0,0,0,0,43.62,1,0
CLJ5 FUT NYMEX 1000,20150315,185253,0,0,0,0,43.62,3,0
CLJ5 FUT NYMEX 1000,20150315,185253,43.62,4,0,0,0,0,0
CLJ5 FUT NYMEX 1000,20150315,185254,0,0,43.61,2,0,0,0
CLJ5 FUT NYMEX 1000,20150315,185254,0,0,0,0,43.62,8,0
CLJ5 FUT NYMEX 1000,20150315,185254,0,0,43.62,2,0,0,0
CLJ5 FUT NYMEX 1000,20150315,185254,0,0,43.62,3,0,0,0
CLJ5 FUT NYMEX 1000,20150315,185254,0,0,0,0,43.63,8,0
CLJ5 FUT NYMEX 1000,20150315,185254,0,0,0,0,43.63,1,0
CLJ5 FUT NYMEX 1000,20150315,185254,0,0,43.62,3,0,0,0
CLJ5 FUT NYMEX 1000,20150315,185254,0,0,0,0,43.63,1,0
CLJ5 FUT NYMEX 1000,20150315,185255,43.62,9,0,0,0,0,0
CLJ5 FUT NYMEX 1000,20150315,185255,0,0,43.62,18,0,0,0
CLJ5 FUT NYMEX 1000,20150315,185255,0,0,43.62,4,0,0,0
CLJ5 FUT NYMEX 1000,20150315,185255,0,0,0,0,43.63,2,0
CLJ5 FUT NYMEX 1000,20150315,185255,43.63,9,0,0,0,0,0
CLJ5 FUT NYMEX 1000,20150315,185255,43.63,2,0,0,0,0,0
CLJ5 FUT NYMEX 1000,20150315,185255,43.63,2,0,0,0,0,0
CLJ5 FUT NYMEX 1000,20150315,185255,0,0,0,0,43.64,2,0
CLJ5 FUT NYMEX 1000,20150315,185255,0,0,0,0,43.64,4,0
CLJ5 FUT NYMEX 1000,20150315,185255,0,0,43.62,5,0,0,0
CLJ5 FUT NYMEX 1000,20150315,185255,0,0,0,0,43.64,4,0
CLJ5 FUT NYMEX 1000,20150315,185255,43.64,2,0,0,0,0,0
CLJ5 FUT NYMEX 1000,20150315,185255,43.64,1,0,0,0,0,0
CLJ5 FUT NYMEX 1000,20150315,185255,43.64,1,0,0,0,0,0
CLJ5 FUT NYMEX 1000,20150315,185255,0,0,43.63,5,0,0,0
CLJ5 FUT NYMEX 1000,20150315,185255,0,0,43.63,1,0,0,0
CLJ5 FUT NYMEX 1000,20150315,185255,0,0,0,0,43.65,4,0
CLJ5 FUT NYMEX 1000,20150315,185255,0,0,0,0,43.65,4,0
CLJ5 FUT NYMEX 1000,20150315,185255,0,0,43.63,1,0,0,0
CLJ5 FUT NYMEX 1000,20150315,185255,0,0,0,0,43.64,4,0
CLJ5 FUT NYMEX 1000,20150315,185255,0,0,0,0,43.64,1,0
CLJ5 FUT NYMEX 1000,20150315,185255,0,0,0,0,43.64,1,0
CLJ5 FUT NYMEX 1000,20150315,185256,0,0,0,0,43.64,2,0
CLJ5 FUT NYMEX 1000,20150315,185256,0,0,0,0,43.64,1,0
CLJ5 FUT NYMEX 1000,20150315,185256,43.65,1,0,0,0,0,0
CLJ5 FUT NYMEX 1000,20150315,185256,43.65,1,0,0,0,0,0
CLJ5 FUT NYMEX 1000,20150315,185256,0,0,0,0,43.65,1,0
CLJ5 FUT NYMEX 1000,20150315,185256,0,0,0,0,43.65,2,0
CLJ5 FUT NYMEX 1000,20150315,185256,0,0,0,0,43.65,2,0
CLJ5 FUT NYMEX 1000,20150315,185256,0,0,0,0,43.66,2,0
CLJ5 FUT NYMEX 1000,20150315,185256,0,0,0,0,43.66,3,0
CLJ5 FUT NYMEX 1000,20150315,185256,0,0,0,0,43.66,3,0
CLJ5 FUT NYMEX 1000,20150315,185257,0,0,0,0,43.66,5,0
CLJ5 FUT NYMEX 1000,20150315,185258,0,0,43.63,2,0,0,0
CLJ5 FUT NYMEX 1000,20150315,185258,0,0,0,0,43.66,4,0
CLJ5 FUT NYMEX 1000,20150315,185258,0,0,0,0,43.65,4,0
CLJ5 FUT NYMEX 1000,20150315,185258,0,0,0,0,43.65,1,0
CLJ5 FUT NYMEX 1000,20150315,185258,0,0,43.63,3,0,0,0
CLJ5 FUT NYMEX 1000,20150315,185258,0,0,0,0,43.65,1,0
CLJ5 FUT NYMEX 1000,20150315,185259,43.63,1,0,0,0,0,0
CLJ5 FUT NYMEX 1000,20150315,185259,43.63,1,0,0,0,0,0
CLJ5 FUT NYMEX 1000,20150315,185259,0,0,43.64,3,0,0,0
CLJ5 FUT NYMEX 1000,20150315,185259,0,0,43.64,1,0,0,0
CLJ5 FUT NYMEX 1000,20150315,185259,0,0,43.64,1,0,0,0
CLJ5 FUT NYMEX 1000,20150315,185300,0,0,43.64,2,0,0,0
CLJ5 FUT NYMEX 1000,20150315,185300,0,0,43.64,1,0,0,0
CLJ5 FUT NYMEX 1000,20150315,185300,0,0,0,0,43.65,11,0
CLJ5 FUT NYMEX 1000,20150315,185300,43.65,1,0,0,0,0,0
CLJ5 FUT NYMEX 1000,20150315,185300,43.65,1,0,0,0,0,0
CLJ5 FUT NYMEX 1000,20150315,185301,43.64,1,0,0,0,0,0
CLJ5 FUT NYMEX 1000,20150315,185301,43.64,1,0,0,0,0,0
CLJ5 FUT NYMEX 1000,20150315,185301,0,0,43.63,1,0,0,0
CLJ5 FUT NYMEX 1000,20150315,185301,0,0,43.63,3,0,0,0
CLJ5 FUT NYMEX 1000,20150315,185301,0,0,0,0,43.64,11,0
CLJ5 FUT NYMEX 1000,20150315,185301,0,0,0,0,43.64,1,0
CLJ5 FUT NYMEX 1000,20150315,185301,0,0,43.63,3,0,0,0
CLJ5 FUT NYMEX 1000,20150315,185301,0,0,0,0,43.64,1,0
CLJ5 FUT NYMEX 1000,20150315,185301,0,0,43.63,2,0,0,0
CLJ5 FUT NYMEX 1000,20150315,185301,0,0,0,0,43.64,2,0
CLJ5 FUT NYMEX 1000,20150315,185301,43.63,1,0,0,0,0,0
CLJ5 FUT NYMEX 1000,20150315,185301,43.63,1,0,0,0,0,0
CLJ5 FUT NYMEX 1000,20150315,185301,0,0,43.62,2,0,0,0
CLJ5 FUT NYMEX 1000,20150315,185301,0,0,43.62,8,0,0,0
CLJ5 FUT NYMEX 1000,20150315,185301,0,0,43.62,8,0,0,0
CLJ5 FUT NYMEX 1000,20150315,185301,0,0,0,0,43.64,4,0
CLJ5 FUT NYMEX 1000,20150315,185302,0,0,43.63,8,0,0,0
CLJ5 FUT NYMEX 1000,20150315,185302,0,0,43.63,4,0,0,0
CLJ5 FUT NYMEX 1000,20150315,185302,0,0,43.63,4,0,0,0
CLJ5 FUT NYMEX 1000,20150315,185302,0,0,0,0,43.64,1,0
CLJ5 FUT NYMEX 1000,20150315,185302,0,0,0,0,43.65,1,0
CLJ5 FUT NYMEX 1000,20150315,185302,0,0,0,0,43.65,12,0
CLJ5 FUT NYMEX 1000,20150315,185302,0,0,0,0,43.65,12,0
CLJ5 FUT NYMEX 1000,20150315,185303,0,0,0,0,43.64,12,0
CLJ5 FUT NYMEX 1000,20150315,185303,0,0,0,0,43.64,10,0
CLJ5 FUT NYMEX 1000,20150315,185303,0,0,0,0,43.64,10,0
CLJ5 FUT NYMEX 1000,20150315,185304,0,0,43.63,1,0,0,0
CLJ5 FUT NYMEX 1000,20150315,185304,0,0,0,0,43.64,12,0
CLJ5 FUT NYMEX 1000,20150315,185304,0,0,43.62,1,0,0,0
CLJ5 FUT NYMEX 1000,20150315,185304,0,0,43.62,8,0,0,0
CLJ5 FUT NYMEX 1000,20150315,185304,0,0,43.62,8,0,0,0
CLJ5 FUT NYMEX 1000,20150315,185304,0,0,0,0,43.63,12,0
CLJ5 FUT NYMEX 1000,20150315,185304,0,0,0,0,43.63,1,0
CLJ5 FUT NYMEX 1000,20150315,185304,0,0,0,0,43.63,1,0
CLJ5 FUT NYMEX 1000,20150315,185304,0,0,43.62,4,0,0,0
CLJ5 FUT NYMEX 1000,20150315,185304,0,0,0,0,43.63,12,0
CLJ5 FUT NYMEX 1000,20150315,185305,43.62,1,0,0,0,0,0
CLJ5 FUT NYMEX 1000,20150315,185305,43.62,1,0,0,0,0,0
CLJ5 FUT NYMEX 1000,20150315,185305,0,0,43.62,2,0,0,0
CLJ5 FUT NYMEX 1000,20150315,185306,0,0,43.62,1,0,0,0
CLJ5 FUT NYMEX 1000,20150315,185306,0,0,0,0,43.63,1,0
CLJ5 FUT NYMEX 1000,20150315,185306,43.62,5,0,0,0,0,0
CLJ5 FUT NYMEX 1000,20150315,185306,0,0,0,0,43.64,1,0
CLJ5 FUT NYMEX 1000,20150315,185306,0,0,0,0,43.64,12,0
CLJ5 FUT NYMEX 1000,20150315,185306,0,0,43.62,2,0,0,0
CLJ5 FUT NYMEX 1000,20150315,185306,0,0,0,0,43.64,12,0
CLJ5 FUT NYMEX 1000,20150315,185306,0,0,0,0,43.63,12,0
CLJ5 FUT NYMEX 1000,20150315,185306,0,0,0,0,43.63,1,0
CLJ5 FUT NYMEX 1000,20150315,185306,0,0,0,0,43.63,1,0
CLJ5 FUT NYMEX 1000,20150315,185306,0,0,0,0,43.64,1,0
CLJ5 FUT NYMEX 1000,20150315,185306,0,0,0,0,43.64,13,0
CLJ5 FUT NYMEX 1000,20150315,185306,0,0,0,0,43.64,13,0
CLJ5 FUT NYMEX 1000,20150315,185306,0,0,0,0,43.63,13,0
CLJ5 FUT NYMEX 1000,20150315,185306,0,0,0,0,43.63,1,0
CLJ5 FUT NYMEX 1000,20150315,185306,0,0,43.62,3,0,0,0
CLJ5 FUT NYMEX 1000,20150315,185306,0,0,0,0,43.63,1,0
CLJ5 FUT NYMEX 1000,20150315,185307,43.62,2,0,0,0,0,0
CLJ5 FUT NYMEX 1000,20150315,185307,0,0,43.62,2,0,0,0
CLJ5 FUT NYMEX 1000,20150315,185307,0,0,0,0,43.63,2,0
CLJ5 FUT NYMEX 1000,20150315,185307,0,0,0,0,43.63,4,0
CLJ5 FUT NYMEX 1000,20150315,185308,43.62,11,0,0,0,0,0
CLJ5 FUT NYMEX 1000,20150315,185308,0,0,43.62,1,0,0,0
CLJ5 FUT NYMEX 1000,20150315,185308,0,0,0,0,43.63,5,0
CLJ5 FUT NYMEX 1000,20150315,185309,43.62,1,0,0,0,0,0
CLJ5 FUT NYMEX 1000,20150315,185309,0,0,0,0,43.63,6,0
CLJ5 FUT NYMEX 1000,20150315,185309,0,0,43.62,3,0,0,0
CLJ5 FUT NYMEX 1000,20150315,185309,0,0,0,0,43.63,5,0
CLJ5 FUT NYMEX 1000,20150315,185310,0,0,0,0,43.63,2,0
CLJ5 FUT NYMEX 1000,20150315,185310,0,0,43.62,5,0,0,0
CLJ5 FUT NYMEX 1000,20150315,185310,0,0,0,0,43.63,1,0
CLJ5 FUT NYMEX 1000,20150315,185310,0,0,43.62,4,0,0,0
CLJ5 FUT NYMEX 1000,20150315,185310,0,0,0,0,43.63,2,0
CLJ5 FUT NYMEX 1000,20150315,185311,43.62,2,0,0,0,0,0
CLJ5 FUT NYMEX 1000,20150315,185311,0,0,43.62,1,0,0,0
CLJ5 FUT NYMEX 1000,20150315,185311,43.61,2,0,0,0,0,0
CLJ5 FUT NYMEX 1000,20150315,185311,43.61,1,0,0,0,0,0
CLJ5 FUT NYMEX 1000,20150315,185311,43.61,1,0,0,0,0,0
CLJ5 FUT NYMEX 1000,20150315,185311,0,0,43.61,1,0,0,0
CLJ5 FUT NYMEX 1000,20150315,185311,0,0,43.61,3,0,0,0
CLJ5 FUT NYMEX 1000,20150315,185311,0,0,0,0,43.62,2,0
CLJ5 FUT NYMEX 1000,20150315,185311,0,0,0,0,43.62,4,0
CLJ5 FUT NYMEX 1000,20150315,185311,0,0,43.61,3,0,0,0
CLJ5 FUT NYMEX 1000,20150315,185311,0,0,0,0,43.62,4,0
CLJ5 FUT NYMEX 1000,20150315,185311,43.62,1,0,0,0,0,0
CLJ5 FUT NYMEX 1000,20150315,185311,43.62,1,0,0,0,0,0
CLJ5 FUT NYMEX 1000,20150315,185311,0,0,43.61,4,0,0,0
CLJ5 FUT NYMEX 1000,20150315,185311,0,0,0,0,43.62,2,0
CLJ5 FUT NYMEX 1000,20150315,185312,43.61,1,0,0,0,0,0
CLJ5 FUT NYMEX 1000,20150315,185312,43.61,2,0,0,0,0,0
CLJ5 FUT NYMEX 1000,20150315,185312,43.61,2,0,0,0,0,0
CLJ5 FUT NYMEX 1000,20150315,185312,0,0,43.61,2,0,0,0
CLJ5 FUT NYMEX 1000,20150315,185312,0,0,0,0,43.63,2,0
CLJ5 FUT NYMEX 1000,20150315,185312,0,0,0,0,43.63,3,0
CLJ5 FUT NYMEX 1000,20150315,185312,0,0,43.61,3,0,0,0
CLJ5 FUT NYMEX 1000,20150315,185312,0,0,0,0,43.63,3,0
CLJ5 FUT NYMEX 1000,20150315,185313,43.61,3,0,0,0,0,0
CLJ5 FUT NYMEX 1000,20150315,185313,0,0,43.61,2,0,0,0
CLJ5 FUT NYMEX 1000,20150315,185314,43.63,3,0,0,0,0,0
CLJ5 FUT NYMEX 1000,20150315,185314,43.63,1,0,0,0,0,0
CLJ5 FUT NYMEX 1000,20150315,185314,43.63,1,0,0,0,0,0
CLJ5 FUT NYMEX 1000,20150315,185314,0,0,0,0,43.63,1,0
CLJ5 FUT NYMEX 1000,20150315,185315,0,0,43.61,4,0,0,0
CLJ5 FUT NYMEX 1000,20150315,185315,0,0,0,0,43.63,6,0
CLJ5 FUT NYMEX 1000,20150315,185315,0,0,43.62,4,0,0,0
CLJ5 FUT NYMEX 1000,20150315,185315,0,0,43.62,1,0,0,0
CLJ5 FUT NYMEX 1000,20150315,185315,0,0,43.62,1,0,0,0
CLJ5 FUT NYMEX 1000,20150315,185316,43.62,1,0,0,0,0,0
CLJ5 FUT NYMEX 1000,20150315,185316,43.62,1,0,0,0,0,0
CLJ5 FUT NYMEX 1000,20150315,185316,0,0,43.61,1,0,0,0
CLJ5 FUT NYMEX 1000,20150315,185316,0,0,43.61,4,0,0,0
CLJ5 FUT NYMEX 1000,20150315,185316,0,0,43.61,4,0,0,0
CLJ5 FUT NYMEX 1000,20150315,185316,43.63,1,0,0,0,0,0
CLJ5 FUT NYMEX 1000,20150315,185316,43.63,5,0,0,0,0,0
CLJ5 FUT NYMEX 1000,20150315,185316,43.63,5,0,0,0,0,0
CLJ5 FUT NYMEX 1000,20150315,185316,0,0,43.62,4,0,0,0
CLJ5 FUT NYMEX 1000,20150315,185316,0,0,43.62,1,0,0,0
CLJ5 FUT NYMEX 1000,20150315,185316,0,0,43.62,1,0,0,0
CLJ5 FUT NYMEX 1000,20150315,185316,0,0,0,0,43.63,1,0
CLJ5 FUT NYMEX 1000,20150315,185316,0,0,43.61,1,0,0,0
CLJ5 FUT NYMEX 1000,20150315,185316,0,0,43.61,3,0,0,0
CLJ5 FUT NYMEX 1000,20150315,185316,0,0,43.61,3,0,0,0
CLJ5 FUT NYMEX 1000,20150315,185316,43.63,1,0,0,0,0,0
CLJ5 FUT NYMEX 1000,20150315,185316,0,0,43.63,3,0,0,0
CLJ5 FUT NYMEX 1000,20150315,185316,0,0,43.63,14,0,0,0
CLJ5 FUT NYMEX 1000,20150315,185316,0,0,0,0,43.64,1,0
CLJ5 FUT NYMEX 1000,20150315,185316,0,0,0,0,43.64,10,0
CLJ5 FUT NYMEX 1000,20150315,185316,0,0,43.63,14,0,0,0
CLJ5 FUT NYMEX 1000,20150315,185316,0,0,0,0,43.64,10,0
CLJ5 FUT NYMEX 1000,20150315,185317,43.64,1,0,0,0,0,0
CLJ5 FUT NYMEX 1000,20150315,185317,43.64,2,0,0,0,0,0
CLJ5 FUT NYMEX 1000,20150315,185317,43.64,2,0,0,0,0,0
CLJ5 FUT NYMEX 1000,20150315,185317,43.65,2,0,0,0,0,0
CLJ5 FUT NYMEX 1000,20150315,185317,43.65,19,0,0,0,0,0
CLJ5 FUT NYMEX 1000,20150315,185317,43.65,19,0,0,0,0,0
CLJ5 FUT NYMEX 1000,20150315,185317,0,0,43.65,14,0,0,0
CLJ5 FUT NYMEX 1000,20150315,185317,0,0,43.65,2,0,0,0
CLJ5 FUT NYMEX 1000,20150315,185317,0,0,0,0,43.66,10,0
CLJ5 FUT NYMEX 1000,20150315,185317,0,0,0,0,43.66,3,0
CLJ5 FUT NYMEX 1000,20150315,185317,0,0,43.65,2,0,0,0
CLJ5 FUT NYMEX 1000,20150315,185317,0,0,0,0,43.66,3,0
CLJ5 FUT NYMEX 1000,20150315,185318,43.66,19,0,0,0,0,0
CLJ5 FUT NYMEX 1000,20150315,185318,43.66,1,0,0,0,0,0
CLJ5 FUT NYMEX 1000,20150315,185318,43.66,1,0,0,0,0,0
CLJ5 FUT NYMEX 1000,20150315,185318,0,0,43.65,3,0,0,0
CLJ5 FUT NYMEX 1000,20150315,185319,43.65,1,0,0,0,0,0
CLJ5 FUT NYMEX 1000,20150315,185319,43.65,1,0,0,0,0,0
CLJ5 FUT NYMEX 1000,20150315,185319,0,0,43.64,3,0,0,0
CLJ5 FUT NYMEX 1000,20150315,185319,0,0,43.64,7,0,0,0
CLJ5 FUT NYMEX 1000,20150315,185319,0,0,0,0,43.65,3,0
CLJ5 FUT NYMEX 1000,20150315,185319,0,0,0,0,43.65,2,0
CLJ5 FUT NYMEX 1000,20150315,185319,0,0,43.64,7,0,0,0
CLJ5 FUT NYMEX 1000,20150315,185319,0,0,0,0,43.65,2,0
CLJ5 FUT NYMEX 1000,20150315,185319,43.66,1,0,0,0,0,0
CLJ5 FUT NYMEX 1000,20150315,185319,43.66,3,0,0,0,0,0
CLJ5 FUT NYMEX 1000,20150315,185319,43.66,3,0,0,0,0,0
CLJ5 FUT NYMEX 1000,20150315,185319,0,0,43.66,7,0,0,0
CLJ5 FUT NYMEX 1000,20150315,185319,0,0,43.66,5,0,0,0
CLJ5 FUT NYMEX 1000,20150315,185319,0,0,0,0,43.67,2,0
CLJ5 FUT NYMEX 1000,20150315,185319,0,0,0,0,43.67,2,0
CLJ5 FUT NYMEX 1000,20150315,185319,0,0,43.66,5,0,0,0
CLJ5 FUT NYMEX 1000,20150315,185320,0,0,43.64,5,0,0,0
CLJ5 FUT NYMEX 1000,20150315,185320,0,0,43.64,8,0,0,0
CLJ5 FUT NYMEX 1000,20150315,185320,0,0,0,0,43.66,2,0
CLJ5 FUT NYMEX 1000,20150315,185320,0,0,0,0,43.66,3,0
CLJ5 FUT NYMEX 1000,20150315,185320,0,0,43.64,8,0,0,0
CLJ5 FUT NYMEX 1000,20150315,185320,0,0,0,0,43.66,3,0
CLJ5 FUT NYMEX 1000,20150315,185320,43.69,3,0,0,0,0,0
CLJ5 FUT NYMEX 1000,20150315,185320,43.69,1,0,0,0,0,0
CLJ5 FUT NYMEX 1000,20150315,185320,43.69,1,0,0,0,0,0
CLJ5 FUT NYMEX 1000,20150315,185320,0,0,43.69,8,0,0,0
CLJ5 FUT NYMEX 1000,20150315,185320,0,0,43.69,27,0,0,0
CLJ5 FUT NYMEX 1000,20150315,185320,0,0,0,0,43.7,3,0
CLJ5 FUT NYMEX 1000,20150315,185320,0,0,0,0,43.7,7,0
CLJ5 FUT NYMEX 1000,20150315,185320,0,0,43.69,27,0,0,0
CLJ5 FUT NYMEX 1000,20150315,185320,0,0,0,0,43.7,7,0
CLJ5 FUT NYMEX 1000,20150315,185320,43.7,1,0,0,0,0,0
CLJ5 FUT NYMEX 1000,20150315,185320,43.7,1,0,0,0,0,0
CLJ5 FUT NYMEX 1000,20150315,185320,43.7,4,0,0,0,0,0
CLJ5 FUT NYMEX 1000,20150315,185320,43.69,4,0,0,0,0,0
CLJ5 FUT NYMEX 1000,20150315,185320,43.69,8,0,0,0,0,0
CLJ5 FUT NYMEX 1000,20150315,185320,43.69,8,0,0,0,0,0
CLJ5 FUT NYMEX 1000,20150315,185320,0,0,43.69,12,0,0,0
CLJ5 FUT NYMEX 1000,20150315,185320,0,0,0,0,43.7,8,0
CLJ5 FUT NYMEX 1000,20150315,185320,0,0,43.69,7,0,0,0
CLJ5 FUT NYMEX 1000,20150315,185320,0,0,0,0,43.7,11,0
CLJ5 FUT NYMEX 1000,20150315,185321,0,0,43.69,3,0,0,0
CLJ5 FUT NYMEX 1000,20150315,185321,0,0,0,0,43.7,12,0
CLJ5 FUT NYMEX 1000,20150315,185321,0,0,43.66,3,0,0,0
CLJ5 FUT NYMEX 1000,20150315,185321,0,0,43.66,1,0,0,0
CLJ5 FUT NYMEX 1000,20150315,185321,0,0,0,0,43.68,12,0
CLJ5 FUT NYMEX 1000,20150315,185321,0,0,0,0,43.68,3,0
CLJ5 FUT NYMEX 1000,20150315,185321,0,0,43.66,1,0,0,0
CLJ5 FUT NYMEX 1000,20150315,185321,0,0,0,0,43.68,3,0
CLJ5 FUT NYMEX 1000,20150315,185321,43.69,13,0,0,0,0,0
CLJ5 FUT NYMEX 1000,20150315,185321,43.68,13,0,0,0,0,0
CLJ5 FUT NYMEX 1000,20150315,185321,43.68,1,0,0,0,0,0
CLJ5 FUT NYMEX 1000,20150315,185321,43.68,1,0,0,0,0,0
CLJ5 FUT NYMEX 1000,20150315,185321,0,0,43.65,1,0,0,0
CLJ5 FUT NYMEX 1000,20150315,185321,0,0,43.65,3,0,0,0
CLJ5 FUT NYMEX 1000,20150315,185321,0,0,0,0,43.67,3,0
CLJ5 FUT NYMEX 1000,20150315,185321,0,0,0,0,43.67,1,0
CLJ5 FUT NYMEX 1000,20150315,185321,0,0,43.65,3,0,0,0
CLJ5 FUT NYMEX 1000,20150315,185321,0,0,0,0,43.67,1,0
CLJ5 FUT NYMEX 1000,20150315,185322,0,0,0,0,43.67,9,0
CLJ5 FUT NYMEX 1000,20150315,185322,0,0,43.66,3,0,0,0
CLJ5 FUT NYMEX 1000,20150315,185322,0,0,43.66,9,0,0,0
CLJ5 FUT NYMEX 1000,20150315,185322,0,0,43.66,9,0,0,0
CLJ5 FUT NYMEX 1000,20150315,185322,43.66,1,0,0,0,0,0
CLJ5 FUT NYMEX 1000,20150315,185322,43.66,5,0,0,0,0,0
CLJ5 FUT NYMEX 1000,20150315,185322,43.66,5,0,0,0,0,0
CLJ5 FUT NYMEX 1000,20150315,185323,43.67,5,0,0,0,0,0
CLJ5 FUT NYMEX 1000,20150315,185323,43.67,1,0,0,0,0,0
CLJ5 FUT NYMEX 1000,20150315,185323,43.67,1,0,0,0,0,0
CLJ5 FUT NYMEX 1000,20150315,185323,0,0,0,0,43.67,8,0
CLJ5 FUT NYMEX 1000,20150315,185323,43.66,1,0,0,0,0,0
CLJ5 FUT NYMEX 1000,20150315,185323,43.66,1,0,0,0,0,0
CLJ5 FUT NYMEX 1000,20150315,185324,0,0,43.66,5,0,0,0
CLJ5 FUT NYMEX 1000,20150315,185324,0,0,0,0,43.67,9,0
CLJ5 FUT NYMEX 1000,20150315,185324,43.66,3,0,0,0,0,0
CLJ5 FUT NYMEX 1000,20150315,185325,43.71,3,0,0,0,0,0
CLJ5 FUT NYMEX 1000,20150315,185325,43.71,2,0,0,0,0,0
CLJ5 FUT NYMEX 1000,20150315,185325,43.71,2,0,0,0,0,0
CLJ5 FUT NYMEX 1000,20150315,185325,0,0,43.67,5,0,0,0
CLJ5 FUT NYMEX 1000,20150315,185325,0,0,43.67,5,0,0,0
CLJ5 FUT NYMEX 1000,20150315,185325,0,0,0,0,43.69,9,0
CLJ5 FUT NYMEX 1000,20150315,185325,0,0,0,0,43.69,1,0
CLJ5 FUT NYMEX 1000,20150315,185325,0,0,0,0,43.69,1,0
CLJ5 FUT NYMEX 1000,20150315,185325,43.67,2,0,0,0,0,0
CLJ5 FUT NYMEX 1000,20150315,185325,43.67,1,0,0,0,0,0
CLJ5 FUT NYMEX 1000,20150315,185325,43.67,1,0,0,0,0,0
CLJ5 FUT NYMEX 1000,20150315,185326,0,0,0,0,43.7,1,0
CLJ5 FUT NYMEX 1000,20150315,185326,0,0,0,0,43.7,5,0
CLJ5 FUT NYMEX 1000,20150315,185326,0,0,43.67,4,0,0,0
CLJ5 FUT NYMEX 1000,20150315,185326,0,0,0,0,43.7,5,0
CLJ5 FUT NYMEX 1000,20150315,185326,43.68,1,0,0,0,0,0
CLJ5 FUT NYMEX 1000,20150315,185326,43.68,1,0,0,0,0,0
CLJ5 FUT NYMEX 1000,20150315,185326,0,0,0,0,43.7,2,0
CLJ5 FUT NYMEX 1000,20150315,185326,0,0,43.68,4,0,0,0
CLJ5 FUT NYMEX 1000,20150315,185326,0,0,43.68,1,0,0,0
CLJ5 FUT NYMEX 1000,20150315,185326,0,0,43.68,1,0,0,0
CLJ5 FUT NYMEX 1000,20150315,185326,43.7,1,0,0,0,0,0
CLJ5 FUT NYMEX 1000,20150315,185326,43.7,1,0,0,0,0,0
CLJ5 FUT NYMEX 1000,20150315,185326,0,0,0,0,43.7,1,0
CLJ5 FUT NYMEX 1000,20150315,185326,0,0,43.69,1,0,0,0
CLJ5 FUT NYMEX 1000,20150315,185326,0,0,43.69,2,0,0,0
CLJ5 FUT NYMEX 1000,20150315,185326,0,0,0,0,43.71,1,0
CLJ5 FUT NYMEX 1000,20150315,185326,0,0,0,0,43.71,2,0
CLJ5 FUT NYMEX 1000,20150315,185326,0,0,43.69,2,0,0,0
CLJ5 FUT NYMEX 1000,20150315,185326,0,0,0,0,43.71,2,0
CLJ5 FUT NYMEX 1000,20150315,185327,0,0,43.68,2,0,0,0
CLJ5 FUT NYMEX 1000,20150315,185327,0,0,43.68,2,0,0,0
CLJ5 FUT NYMEX 1000,20150315,185327,0,0,0,0,43.7,2,0
CLJ5 FUT NYMEX 1000,20150315,185327,0,0,0,0,43.7,1,0
CLJ5 FUT NYMEX 1000,20150315,185327,0,0,0,0,43.7,1,0
CLJ5 FUT NYMEX 1000,20150315,185327,43.69,1,0,0,0,0,0
CLJ5 FUT NYMEX 1000,20150315,185327,43.69,3,0,0,0,0,0
CLJ5 FUT NYMEX 1000,20150315,185327,43.69,3,0,0,0,0,0
CLJ5 FUT NYMEX 1000,20150315,185327,0,0,43.68,1,0,0,0
CLJ5 FUT NYMEX 1000,20150315,185327,43.71,3,0,0,0,0,0
CLJ5 FUT NYMEX 1000,20150315,185327,43.71,1,0,0,0,0,0
CLJ5 FUT NYMEX 1000,20150315,185327,43.71,1,0,0,0,0,0
CLJ5 FUT NYMEX 1000,20150315,185327,0,0,43.7,1,0,0,0
CLJ5 FUT NYMEX 1000,20150315,185327,0,0,43.7,16,0,0,0
CLJ5 FUT NYMEX 1000,20150315,185327,0,0,0,0,43.71,1,0
CLJ5 FUT NYMEX 1000,20150315,185327,0,0,0,0,43.71,3,0
CLJ5 FUT NYMEX 1000,20150315,185327,0,0,43.7,16,0,0,0
CLJ5 FUT NYMEX 1000,20150315,185327,0,0,0,0,43.71,3,0
CLJ5 FUT NYMEX 1000,20150315,185327,43.71,2,0,0,0,0,0
CLJ5 FUT NYMEX 1000,20150315,185327,43.7,2,0,0,0,0,0
CLJ5 FUT NYMEX 1000,20150315,185327,43.7,3,0,0,0,0,0
CLJ5 FUT NYMEX 1000,20150315,185327,43.7,3,0,0,0,0,0
CLJ5 FUT NYMEX 1000,20150315,185327,43.71,3,0,0,0,0,0
CLJ5 FUT NYMEX 1000,20150315,185327,43.71,1,0,0,0,0,0
CLJ5 FUT NYMEX 1000,20150315,185327,43.71,1,0,0,0,0,0
CLJ5 FUT NYMEX 1000,20150315,185327,0,0,0,0,43.72,3,0
CLJ5 FUT NYMEX 1000,20150315,185327,0,0,0,0,43.72,13,0
CLJ5 FUT NYMEX 1000,20150315,185327,0,0,43.7,11,0,0,0
CLJ5 FUT NYMEX 1000,20150315,185327,0,0,0,0,43.72,13,0
CLJ5 FUT NYMEX 1000,20150315,185327,0,0,0,0,43.71,13,0
CLJ5 FUT NYMEX 1000,20150315,185327,0,0,0,0,43.71,4,0
CLJ5 FUT NYMEX 1000,20150315,185327,0,0,43.7,10,0,0,0
CLJ5 FUT NYMEX 1000,20150315,185327,0,0,0,0,43.71,4,0
CLJ5 FUT NYMEX 1000,20150315,185328,0,0,43.7,11,0,0,0
CLJ5 FUT NYMEX 1000,20150315,185328,0,0,0,0,43.71,1,0
CLJ5 FUT NYMEX 1000,20150315,185328,0,0,43.71,11,0,0,0
CLJ5 FUT NYMEX 1000,20150315,185328,0,0,43.71,1,0,0,0
CLJ5 FUT NYMEX 1000,20150315,185328,0,0,0,0,43.72,1,0
CLJ5 FUT NYMEX 1000,20150315,185328,0,0,0,0,43.72,8,0
CLJ5 FUT NYMEX 1000,20150315,185328,0,0,43.71,1,0,0,0
CLJ5 FUT NYMEX 1000,20150315,185328,0,0,0,0,43.72,8,0
CLJ5 FUT NYMEX 1000,20150315,185328,43.71,4,0,0,0,0,0
CLJ5 FUT NYMEX 1000,20150315,185328,0,0,0,0,43.72,6,0
CLJ5 FUT NYMEX 1000,20150315,185329,43.71,1,0,0,0,0,0
CLJ5 FUT NYMEX 1000,20150315,185329,0,0,43.71,3,0,0,0
CLJ5 FUT NYMEX 1000,20150315,185330,43.72,1,0,0,0,0,0
CLJ5 FUT NYMEX 1000,20150315,185330,43.72,1,0,0,0,0,0
CLJ5 FUT NYMEX 1000,20150315,185330,0,0,0,0,43.72,4,0
CLJ5 FUT NYMEX 1000,20150315,185331,0,0,43.71,1,0,0,0
CLJ5 FUT NYMEX 1000,20150315,185331,0,0,0,0,43.72,3,0
CLJ5 FUT NYMEX 1000,20150315,185331,43.72,4,0,0,0,0,0
CLJ5 FUT NYMEX 1000,20150315,185331,0,0,0,0,43.72,1,0
CLJ5 FUT NYMEX 1000,20150315,185331,0,0,0,0,43.72,6,0
CLJ5 FUT NYMEX 1000,20150315,185331,43.72,1,0,0,0,0,0
CLJ5 FUT NYMEX 1000,20150315,185332,43.69,1,0,0,0,0,0
CLJ5 FUT NYMEX 1000,20150315,185332,43.69,5,0,0,0,0,0
CLJ5 FUT NYMEX 1000,20150315,185332,43.69,5,0,0,0,0,0
CLJ5 FUT NYMEX 1000,20150315,185332,0,0,43.69,1,0,0,0
CLJ5 FUT NYMEX 1000,20150315,185332,0,0,43.69,1,0,0,0
CLJ5 FUT NYMEX 1000,20150315,185332,0,0,0,0,43.7,6,0
CLJ5 FUT NYMEX 1000,20150315,185332,0,0,0,0,43.7,1,0
CLJ5 FUT NYMEX 1000,20150315,185332,0,0,0,0,43.7,1,0
CLJ5 FUT NYMEX 1000,20150315,185333,0,0,0,0,43.71,1,0
CLJ5 FUT NYMEX 1000,20150315,185333,0,0,0,0,43.71,2,0
CLJ5 FUT NYMEX 1000,20150315,185333,0,0,43.69,2,0,0,0
CLJ5 FUT NYMEX 1000,20150315,185333,0,0,0,0,43.71,2,0
CLJ5 FUT NYMEX 1000,20150315,185333,0,0,43.69,1,0,0,0
CLJ5 FUT NYMEX 1000,20150315,185333,43.71,5,0,0,0,0,0
CLJ5 FUT NYMEX 1000,20150315,185333,43.71,1,0,0,0,0,0
CLJ5 FUT NYMEX 1000,20150315,185333,43.71,1,0,0,0,0,0
CLJ5 FUT NYMEX 1000,20150315,185333,0,0,43.69,2,0,0,0
CLJ5 FUT NYMEX 1000,20150315,185334,0,0,43.69,3,0,0,0
CLJ5 FUT NYMEX 1000,20150315,185334,0,0,0,0,43.71,3,0
CLJ5 FUT NYMEX 1000,20150315,185335,0,0,0,0,43.71,2,0
CLJ5 FUT NYMEX 1000,20150315,185336,0,0,0,0,43.71,3,0
CLJ5 FUT NYMEX 1000,20150315,185337,43.71,2,0,0,0,0,0
CLJ5 FUT NYMEX 1000,20150315,185337,0,0,43.7,3,0,0,0
CLJ5 FUT NYMEX 1000,20150315,185337,0,0,43.7,1,0,0,0
CLJ5 FUT NYMEX 1000,20150315,185337,0,0,43.7,1,0,0,0
CLJ5 FUT NYMEX 1000,20150315,185337,0,0,0,0,43.71,1,0
CLJ5 FUT NYMEX 1000,20150315,185337,0,0,43.69,1,0,0,0
CLJ5 FUT NYMEX 1000,20150315,185337,0,0,43.69,3,0,0,0
CLJ5 FUT NYMEX 1000,20150315,185337,0,0,43.69,3,0,0,0
CLJ5 FUT NYMEX 1000,20150315,185338,0,0,0,0,43.7,1,0
CLJ5 FUT NYMEX 1000,20150315,185338,0,0,0,0,43.7,1,0
CLJ5 FUT NYMEX 1000,20150315,185339,43.69,2,0,0,0,0,0
CLJ5 FUT NYMEX 1000,20150315,185339,43.69,2,0,0,0,0,0
CLJ5 FUT NYMEX 1000,20150315,185339,0,0,43.69,1,0,0,0
CLJ5 FUT NYMEX 1000,20150315,185339,43.7,2,0,0,0,0,0
CLJ5 FUT NYMEX 1000,20150315,185339,43.7,1,0,0,0,0,0
CLJ5 FUT NYMEX 1000,20150315,185339,43.7,1,0,0,0,0,0
CLJ5 FUT NYMEX 1000,20150315,185339,0,0,0,0,43.71,1,0
CLJ5 FUT NYMEX 1000,20150315,185339,0,0,0,0,43.71,1,0
CLJ5 FUT NYMEX 1000,20150315,185340,43.71,1,0,0,0,0,0
CLJ5 FUT NYMEX 1000,20150315,185340,43.71,1,0,0,0,0,0
CLJ5 FUT NYMEX 1000,20150315,185340,0,0,43.7,1,0,0,0
CLJ5 FUT NYMEX 1000,20150315,185340,0,0,43.7,1,0,0,0
CLJ5 FUT NYMEX 1000,20150315,185340,0,0,43.69,1,0,0,0
CLJ5 FUT NYMEX 1000,20150315,185340,0,0,43.69,2,0,0,0
CLJ5 FUT NYMEX 1000,20150315,185340,0,0,43.69,2,0,0,0
CLJ5 FUT NYMEX 1000,20150315,185340,0,0,0,0,43.72,1,0
CLJ5 FUT NYMEX 1000,20150315,185340,0,0,0,0,43.72,4,0
CLJ5 FUT NYMEX 1000,20150315,185340,0,0,0,0,43.72,4,0
CLJ5 FUT NYMEX 1000,20150315,185341,0,0,43.69,3,0,0,0
CLJ5 FUT NYMEX 1000,20150315,185343,0,0,43.71,3,0,0,0
CLJ5 FUT NYMEX 1000,20150315,185343,0,0,43.71,1,0,0,0
CLJ5 FUT NYMEX 1000,20150315,185343,0,0,0,0,43.73,4,0
CLJ5 FUT NYMEX 1000,20150315,185343,0,0,0,0,43.73,4,0
CLJ5 FUT NYMEX 1000,20150315,185343,0,0,43.71,1,0,0,0
CLJ5 FUT NYMEX 1000,20150315,185344,0,0,0,0,43.73,5,0
CLJ5 FUT NYMEX 1000,20150315,185345,0,0,0,0,43.73,4,0
CLJ5 FUT NYMEX 1000,20150315,185345,0,0,0,0,43.72,4,0
CLJ5 FUT NYMEX 1000,20150315,185345,0,0,0,0,43.72,3,0
CLJ5 FUT NYMEX 1000,20150315,185345,0,0,0,0,43.72,3,0
CLJ5 FUT NYMEX 1000,20150315,185346,0,0,43.71,2,0,0,0
CLJ5 FUT NYMEX 1000,20150315,185347,43.73,1,0,0,0,0,0
CLJ5 FUT NYMEX 1000,20150315,185347,43.73,2,0,0,0,0,0
CLJ5 FUT NYMEX 1000,20150315,185347,43.73,2,0,0,0,0,0
CLJ5 FUT NYMEX 1000,20150315,185347,0,0,0,0,43.73,3,0
CLJ5 FUT NYMEX 1000,20150315,185347,0,0,0,0,43.73,2,0
CLJ5 FUT NYMEX 1000,20150315,185347,0,0,43.71,3,0,0,0
CLJ5 FUT NYMEX 1000,20150315,185347,0,0,0,0,43.73,2,0
CLJ5 FUT NYMEX 1000,20150315,185347,43.71,2,0,0,0,0,0
CLJ5 FUT NYMEX 1000,20150315,185347,43.71,1,0,0,0,0,0
CLJ5 FUT NYMEX 1000,20150315,185347,43.71,1,0,0,0,0,0
CLJ5 FUT NYMEX 1000,20150315,185347,0,0,0,0,43.72,2,0
CLJ5 FUT NYMEX 1000,20150315,185347,0,0,0,0,43.72,1,0
CLJ5 FUT NYMEX 1000,20150315,185347,0,0,43.71,2,0,0,0
CLJ5 FUT NYMEX 1000,20150315,185347,0,0,0,0,43.72,1,0
CLJ5 FUT NYMEX 1000,20150315,185349,0,0,43.71,1,0,0,0
CLJ5 FUT NYMEX 1000,20150315,185350,0,0,0,0,43.73,1,0
CLJ5 FUT NYMEX 1000,20150315,185350,0,0,0,0,43.73,1,0
CLJ5 FUT NYMEX 1000,20150315,185350,0,0,0,0,43.73,8,0
CLJ5 FUT NYMEX 1000,20150315,185351,0,0,0,0,43.72,8,0
CLJ5 FUT NYMEX 1000,20150315,185351,0,0,0,0,43.72,1,0
CLJ5 FUT NYMEX 1000,20150315,185351,0,0,43.71,2,0,0,0
CLJ5 FUT NYMEX 1000,20150315,185351,0,0,0,0,43.72,1,0
CLJ5 FUT NYMEX 1000,20150315,185351,0,0,0,0,43.72,8,0
CLJ5 FUT NYMEX 1000,20150315,185352,43.72,1,0,0,0,0,0
CLJ5 FUT NYMEX 1000,20150315,185352,43.72,1,0,0,0,0,0
CLJ5 FUT NYMEX 1000,20150315,185352,0,0,43.71,3,0,0,0
CLJ5 FUT NYMEX 1000,20150315,185352,0,0,0,0,43.72,5,0
CLJ5 FUT NYMEX 1000,20150315,185353,0,0,43.71,5,0,0,0
CLJ5 FUT NYMEX 1000,20150315,185353,0,0,0,0,43.72,4,0
CLJ5 FUT NYMEX 1000,20150315,185354,0,0,0,0,43.72,3,0
CLJ5 FUT NYMEX 1000,20150315,185354,43.72,2,0,0,0,0,0
CLJ5 FUT NYMEX 1000,20150315,185354,0,0,43.72,5,0,0,0
CLJ5 FUT NYMEX 1000,20150315,185354,0,0,43.72,2,0,0,0
CLJ5 FUT NYMEX 1000,20150315,185354,0,0,0,0,43.73,3,0
CLJ5 FUT NYMEX 1000,20150315,185354,0,0,0,0,43.73,2,0
CLJ5 FUT NYMEX 1000,20150315,185354,0,0,43.72,2,0,0,0
CLJ5 FUT NYMEX 1000,20150315,185354,0,0,0,0,43.73,2,0
CLJ5 FUT NYMEX 1000,20150315,185354,43.73,2,0,0,0,0,0
CLJ5 FUT NYMEX 1000,20150315,185354,43.73,1,0,0,0,0,0
CLJ5 FUT NYMEX 1000,20150315,185354,43.73,1,0,0,0,0,0
CLJ5 FUT NYMEX 1000,20150315,185354,0,0,43.72,3,0,0,0
CLJ5 FUT NYMEX 1000,20150315,185354,0,0,0,0,43.73,3,0
CLJ5 FUT NYMEX 1000,20150315,185355,0,0,0,0,43.73,1,0
CLJ5 FUT NYMEX 1000,20150315,185355,0,0,0,0,43.74,1,0
CLJ5 FUT NYMEX 1000,20150315,185355,0,0,0,0,43.74,25,0
CLJ5 FUT NYMEX 1000,20150315,185355,0,0,43.72,2,0,0,0
CLJ5 FUT NYMEX 1000,20150315,185355,0,0,0,0,43.74,25,0
CLJ5 FUT NYMEX 1000,20150315,185355,43.73,3,0,0,0,0,0
CLJ5 FUT NYMEX 1000,20150315,185356,43.71,3,0,0,0,0,0
CLJ5 FUT NYMEX 1000,20150315,185356,43.71,3,0,0,0,0,0
CLJ5 FUT NYMEX 1000,20150315,185356,0,0,43.71,2,0,0,0
CLJ5 FUT NYMEX 1000,20150315,185356,0,0,43.71,1,0,0,0
CLJ5 FUT NYMEX 1000,20150315,185356,0,0,0,0,43.73,25,0
CLJ5 FUT NYMEX 1000,20150315,185356,0,0,0,0,43.73,3,0
CLJ5 FUT NYMEX 1000,20150315,185356,0,0,43.71,1,0,0,0
CLJ5 FUT NYMEX 1000,20150315,185356,0,0,0,0,43.73,3,0
CLJ5 FUT NYMEX 1000,20150315,185356,43.73,3,0,0,0,0,0
CLJ5 FUT NYMEX 1000,20150315,185356,43.73,1,0,0,0,0,0
CLJ5 FUT NYMEX 1000,20150315,185356,43.73,1,0,0,0,0,0
CLJ5 FUT NYMEX 1000,20150315,185356,0,0,0,0,43.73,2,0
CLJ5 FUT NYMEX 1000,20150315,185357,0,0,43.71,2,0,0,0
CLJ5 FUT NYMEX 1000,20150315,185358,0,0,0,0,43.73,3,0
CLJ5 FUT NYMEX 1000,20150315,185400,0,0,43.72,2,0,0,0
CLJ5 FUT NYMEX 1000,20150315,185400,0,0,43.72,1,0,0,0
CLJ5 FUT NYMEX 1000,20150315,185400,0,0,43.72,1,0,0,0
CLJ5 FUT NYMEX 1000,20150315,185400,0,0,43.71,1,0,0,0
CLJ5 FUT NYMEX 1000,20150315,185400,0,0,43.71,2,0,0,0
CLJ5 FUT NYMEX 1000,20150315,185400,0,0,43.71,2,0,0,0
CLJ5 FUT NYMEX 1000,20150315,185401,0,0,43.71,5,0,0,0
CLJ5 FUT NYMEX 1000,20150315,185401,0,0,0,0,43.73,4,0
CLJ5 FUT NYMEX 1000,20150315,185403,0,0,43.71,6,0,0,0
CLJ5 FUT NYMEX 1000,20150315,185405,0,0,0,0,43.72,4,0
CLJ5 FUT NYMEX 1000,20150315,185405,0,0,0,0,43.72,1,0
CLJ5 FUT NYMEX 1000,20150315,185405,0,0,0,0,43.72,1,0
CLJ5 FUT NYMEX 1000,20150315,185406,43.75,1,0,0,0,0,0
CLJ5 FUT NYMEX 1000,20150315,185406,43.75,2,0,0,0,0,0
CLJ5 FUT NYMEX 1000,20150315,185406,43.75,2,0,0,0,0,0
CLJ5 FUT NYMEX 1000,20150315,185406,0,0,43.74,6,0,0,0
CLJ5 FUT NYMEX 1000,20150315,185406,0,0,43.74,4,0,0,0
CLJ5 FUT NYMEX 1000,20150315,185406,0,0,0,0,43.75,1,0
CLJ5 FUT NYMEX 1000,20150315,185406,0,0,0,0,43.75,4,0
CLJ5 FUT NYMEX 1000,20150315,185406,0,0,43.74,4,0,0,0
CLJ5 FUT NYMEX 1000,20150315,185406,0,0,0,0,43.75,4,0
CLJ5 FUT NYMEX 1000,20150315,185406,43.75,1,0,0,0,0,0
CLJ5 FUT NYMEX 1000,20150315,185406,0,0,43.74,2,0,0,0
CLJ5 FUT NYMEX 1000,20150315,185406,0,0,0,0,43.75,7,0
CLJ5 FUT NYMEX 1000,20150315,185406,43.74,1,0,0,0,0,0
CLJ5 FUT NYMEX 1000,20150315,185406,43.74,1,0,0,0,0,0
CLJ5 FUT NYMEX 1000,20150315,185406,0,0,43.73,2,0,0,0
CLJ5 FUT NYMEX 1000,20150315,185406,0,0,43.73,3,0,0,0
CLJ5 FUT NYMEX 1000,20150315,185406,0,0,43.73,3,0,0,0
CLJ5 FUT NYMEX 1000,20150315,185406,0,0,0,0,43.75,3,0
CLJ5 FUT NYMEX 1000,20150315,185407,0,0,0,0,43.74,3,0
CLJ5 FUT NYMEX 1000,20150315,185407,0,0,0,0,43.74,1,0
CLJ5 FUT NYMEX 1000,20150315,185407,0,0,0,0,43.74,1,0
CLJ5 FUT NYMEX 1000,20150315,185407,0,0,0,0,43.75,1,0
CLJ5 FUT NYMEX 1000,20150315,185407,0,0,0,0,43.75,3,0
CLJ5 FUT NYMEX 1000,20150315,185407,0,0,0,0,43.75,3,0
CLJ5 FUT NYMEX 1000,20150315,185407,43.75,1,0,0,0,0,0
CLJ5 FUT NYMEX 1000,20150315,185407,43.75,1,0,0,0,0,0
CLJ5 FUT NYMEX 1000,20150315,185407,0,0,43.74,3,0,0,0
CLJ5 FUT NYMEX 1000,20150315,185407,0,0,43.74,2,0,0,0
CLJ5 FUT NYMEX 1000,20150315,185407,0,0,43.74,2,0,0,0
CLJ5 FUT NYMEX 1000,20150315,185407,0,0,0,0,43.75,2,0
CLJ5 FUT NYMEX 1000,20150315,185408,0,0,43.75,2,0,0,0
CLJ5 FUT NYMEX 1000,20150315,185408,0,0,43.75,2,0,0,0
CLJ5 FUT NYMEX 1000,20150315,185408,0,0,0,0,43.76,2,0
CLJ5 FUT NYMEX 1000,20150315,185408,0,0,0,0,43.76,5,0
CLJ5 FUT NYMEX 1000,20150315,185408,0,0,0,0,43.76,5,0
CLJ5 FUT NYMEX 1000,20150315,185408,0,0,43.75,4,0,0,0
CLJ5 FUT NYMEX 1000,20150315,185408,43.74,1,0,0,0,0,0
CLJ5 FUT NYMEX 1000,20150315,185408,43.74,1,0,0,0,0,0
CLJ5 FUT NYMEX 1000,20150315,185408,0,0,43.74,4,0,0,0
CLJ5 FUT NYMEX 1000,20150315,185408,0,0,43.74,1,0,0,0
CLJ5 FUT NYMEX 1000,20150315,185408,0,0,0,0,43.75,5,0
CLJ5 FUT NYMEX 1000,20150315,185408,0,0,0,0,43.75,2,0
CLJ5 FUT NYMEX 1000,20150315,185408,0,0,43.74,1,0,0,0
CLJ5 FUT NYMEX 1000,20150315,185408,0,0,0,0,43.75,2,0
CLJ5 FUT NYMEX 1000,20150315,185408,43.75,1,0,0,0,0,0
CLJ5 FUT NYMEX 1000,20150315,185408,43.75,1,0,0,0,0,0
CLJ5 FUT NYMEX 1000,20150315,185408,0,0,0,0,43.75,1,0
CLJ5 FUT NYMEX 1000,20150315,185408,0,0,43.73,1,0,0,0
CLJ5 FUT NYMEX 1000,20150315,185408,0,0,43.73,3,0,0,0
CLJ5 FUT NYMEX 1000,20150315,185408,0,0,43.73,3,0,0,0
CLJ5 FUT NYMEX 1000,20150315,185408,0,0,0,0,43.75,5,0
CLJ5 FUT NYMEX 1000,20150315,185408,0,0,0,0,43.74,5,0
CLJ5 FUT NYMEX 1000,20150315,185408,0,0,0,0,43.74,1,0
CLJ5 FUT NYMEX 1000,20150315,185408,0,0,0,0,43.74,1,0
CLJ5 FUT NYMEX 1000,20150315,185409,43.75,5,0,0,0,0,0
CLJ5 FUT NYMEX 1000,20150315,185409,0,0,0,0,43.75,1,0
CLJ5 FUT NYMEX 1000,20150315,185409,0,0,0,0,43.75,8,0
CLJ5 FUT NYMEX 1000,20150315,185409,0,0,43.73,4,0,0,0
CLJ5 FUT NYMEX 1000,20150315,185409,0,0,0,0,43.75,8,0
CLJ5 FUT NYMEX 1000,20150315,185410,43.75,1,0,0,0,0,0
CLJ5 FUT NYMEX 1000,20150315,185410,0,0,43.73,3,0,0,0
CLJ5 FUT NYMEX 1000,20150315,185410,0,0,0,0,43.75,9,0
CLJ5 FUT NYMEX 1000,20150315,185410,43.75,8,0,0,0,0,0
CLJ5 FUT NYMEX 1000,20150315,185410,0,0,43.75,3,0,0,0
CLJ5 FUT NYMEX 1000,20150315,185410,0,0,43.75,1,0,0,0
CLJ5 FUT NYMEX 1000,20150315,185410,0,0,0,0,43.76,9,0
CLJ5 FUT NYMEX 1000,20150315,185410,0,0,0,0,43.76,4,0
CLJ5 FUT NYMEX 1000,20150315,185410,0,0,43.75,1,0,0,0
CLJ5 FUT NYMEX 1000,20150315,185410,0,0,0,0,43.76,4,0
CLJ5 FUT NYMEX 1000,20150315,185410,43.76,8,0,0,0,0,0
CLJ5 FUT NYMEX 1000,20150315,185410,43.76,3,0,0,0,0,0
CLJ5 FUT NYMEX 1000,20150315,185410,43.76,3,0,0,0,0,0
CLJ5 FUT NYMEX 1000,20150315,185410,0,0,43.76,1,0,0,0
CLJ5 FUT NYMEX 1000,20150315,185410,0,0,43.76,1,0,0,0
CLJ5 FUT NYMEX 1000,20150315,185410,0,0,0,0,43.77,4,0
CLJ5 FUT NYMEX 1000,20150315,185410,0,0,0,0,43.77,4,0
CLJ5 FUT NYMEX 1000,20150315,185410,43.75,3,0,0,0,0,0
CLJ5 FUT NYMEX 1000,20150315,185410,43.75,4,0,0,0,0,0
CLJ5 FUT NYMEX 1000,20150315,185410,43.75,4,0,0,0,0,0
CLJ5 FUT NYMEX 1000,20150315,185410,0,0,43.76,3,0,0,0
CLJ5 FUT NYMEX 1000,20150315,185410,0,0,43.76,4,0,0,0
CLJ5 FUT NYMEX 1000,20150315,185410,0,0,0,0,43.77,2,0
CLJ5 FUT NYMEX 1000,20150315,185410,0,0,43.75,4,0,0,0
CLJ5 FUT NYMEX 1000,20150315,185410,0,0,43.75,35,0,0,0
CLJ5 FUT NYMEX 1000,20150315,185410,0,0,43.75,35,0,0,0
CLJ5 FUT NYMEX 1000,20150315,185411,0,0,0,0,43.76,2,0
CLJ5 FUT NYMEX 1000,20150315,185411,0,0,0,0,43.76,2,0
CLJ5 FUT NYMEX 1000,20150315,185411,0,0,43.75,33,0,0,0
CLJ5 FUT NYMEX 1000,20150315,185411,43.75,3,0,0,0,0,0
CLJ5 FUT NYMEX 1000,20150315,185411,43.76,3,0,0,0,0,0
CLJ5 FUT NYMEX 1000,20150315,185411,43.76,1,0,0,0,0,0
CLJ5 FUT NYMEX 1000,20150315,185411,43.76,1,0,0,0,0,0
CLJ5 FUT NYMEX 1000,20150315,185411,0,0,0,0,43.77,2,0
CLJ5 FUT NYMEX 1000,20150315,185411,0,0,0,0,43.77,2,0
CLJ5 FUT NYMEX 1000,20150315,185411,0,0,43.76,33,0,0,0
CLJ5 FUT NYMEX 1000,20150315,185411,0,0,43.76,1,0,0,0
CLJ5 FUT NYMEX 1000,20150315,185411,0,0,43.76,1,0,0,0
CLJ5 FUT NYMEX 1000,20150315,185411,0,0,0,0,43.77,1,0
CLJ5 FUT NYMEX 1000,20150315,185411,0,0,43.75,1,0,0,0
CLJ5 FUT NYMEX 1000,20150315,185411,0,0,43.75,33,0,0,0
CLJ5 FUT NYMEX 1000,20150315,185411,0,0,0,0,43.76,1,0
CLJ5 FUT NYMEX 1000,20150315,185411,0,0,0,0,43.76,6,0
CLJ5 FUT NYMEX 1000,20150315,185411,0,0,43.75,33,0,0,0
CLJ5 FUT NYMEX 1000,20150315,185411,0,0,0,0,43.76,6,0
CLJ5 FUT NYMEX 1000,20150315,185412,0,0,43.75,1,0,0,0
CLJ5 FUT NYMEX 1000,20150315,185412,0,0,43.76,1,0,0,0
CLJ5 FUT NYMEX 1000,20150315,185412,0,0,43.76,1,0,0,0
CLJ5 FUT NYMEX 1000,20150315,185412,0,0,0,0,43.77,6,0
CLJ5 FUT NYMEX 1000,20150315,185412,0,0,0,0,43.77,1,0
CLJ5 FUT NYMEX 1000,20150315,185412,0,0,0,0,43.77,1,0
CLJ5 FUT NYMEX 1000,20150315,185412,0,0,43.76,3,0,0,0
CLJ5 FUT NYMEX 1000,20150315,185412,43.76,18,0,0,0,0,0
CLJ5 FUT NYMEX 1000,20150315,185412,0,0,43.76,1,0,0,0
CLJ5 FUT NYMEX 1000,20150315,185412,0,0,0,0,43.77,2,0
CLJ5 FUT NYMEX 1000,20150315,185412,0,0,0,0,43.77,1,0
CLJ5 FUT NYMEX 1000,20150315,185413,43.76,6,0,0,0,0,0
CLJ5 FUT NYMEX 1000,20150315,185413,43.79,6,0,0,0,0,0
CLJ5 FUT NYMEX 1000,20150315,185413,43.79,4,0,0,0,0,0
CLJ5 FUT NYMEX 1000,20150315,185413,43.79,4,0,0,0,0,0
CLJ5 FUT NYMEX 1000,20150315,185413,0,0,43.78,1,0,0,0
CLJ5 FUT NYMEX 1000,20150315,185413,0,0,43.78,29,0,0,0
CLJ5 FUT NYMEX 1000,20150315,185413,0,0,0,0,43.79,1,0
CLJ5 FUT NYMEX 1000,20150315,185413,0,0,0,0,43.79,6,0
CLJ5 FUT NYMEX 1000,20150315,185413,0,0,43.78,29,0,0,0
CLJ5 FUT NYMEX 1000,20150315,185413,0,0,0,0,43.79,6,0
CLJ5 FUT NYMEX 1000,20150315,185413,43.78,4,0,0,0,0,0
CLJ5 FUT NYMEX 1000,20150315,185413,43.78,5,0,0,0,0,0
CLJ5 FUT NYMEX 1000,20150315,185413,43.78,5,0,0,0,0,0
CLJ5 FUT NYMEX 1000,20150315,185413,0,0,43.76,29,0,0,0
CLJ5 FUT NYMEX 1000,20150315,185413,0,0,43.76,4,0,0,0
CLJ5 FUT NYMEX 1000,20150315,185413,0,0,0,0,43.78,6,0
CLJ5 FUT NYMEX 1000,20150315,185413,0,0,0,0,43.78,2,0
CLJ5 FUT NYMEX 1000,20150315,185413,0,0,43.76,4,0,0,0
CLJ5 FUT NYMEX 1000,20150315,185413,0,0,0,0,43.78,2,0
CLJ5 FUT NYMEX 1000,20150315,185414,43.77,5,0,0,0,0,0
CLJ5 FUT NYMEX 1000,20150315,185414,43.77,5,0,0,0,0,0
CLJ5 FUT NYMEX 1000,20150315,185414,0,0,0,0,43.77,2,0
CLJ5 FUT NYMEX 1000,20150315,185414,0,0,0,0,43.77,4,0
CLJ5 FUT NYMEX 1000,20150315,185414,0,0,43.76,2,0,0,0
CLJ5 FUT NYMEX 1000,20150315,185414,0,0,0,0,43.77,4,0
CLJ5 FUT NYMEX 1000,20150315,185414,0,0,0,0,43.77,2,0
CLJ5 FUT NYMEX 1000,20150315,185414,0,0,0,0,43.77,1,0
CLJ5 FUT NYMEX 1000,20150315,185414,0,0,43.76,1,0,0,0
CLJ5 FUT NYMEX 1000,20150315,185414,0,0,0,0,43.78,1,0
CLJ5 FUT NYMEX 1000,20150315,185414,0,0,0,0,43.78,1,0
CLJ5 FUT NYMEX 1000,20150315,185415,0,0,0,0,43.77,1,0
CLJ5 FUT NYMEX 1000,20150315,185415,0,0,0,0,43.77,8,0
CLJ5 FUT NYMEX 1000,20150315,185415,0,0,43.76,2,0,0,0
CLJ5 FUT NYMEX 1000,20150315,185415,0,0,0,0,43.77,8,0
CLJ5 FUT NYMEX 1000,20150315,185415,43.77,2,0,0,0,0,0
CLJ5 FUT NYMEX 1000,20150315,185415,43.81,2,0,0,0,0,0
CLJ5 FUT NYMEX 1000,20150315,185415,43.81,1,0,0,0,0,0
CLJ5 FUT NYMEX 1000,20150315,185415,43.81,1,0,0,0,0,0
CLJ5 FUT NYMEX 1000,20150315,185415,0,0,43.77,2,0,0,0
CLJ5 FUT NYMEX 1000,20150315,185415,0,0,43.77,4,0,0,0
CLJ5 FUT NYMEX 1000,20150315,185415,0,0,0,0,43.8,8,0
CLJ5 FUT NYMEX 1000,20150315,185415,0,0,0,0,43.8,3,0
CLJ5 FUT NYMEX 1000,20150315,185415,0,0,43.77,4,0,0,0
CLJ5 FUT NYMEX 1000,20150315,185415,0,0,0,0,43.8,3,0
CLJ5 FUT NYMEX 1000,20150315,185415,43.8,1,0,0,0,0,0
CLJ5 FUT NYMEX 1000,20150315,185415,43.8,3,0,0,0,0,0
CLJ5 FUT NYMEX 1000,20150315,185415,43.8,3,0,0,0,0,0
CLJ5 FUT NYMEX 1000,20150315,185415,0,0,43.78,4,0,0,0
CLJ5 FUT NYMEX 1000,20150315,185415,0,0,43.78,1,0,0,0
CLJ5 FUT NYMEX 1000,20150315,185415,0,0,43.78,1,0,0,0
CLJ5 FUT NYMEX 1000,20150315,185415,0,0,0,0,43.8,2,0
CLJ5 FUT NYMEX 1000,20150315,185415,43.77,3,0,0,0,0,0
CLJ5 FUT NYMEX 1000,20150315,185415,43.77,3,0,0,0,0,0
CLJ5 FUT NYMEX 1000,20150315,185415,0,0,43.76,1,0,0,0
CLJ5 FUT NYMEX 1000,20150315,185415,0,0,43.76,2,0,0,0
CLJ5 FUT NYMEX 1000,20150315,185415,0,0,43.76,2,0,0,0
CLJ5 FUT NYMEX 1000,20150315,185415,0,0,0,0,43.8,3,0
CLJ5 FUT NYMEX 1000,20150315,185415,43.76,3,0,0,0,0,0
CLJ5 FUT NYMEX 1000,20150315,185415,43.76,3,0,0,0,0,0
CLJ5 FUT NYMEX 1000,20150315,185415,0,0,43.76,3,0,0,0
CLJ5 FUT NYMEX 1000,20150315,185415,0,0,0,0,43.8,2,0
CLJ5 FUT NYMEX 1000,20150315,185416,0,0,43.77,3,0,0,0
CLJ5 FUT NYMEX 1000,20150315,185416,0,0,43.77,1,0,0,0
CLJ5 FUT NYMEX 1000,20150315,185416,0,0,43.77,1,0,0,0
CLJ5 FUT NYMEX 1000,20150315,185416,0,0,0,0,43.8,3,0
CLJ5 FUT NYMEX 1000,20150315,185417,0,0,43.77,2,0,0,0
CLJ5 FUT NYMEX 1000,20150315,185417,0,0,43.78,2,0,0,0
CLJ5 FUT NYMEX 1000,20150315,185417,0,0,43.78,1,0,0,0
CLJ5 FUT NYMEX 1000,20150315,185417,0,0,43.78,1,0,0,0
CLJ5 FUT NYMEX 1000,20150315,185418,0,0,43.78,3,0,0,0
CLJ5 FUT NYMEX 1000,20150315,185418,0,0,0,0,43.79,3,0
CLJ5 FUT NYMEX 1000,20150315,185418,0,0,0,0,43.79,1,0
CLJ5 FUT NYMEX 1000,20150315,185418,0,0,0,0,43.79,1,0
CLJ5 FUT NYMEX 1000,20150315,185418,43.79,3,0,0,0,0,0
CLJ5 FUT NYMEX 1000,20150315,185418,43.79,1,0,0,0,0,0
CLJ5 FUT NYMEX 1000,20150315,185418,43.79,1,0,0,0,0,0
CLJ5 FUT NYMEX 1000,20150315,185418,0,0,43.79,3,0,0,0
CLJ5 FUT NYMEX 1000,20150315,185418,0,0,43.79,3,0,0,0
CLJ5 FUT NYMEX 1000,20150315,185418,0,0,0,0,43.8,1,0
CLJ5 FUT NYMEX 1000,20150315,185418,0,0,0,0,43.8,3,0
CLJ5 FUT NYMEX 1000,20150315,185418,0,0,0,0,43.8,3,0
CLJ5 FUT NYMEX 1000,20150315,185418,0,0,43.79,2,0,0,0
CLJ5 FUT NYMEX 1000,20150315,185418,0,0,0,0,43.8,4,0
CLJ5 FUT NYMEX 1000,20150315,185419,43.8,1,0,0,0,0,0
CLJ5 FUT NYMEX 1000,20150315,185419,43.8,6,0,0,0,0,0
CLJ5 FUT NYMEX 1000,20150315,185419,43.8,6,0,0,0,0,0
CLJ5 FUT NYMEX 1000,20150315,185419,0,0,43.8,2,0,0,0
CLJ5 FUT NYMEX 1000,20150315,185419,0,0,43.8,17,0,0,0
CLJ5 FUT NYMEX 1000,20150315,185419,0,0,0,0,43.81,4,0
CLJ5 FUT NYMEX 1000,20150315,185419,0,0,0,0,43.81,8,0
CLJ5 FUT NYMEX 1000,20150315,185419,0,0,43.8,17,0,0,0
CLJ5 FUT NYMEX 1000,20150315,185419,0,0,0,0,43.81,8,0
CLJ5 FUT NYMEX 1000,20150315,185420,43.82,6,0,0,0,0,0
CLJ5 FUT NYMEX 1000,20150315,185420,43.82,1,0,0,0,0,0
CLJ5 FUT NYMEX 1000,20150315,185420,43.82,1,0,0,0,0,0
CLJ5 FUT NYMEX 1000,20150315,185420,0,0,43.81,17,0,0,0
CLJ5 FUT NYMEX 1000,20150315,185420,0,0,43.81,2,0,0,0
CLJ5 FUT NYMEX 1000,20150315,185420,0,0,0,0,43.82,8,0
CLJ5 FUT NYMEX 1000,20150315,185420,0,0,0,0,43.82,8,0
CLJ5 FUT NYMEX 1000,20150315,185420,0,0,43.81,2,0,0,0
CLJ5 FUT NYMEX 1000,20150315,185420,43.81,1,0,0,0,0,0
CLJ5 FUT NYMEX 1000,20150315,185420,43.81,2,0,0,0,0,0
CLJ5 FUT NYMEX 1000,20150315,185420,43.81,2,0,0,0,0,0
CLJ5 FUT NYMEX 1000,20150315,185421,43.82,2,0,0,0,0,0
CLJ5 FUT NYMEX 1000,20150315,185421,43.82,7,0,0,0,0,0
CLJ5 FUT NYMEX 1000,20150315,185421,43.82,7,0,0,0,0,0
CLJ5 FUT NYMEX 1000,20150315,185421,0,0,43.81,4,0,0,0
CLJ5 FUT NYMEX 1000,20150315,185421,0,0,0,0,43.82,4,0
CLJ5 FUT NYMEX 1000,20150315,185421,43.81,7,0,0,0,0,0
CLJ5 FUT NYMEX 1000,20150315,185421,43.81,1,0,0,0,0,0
CLJ5 FUT NYMEX 1000,20150315,185421,43.81,1,0,0,0,0,0
CLJ5 FUT NYMEX 1000,20150315,185421,43.82,1,0,0,0,0,0
CLJ5 FUT NYMEX 1000,20150315,185421,43.82,1,0,0,0,0,0
CLJ5 FUT NYMEX 1000,20150315,185422,0,0,0,0,43.82,2,0
CLJ5 FUT NYMEX 1000,20150315,185423,0,0,43.81,5,0,0,0
CLJ5 FUT NYMEX 1000,20150315,185425,0,0,43.81,16,0,0,0
CLJ5 FUT NYMEX 1000,20150315,185425,43.81,1,0,0,0,0,0
CLJ5 FUT NYMEX 1000,20150315,185425,43.81,3,0,0,0,0,0
CLJ5 FUT NYMEX 1000,20150315,185425,43.81,3,0,0,0,0,0
CLJ5 FUT NYMEX 1000,20150315,185426,0,0,43.81,13,0,0,0
CLJ5 FUT NYMEX 1000,20150315,185426,43.84,3,0,0,0,0,0
CLJ5 FUT NYMEX 1000,20150315,185426,43.84,6,0,0,0,0,0
CLJ5 FUT NYMEX 1000,20150315,185426,43.84,6,0,0,0,0,0
CLJ5 FUT NYMEX 1000,20150315,185426,0,0,43.83,13,0,0,0
CLJ5 FUT NYMEX 1000,20150315,185426,0,0,43.83,4,0,0,0
CLJ5 FUT NYMEX 1000,20150315,185426,0,0,0,0,43.84,2,0
CLJ5 FUT NYMEX 1000,20150315,185426,0,0,0,0,43.84,10,0
CLJ5 FUT NYMEX 1000,20150315,185426,0,0,43.83,4,0,0,0
CLJ5 FUT NYMEX 1000,20150315,185426,0,0,0,0,43.84,10,0
CLJ5 FUT NYMEX 1000,20150315,185426,43.83,6,0,0,0,0,0
CLJ5 FUT NYMEX 1000,20150315,185426,43.83,1,0,0,0,0,0
CLJ5 FUT NYMEX 1000,20150315,185426,43.83,1,0,0,0,0,0
CLJ5 FUT NYMEX 1000,20150315,185427,43.84,1,0,0,0,0,0
CLJ5 FUT NYMEX 1000,20150315,185427,43.84,2,0,0,0,0,0
CLJ5 FUT NYMEX 1000,20150315,185427,43.84,2,0,0,0,0,0
CLJ5 FUT NYMEX 1000,20150315,185427,0,0,0,0,43.85,10,0
CLJ5 FUT NYMEX 1000,20150315,185427,0,0,0,0,43.85,17,0
CLJ5 FUT NYMEX 1000,20150315,185427,0,0,43.83,1,0,0,0
CLJ5 FUT NYMEX 1000,20150315,185427,0,0,0,0,43.85,17,0
CLJ5 FUT NYMEX 1000,20150315,185427,0,0,0,0,43.84,17,0
CLJ5 FUT NYMEX 1000,20150315,185427,0,0,0,0,43.84,2,0
CLJ5 FUT NYMEX 1000,20150315,185427,0,0,0,0,43.84,2,0
CLJ5 FUT NYMEX 1000,20150315,185427,0,0,0,0,43.84,1,0
CLJ5 FUT NYMEX 1000,20150315,185427,43.84,8,0,0,0,0,0
CLJ5 FUT NYMEX 1000,20150315,185428,0,0,0,0,43.85,1,0
CLJ5 FUT NYMEX 1000,20150315,185428,0,0,0,0,43.85,17,0
CLJ5 FUT NYMEX 1000,20150315,185428,0,0,0,0,43.85,17,0
CLJ5 FUT NYMEX 1000,20150315,185428,43.85,8,0,0,0,0,0
CLJ5 FUT NYMEX 1000,20150315,185428,43.85,1,0,0,0,0,0
CLJ5 FUT NYMEX 1000,20150315,185428,43.85,1,0,0,0,0,0
CLJ5 FUT NYMEX 1000,20150315,185428,0,0,0,0,43.85,13,0
CLJ5 FUT NYMEX 1000,20150315,185428,43.84,1,0,0,0,0,0
CLJ5 FUT NYMEX 1000,20150315,185428,43.84,1,0,0,0,0,0
CLJ5 FUT NYMEX 1000,20150315,185428,43.85,1,0,0,0,0,0
CLJ5 FUT NYMEX 1000,20150315,185428,43.85,2,0,0,0,0,0
CLJ5 FUT NYMEX 1000,20150315,185428,43.85,2,0,0,0,0,0
CLJ5 FUT NYMEX 1000,20150315,185428,43.85,5,0,0,0,0,0
CLJ5 FUT NYMEX 1000,20150315,185428,0,0,0,0,43.85,7,0
CLJ5 FUT NYMEX 1000,20150315,185429,43.84,5,0,0,0,0,0
CLJ5 FUT NYMEX 1000,20150315,185429,43.84,2,0,0,0,0,0
CLJ5 FUT NYMEX 1000,20150315,185429,43.84,2,0,0,0,0,0
CLJ5 FUT NYMEX 1000,20150315,185429,0,0,0,0,43.84,7,0
CLJ5 FUT NYMEX 1000,20150315,185429,0,0,0,0,43.84,2,0
CLJ5 FUT NYMEX 1000,20150315,185429,0,0,0,0,43.84,2,0
CLJ5 FUT NYMEX 1000,20150315,185429,43.81,2,0,0,0,0,0
CLJ5 FUT NYMEX 1000,20150315,185429,43.81,5,0,0,0,0,0
CLJ5 FUT NYMEX 1000,20150315,185429,43.81,5,0,0,0,0,0
CLJ5 FUT NYMEX 1000,20150315,185429,0,0,43.82,1,0,0,0
CLJ5 FUT NYMEX 1000,20150315,185429,0,0,43.82,1,0,0,0
CLJ5 FUT NYMEX 1000,20150315,185429,0,0,0,0,43.84,3,0
CLJ5 FUT NYMEX 1000,20150315,185430,43.82,5,0,0,0,0,0
CLJ5 FUT NYMEX 1000,20150315,185430,43.82,1,0,0,0,0,0
CLJ5 FUT NYMEX 1000,20150315,185430,43.82,1,0,0,0,0,0
CLJ5 FUT NYMEX 1000,20150315,185430,0,0,43.81,1,0,0,0
CLJ5 FUT NYMEX 1000,20150315,185430,0,0,43.81,9,0,0,0
CLJ5 FUT NYMEX 1000,20150315,185430,0,0,0,0,43.82,3,0
CLJ5 FUT NYMEX 1000,20150315,185430,0,0,0,0,43.82,1,0
CLJ5 FUT NYMEX 1000,20150315,185430,0,0,43.81,9,0,0,0
CLJ5 FUT NYMEX 1000,20150315,185430,0,0,0,0,43.82,1,0
CLJ5 FUT NYMEX 1000,20150315,185430,0,0,43.82,9,0,0,0
CLJ5 FUT NYMEX 1000,20150315,185430,0,0,43.82,3,0,0,0
CLJ5 FUT NYMEX 1000,20150315,185430,0,0,0,0,43.83,1,0
CLJ5 FUT NYMEX 1000,20150315,185430,0,0,0,0,43.83,1,0
CLJ5 FUT NYMEX 1000,20150315,185430,0,0,43.82,3,0,0,0
CLJ5 FUT NYMEX 1000,20150315,185431,0,0,0,0,43.83,3,0
CLJ5 FUT NYMEX 1000,20150315,185432,43.83,1,0,0,0,0,0
CLJ5 FUT NYMEX 1000,20150315,185432,43.83,1,0,0,0,0,0
CLJ5 FUT NYMEX 1000,20150315,185432,0,0,43.82,4,0,0,0
CLJ5 FUT NYMEX 1000,20150315,185432,0,0,0,0,43.83,2,0
CLJ5 FUT NYMEX 1000,20150315,185433,0,0,43.82,5,0,0,0
CLJ5 FUT NYMEX 1000,20150315,185433,0,0,0,0,43.83,1,0
CLJ5 FUT NYMEX 1000,20150315,185434,0,0,43.82,4,0,0,0
CLJ5 FUT NYMEX 1000,20150315,185434,43.82,1,0,0,0,0,0
CLJ5 FUT NYMEX 1000,20150315,185434,43.82,1,0,0,0,0,0
CLJ5 FUT NYMEX 1000,20150315,185434,0,0,43.81,4,0,0,0
CLJ5 FUT NYMEX 1000,20150315,185434,0,0,43.81,9,0,0,0
CLJ5 FUT NYMEX 1000,20150315,185434,0,0,0,0,43.82,1,0
CLJ5 FUT NYMEX 1000,20150315,185434,0,0,0,0,43.82,4,0
CLJ5 FUT NYMEX 1000,20150315,185434,0,0,43.81,9,0,0,0
CLJ5 FUT NYMEX 1000,20150315,185434,0,0,0,0,43.82,4,0
CLJ5 FUT NYMEX 1000,20150315,185435,0,0,0,0,43.83,4,0
CLJ5 FUT NYMEX 1000,20150315,185435,0,0,0,0,43.83,6,0
CLJ5 FUT NYMEX 1000,20150315,185435,0,0,43.81,12,0,0,0
CLJ5 FUT NYMEX 1000,20150315,185435,0,0,0,0,43.83,6,0
CLJ5 FUT NYMEX 1000,20150315,185435,43.82,4,0,0,0,0,0
CLJ5 FUT NYMEX 1000,20150315,185435,0,0,0,0,43.82,6,0
CLJ5 FUT NYMEX 1000,20150315,185435,0,0,0,0,43.82,3,0
CLJ5 FUT NYMEX 1000,20150315,185435,0,0,0,0,43.82,3,0
CLJ5 FUT NYMEX 1000,20150315,185436,43.81,4,0,0,0,0,0
CLJ5 FUT NYMEX 1000,20150315,185436,43.81,2,0,0,0,0,0
CLJ5 FUT NYMEX 1000,20150315,185436,43.81,2,0,0,0,0,0
CLJ5 FUT NYMEX 1000,20150315,185436,43.8,2,0,0,0,0,0
CLJ5 FUT NYMEX 1000,20150315,185436,43.8,1,0,0,0,0,0
CLJ5 FUT NYMEX 1000,20150315,185436,43.8,1,0,0,0,0,0
CLJ5 FUT NYMEX 1000,20150315,185436,0,0,43.78,12,0,0,0
CLJ5 FUT NYMEX 1000,20150315,185436,0,0,43.78,7,0,0,0
CLJ5 FUT NYMEX 1000,20150315,185436,0,0,0,0,43.8,3,0
CLJ5 FUT NYMEX 1000,20150315,185436,0,0,0,0,43.8,4,0
CLJ5 FUT NYMEX 1000,20150315,185436,0,0,43.78,7,0,0,0
CLJ5 FUT NYMEX 1000,20150315,185436,0,0,0,0,43.8,4,0
CLJ5 FUT NYMEX 1000,20150315,185436,43.78,1,0,0,0,0,0
CLJ5 FUT NYMEX 1000,20150315,185436,43.78,1,0,0,0,0,0
CLJ5 FUT NYMEX 1000,20150315,185436,0,0,43.78,3,0,0,0
CLJ5 FUT NYMEX 1000,20150315,185437,0,0,0,0,43.8,5,0
CLJ5 FUT NYMEX 1000,20150315,185437,0,0,43.78,16,0,0,0
CLJ5 FUT NYMEX 1000,20150315,185438,43.8,1,0,0,0,0,0
CLJ5 FUT NYMEX 1000,20150315,185438,43.8,1,0,0,0,0,0
CLJ5 FUT NYMEX 1000,20150315,185438,0,0,0,0,43.8,4,0
CLJ5 FUT NYMEX 1000,20150315,185438,43.79,1,0,0,0,0,0
CLJ5 FUT NYMEX 1000,20150315,185438,43.79,1,0,0,0,0,0
CLJ5 FUT NYMEX 1000,20150315,185438,43.8,1,0,0,0,0,0
CLJ5 FUT NYMEX 1000,20150315,185438,43.8,1,0,0,0,0,0
CLJ5 FUT NYMEX 1000,20150315,185438,0,0,43.79,16,0,0,0
CLJ5 FUT NYMEX 1000,20150315,185438,0,0,43.79,2,0,0,0
CLJ5 FUT NYMEX 1000,20150315,185438,0,0,43.79,2,0,0,0
CLJ5 FUT NYMEX 1000,20150315,185438,0,0,0,0,43.8,1,0
CLJ5 FUT NYMEX 1000,20150315,185438,0,0,0,0,43.81,1,0
CLJ5 FUT NYMEX 1000,20150315,185438,0,0,0,0,43.81,5,0
CLJ5 FUT NYMEX 1000,20150315,185438,0,0,0,0,43.81,5,0
CLJ5 FUT NYMEX 1000,20150315,185439,0,0,0,0,43.8,5,0
CLJ5 FUT NYMEX 1000,20150315,185439,0,0,0,0,43.8,1,0
CLJ5 FUT NYMEX 1000,20150315,185439,0,0,43.79,1,0,0,0
CLJ5 FUT NYMEX 1000,20150315,185439,0,0,0,0,43.8,1,0
CLJ5 FUT NYMEX 1000,20150315,185440,0,0,0,0,43.81,1,0
CLJ5 FUT NYMEX 1000,20150315,185440,0,0,0,0,43.81,2,0
CLJ5 FUT NYMEX 1000,20150315,185440,0,0,43.79,2,0,0,0
CLJ5 FUT NYMEX 1000,20150315,185440,0,0,0,0,43.81,2,0
CLJ5 FUT NYMEX 1000,20150315,185440,0,0,43.8,2,0,0,0
CLJ5 FUT NYMEX 1000,20150315,185440,0,0,43.8,1,0,0,0
CLJ5 FUT NYMEX 1000,20150315,185440,0,0,43.8,1,0,0,0
CLJ5 FUT NYMEX 1000,20150315,185440,0,0,0,0,43.81,1,0
CLJ5 FUT NYMEX 1000,20150315,185440,0,0,43.8,2,0,0,0
CLJ5 FUT NYMEX 1000,20150315,185444,0,0,43.8,1,0,0,0
CLJ5 FUT NYMEX 1000,20150315,185444,0,0,0,0,43.81,2,0
CLJ5 FUT NYMEX 1000,20150315,185445,0,0,0,0,43.81,1,0
CLJ5 FUT NYMEX 1000,20150315,185445,0,0,43.79,1,0,0,0
CLJ5 FUT NYMEX 1000,20150315,185445,0,0,43.79,4,0,0,0
CLJ5 FUT NYMEX 1000,20150315,185445,0,0,43.79,4,0,0,0
CLJ5 FUT NYMEX 1000,20150315,185445,0,0,0,0,43.81,2,0
CLJ5 FUT NYMEX 1000,20150315,185446,43.81,1,0,0,0,0,0
CLJ5 FUT NYMEX 1000,20150315,185446,43.81,1,0,0,0,0,0
CLJ5 FUT NYMEX 1000,20150315,185447,0,0,0,0,43.81,4,0
CLJ5 FUT NYMEX 1000,20150315,185448,43.79,1,0,0,0,0,0
CLJ5 FUT NYMEX 1000,20150315,185448,43.79,1,0,0,0,0,0
CLJ5 FUT NYMEX 1000,20150315,185448,0,0,0,0,43.8,4,0
CLJ5 FUT NYMEX 1000,20150315,185448,0,0,0,0,43.8,3,0
CLJ5 FUT NYMEX 1000,20150315,185448,0,0,0,0,43.8,3,0
CLJ5 FUT NYMEX 1000,20150315,185450,0,0,0,0,43.8,10,0
CLJ5 FUT NYMEX 1000,20150315,185451,0,0,43.79,2,0,0,0
CLJ5 FUT NYMEX 1000,20150315,185451,0,0,0,0,43.8,11,0
CLJ5 FUT NYMEX 1000,20150315,185452,0,0,43.79,16,0,0,0
CLJ5 FUT NYMEX 1000,20150315,185452,43.79,4,0,0,0,0,0
CLJ5 FUT NYMEX 1000,20150315,185453,43.79,15,0,0,0,0,0
CLJ5 FUT NYMEX 1000,20150315,185453,0,0,43.77,16,0,0,0
CLJ5 FUT NYMEX 1000,20150315,185453,0,0,43.77,2,0,0,0
CLJ5 FUT NYMEX 1000,20150315,185453,0,0,0,0,43.79,11,0
CLJ5 FUT NYMEX 1000,20150315,185453,0,0,0,0,43.79,2,0
CLJ5 FUT NYMEX 1000,20150315,185453,0,0,43.77,2,0,0,0
CLJ5 FUT NYMEX 1000,20150315,185453,0,0,0,0,43.79,2,0
CLJ5 FUT NYMEX 1000,20150315,185453,0,0,43.77,1,0,0,0
CLJ5 FUT NYMEX 1000,20150315,185453,0,0,0,0,43.79,3,0
CLJ5 FUT NYMEX 1000,20150315,185453,43.77,15,0,0,0,0,0
CLJ5 FUT NYMEX 1000,20150315,185453,43.77,1,0,0,0,0,0
CLJ5 FUT NYMEX 1000,20150315,185453,43.77,1,0,0,0,0,0
CLJ5 FUT NYMEX 1000,20150315,185453,0,0,43.76,1,0,0,0
CLJ5 FUT NYMEX 1000,20150315,185453,0,0,43.76,1,0,0,0
CLJ5 FUT NYMEX 1000,20150315,185453,0,0,0,0,43.78,3,0
CLJ5 FUT NYMEX 1000,20150315,185453,0,0,0,0,43.78,4,0
CLJ5 FUT NYMEX 1000,20150315,185453,0,0,0,0,43.78,4,0
CLJ5 FUT NYMEX 1000,20150315,185454,0,0,0,0,43.77,4,0
CLJ5 FUT NYMEX 1000,20150315,185454,0,0,0,0,43.77,2,0
CLJ5 FUT NYMEX 1000,20150315,185454,0,0,0,0,43.77,2,0
CLJ5 FUT NYMEX 1000,20150315,185454,0,0,0,0,43.77,5,0
CLJ5 FUT NYMEX 1000,20150315,185454,43.77,3,0,0,0,0,0
CLJ5 FUT NYMEX 1000,20150315,185455,0,0,43.75,1,0,0,0
CLJ5 FUT NYMEX 1000,20150315,185455,0,0,43.75,6,0,0,0
CLJ5 FUT NYMEX 1000,20150315,185455,0,0,0,0,43.76,5,0
CLJ5 FUT NYMEX 1000,20150315,185455,0,0,0,0,43.76,1,0
CLJ5 FUT NYMEX 1000,20150315,185455,0,0,43.75,6,0,0,0
CLJ5 FUT NYMEX 1000,20150315,185455,0,0,0,0,43.76,1,0
CLJ5 FUT NYMEX 1000,20150315,185455,0,0,0,0,43.77,1,0
CLJ5 FUT NYMEX 1000,20150315,185455,0,0,0,0,43.77,15,0
CLJ5 FUT NYMEX 1000,20150315,185455,0,0,43.75,5,0,0,0
CLJ5 FUT NYMEX 1000,20150315,185455,0,0,0,0,43.77,15,0
CLJ5 FUT NYMEX 1000,20150315,185456,43.75,3,0,0,0,0,0
CLJ5 FUT NYMEX 1000,20150315,185456,43.75,1,0,0,0,0,0
CLJ5 FUT NYMEX 1000,20150315,185456,43.75,1,0,0,0,0,0
CLJ5 FUT NYMEX 1000,20150315,185456,0,0,0,0,43.76,15,0
CLJ5 FUT NYMEX 1000,20150315,185456,0,0,0,0,43.76,1,0
CLJ5 FUT NYMEX 1000,20150315,185456,0,0,43.75,4,0,0,0
CLJ5 FUT NYMEX 1000,20150315,185456,0,0,0,0,43.76,1,0
CLJ5 FUT NYMEX 1000,20150315,185456,0,0,0,0,43.77,1,0
CLJ5 FUT NYMEX 1000,20150315,185456,0,0,0,0,43.77,13,0
CLJ5 FUT NYMEX 1000,20150315,185456,0,0,0,0,43.77,13,0
CLJ5 FUT NYMEX 1000,20150315,185456,0,0,43.76,4,0,0,0
CLJ5 FUT NYMEX 1000,20150315,185456,0,0,43.76,1,0,0,0
CLJ5 FUT NYMEX 1000,20150315,185456,0,0,43.76,1,0,0,0
CLJ5 FUT NYMEX 1000,20150315,185457,43.76,1,0,0,0,0,0
CLJ5 FUT NYMEX 1000,20150315,185457,43.76,1,0,0,0,0,0
CLJ5 FUT NYMEX 1000,20150315,185457,43.77,1,0,0,0,0,0
CLJ5 FUT NYMEX 1000,20150315,185457,43.77,2,0,0,0,0,0
CLJ5 FUT NYMEX 1000,20150315,185457,43.77,2,0,0,0,0,0
CLJ5 FUT NYMEX 1000,20150315,185457,0,0,0,0,43.77,10,0
CLJ5 FUT NYMEX 1000,20150315,185457,0,0,43.76,2,0,0,0
CLJ5 FUT NYMEX 1000,20150315,185457,0,0,0,0,43.77,5,0
CLJ5 FUT NYMEX 1000,20150315,185458,0,0,43.77,2,0,0,0
CLJ5 FUT NYMEX 1000,20150315,185458,0,0,43.77,3,0,0,0
CLJ5 FUT NYMEX 1000,20150315,185458,0,0,0,0,43.79,5,0
CLJ5 FUT NYMEX 1000,20150315,185458,0,0,0,0,43.79,5,0
CLJ5 FUT NYMEX 1000,20150315,185458,0,0,43.77,3,0,0,0
CLJ5 FUT NYMEX 1000,20150315,185458,0,0,43.77,17,0,0,0
CLJ5 FUT NYMEX 1000,20150315,185458,0,0,0,0,43.79,4,0
CLJ5 FUT NYMEX 1000,20150315,185458,43.77,10,0,0,0,0,0
CLJ5 FUT NYMEX 1000,20150315,185459,0,0,43.77,16,0,0,0
CLJ5 FUT NYMEX 1000,20150315,185459,0,0,0,0,43.79,3,0
CLJ5 FUT NYMEX 1000,20150315,185459,43.77,1,0,0,0,0,0
