719                 
CLM5 FUT NYMEX 1000,20150315,185220,47.76,1,0,0,0,0,0
CLM5 FUT NYMEX 1000,20150315,185220,47.76,1,0,0,0,0,0
CLM5 FUT NYMEX 1000,20150315,185220,0,0,47.75,8,0,0,0
CLM5 FUT NYMEX 1000,20150315,185220,0,0,0,0,47.78,14,0
CLM5 FUT NYMEX 1000,20150315,185220,0,0,47.75,8,0,0,0
CLM5 FUT NYMEX 1000,20150315,185220,0,0,0,0,47.78,14,0
CLM5 FUT NYMEX 1000,20150315,185221,47.75,1,0,0,0,0,0
CLM5 FUT NYMEX 1000,20150315,185221,47.75,5,0,0,0,0,0
CLM5 FUT NYMEX 1000,20150315,185221,47.75,5,0,0,0,0,0
CLM5 FUT NYMEX 1000,20150315,185221,0,0,0,0,47.77,14,0
CLM5 FUT NYMEX 1000,20150315,185221,0,0,0,0,47.77,1,0
CLM5 FUT NYMEX 1000,20150315,185221,0,0,47.75,2,0,0,0
CLM5 FUT NYMEX 1000,20150315,185221,0,0,0,0,47.77,1,0
CLM5 FUT NYMEX 1000,20150315,185221,0,0,0,0,47.77,9,0
CLM5 FUT NYMEX 1000,20150315,185222,0,0,47.75,1,0,0,0
CLM5 FUT NYMEX 1000,20150315,185222,0,0,0,0,47.77,7,0
CLM5 FUT NYMEX 1000,20150315,185223,0,0,47.74,1,0,0,0
CLM5 FUT NYMEX 1000,20150315,185223,0,0,47.74,1,0,0,0
CLM5 FUT NYMEX 1000,20150315,185223,0,0,0,0,47.76,7,0
CLM5 FUT NYMEX 1000,20150315,185223,0,0,0,0,47.76,1,0
CLM5 FUT NYMEX 1000,20150315,185223,0,0,0,0,47.76,1,0
CLM5 FUT NYMEX 1000,20150315,185223,0,0,0,0,47.76,2,0
CLM5 FUT NYMEX 1000,20150315,185223,47.75,2,0,0,0,0,0
CLM5 FUT NYMEX 1000,20150315,185224,0,0,0,0,47.75,2,0
CLM5 FUT NYMEX 1000,20150315,185224,0,0,0,0,47.75,1,0
CLM5 FUT NYMEX 1000,20150315,185224,0,0,0,0,47.75,1,0
CLM5 FUT NYMEX 1000,20150315,185224,0,0,0,0,47.76,1,0
CLM5 FUT NYMEX 1000,20150315,185224,0,0,0,0,47.76,4,0
CLM5 FUT NYMEX 1000,20150315,185224,0,0,0,0,47.76,4,0
CLM5 FUT NYMEX 1000,20150315,185225,0,0,47.73,1,0,0,0
CLM5 FUT NYMEX 1000,20150315,185225,0,0,47.73,1,0,0,0
CLM5 FUT NYMEX 1000,20150315,185225,0,0,0,0,47.76,1,0
CLM5 FUT NYMEX 1000,20150315,185225,0,0,0,0,47.76,5,0
CLM5 FUT NYMEX 1000,20150315,185226,0,0,47.71,1,0,0,0
CLM5 FUT NYMEX 1000,20150315,185226,0,0,47.71,2,0,0,0
CLM5 FUT NYMEX 1000,20150315,185226,0,0,0,0,47.75,5,0
CLM5 FUT NYMEX 1000,20150315,185226,0,0,0,0,47.75,1,0
CLM5 FUT NYMEX 1000,20150315,185226,0,0,47.71,2,0,0,0
CLM5 FUT NYMEX 1000,20150315,185226,0,0,0,0,47.75,1,0
CLM5 FUT NYMEX 1000,20150315,185226,0,0,0,0,47.76,1,0
CLM5 FUT NYMEX 1000,20150315,185226,0,0,0,0,47.76,3,0
CLM5 FUT NYMEX 1000,20150315,185226,0,0,47.71,3,0,0,0
CLM5 FUT NYMEX 1000,20150315,185226,0,0,0,0,47.76,3,0
CLM5 FUT NYMEX 1000,20150315,185226,0,0,47.7,3,0,0,0
CLM5 FUT NYMEX 1000,20150315,185226,0,0,47.7,1,0,0,0
CLM5 FUT NYMEX 1000,20150315,185226,0,0,0,0,47.74,3,0
CLM5 FUT NYMEX 1000,20150315,185226,0,0,0,0,47.74,1,0
CLM5 FUT NYMEX 1000,20150315,185226,0,0,47.7,1,0,0,0
CLM5 FUT NYMEX 1000,20150315,185226,0,0,0,0,47.74,1,0
CLM5 FUT NYMEX 1000,20150315,185227,0,0,0,0,47.74,3,0
CLM5 FUT NYMEX 1000,20150315,185227,0,0,0,0,47.75,3,0
CLM5 FUT NYMEX 1000,20150315,185227,0,0,0,0,47.75,8,0
CLM5 FUT NYMEX 1000,20150315,185227,0,0,0,0,47.75,8,0
CLM5 FUT NYMEX 1000,20150315,185228,0,0,0,0,47.75,9,0
CLM5 FUT NYMEX 1000,20150315,185228,0,0,0,0,47.75,11,0
CLM5 FUT NYMEX 1000,20150315,185228,0,0,0,0,47.74,11,0
CLM5 FUT NYMEX 1000,20150315,185228,0,0,0,0,47.74,1,0
CLM5 FUT NYMEX 1000,20150315,185228,0,0,0,0,47.74,1,0
CLM5 FUT NYMEX 1000,20150315,185228,0,0,0,0,47.75,1,0
CLM5 FUT NYMEX 1000,20150315,185228,0,0,0,0,47.75,11,0
CLM5 FUT NYMEX 1000,20150315,185228,0,0,0,0,47.75,11,0
CLM5 FUT NYMEX 1000,20150315,185229,0,0,47.68,1,0,0,0
CLM5 FUT NYMEX 1000,20150315,185229,0,0,47.68,1,0,0,0
CLM5 FUT NYMEX 1000,20150315,185229,0,0,0,0,47.74,11,0
CLM5 FUT NYMEX 1000,20150315,185229,0,0,0,0,47.74,1,0
CLM5 FUT NYMEX 1000,20150315,185229,0,0,0,0,47.74,1,0
CLM5 FUT NYMEX 1000,20150315,185229,0,0,47.67,1,0,0,0
CLM5 FUT NYMEX 1000,20150315,185229,0,0,47.67,1,0,0,0
CLM5 FUT NYMEX 1000,20150315,185229,0,0,0,0,47.71,1,0
CLM5 FUT NYMEX 1000,20150315,185229,0,0,0,0,47.71,2,0
CLM5 FUT NYMEX 1000,20150315,185229,0,0,0,0,47.71,2,0
CLM5 FUT NYMEX 1000,20150315,185229,0,0,47.65,1,0,0,0
CLM5 FUT NYMEX 1000,20150315,185229,0,0,47.65,4,0,0,0
CLM5 FUT NYMEX 1000,20150315,185229,0,0,47.65,4,0,0,0
CLM5 FUT NYMEX 1000,20150315,185229,0,0,0,0,47.71,1,0
CLM5 FUT NYMEX 1000,20150315,185229,0,0,47.67,4,0,0,0
CLM5 FUT NYMEX 1000,20150315,185229,0,0,47.67,1,0,0,0
CLM5 FUT NYMEX 1000,20150315,185229,0,0,47.67,1,0,0,0
CLM5 FUT NYMEX 1000,20150315,185229,0,0,0,0,47.7,1,0
CLM5 FUT NYMEX 1000,20150315,185229,0,0,0,0,47.7,1,0
CLM5 FUT NYMEX 1000,20150315,185230,0,0,0,0,47.71,1,0
CLM5 FUT NYMEX 1000,20150315,185230,0,0,0,0,47.71,9,0
CLM5 FUT NYMEX 1000,20150315,185230,0,0,0,0,47.71,9,0
CLM5 FUT NYMEX 1000,20150315,185230,0,0,0,0,47.7,9,0
CLM5 FUT NYMEX 1000,20150315,185230,0,0,0,0,47.7,3,0
CLM5 FUT NYMEX 1000,20150315,185230,0,0,0,0,47.7,3,0
CLM5 FUT NYMEX 1000,20150315,185230,0,0,0,0,47.7,2,0
CLM5 FUT NYMEX 1000,20150315,185230,0,0,0,0,47.7,1,0
CLM5 FUT NYMEX 1000,20150315,185230,0,0,0,0,47.7,2,0
CLM5 FUT NYMEX 1000,20150315,185230,0,0,0,0,47.7,1,0
CLM5 FUT NYMEX 1000,20150315,185231,0,0,0,0,47.7,9,0
CLM5 FUT NYMEX 1000,20150315,185231,0,0,0,0,47.7,4,0
CLM5 FUT NYMEX 1000,20150315,185232,0,0,0,0,47.71,4,0
CLM5 FUT NYMEX 1000,20150315,185232,0,0,0,0,47.71,1,0
CLM5 FUT NYMEX 1000,20150315,185232,0,0,0,0,47.71,1,0
CLM5 FUT NYMEX 1000,20150315,185232,0,0,47.67,2,0,0,0
CLM5 FUT NYMEX 1000,20150315,185233,0,0,0,0,47.7,1,0
CLM5 FUT NYMEX 1000,20150315,185233,0,0,0,0,47.7,1,0
CLM5 FUT NYMEX 1000,20150315,185233,0,0,0,0,47.7,2,0
CLM5 FUT NYMEX 1000,20150315,185234,0,0,0,0,47.7,1,0
CLM5 FUT NYMEX 1000,20150315,185235,0,0,47.67,1,0,0,0
CLM5 FUT NYMEX 1000,20150315,185235,0,0,47.68,1,0,0,0
CLM5 FUT NYMEX 1000,20150315,185235,0,0,47.68,1,0,0,0
CLM5 FUT NYMEX 1000,20150315,185235,0,0,47.67,1,0,0,0
CLM5 FUT NYMEX 1000,20150315,185235,0,0,47.67,3,0,0,0
CLM5 FUT NYMEX 1000,20150315,185235,0,0,47.67,3,0,0,0
CLM5 FUT NYMEX 1000,20150315,185236,0,0,47.66,3,0,0,0
CLM5 FUT NYMEX 1000,20150315,185236,0,0,47.66,3,0,0,0
CLM5 FUT NYMEX 1000,20150315,185236,0,0,47.67,3,0,0,0
CLM5 FUT NYMEX 1000,20150315,185236,0,0,47.67,1,0,0,0
CLM5 FUT NYMEX 1000,20150315,185236,0,0,47.67,1,0,0,0
CLM5 FUT NYMEX 1000,20150315,185236,0,0,47.66,1,0,0,0
CLM5 FUT NYMEX 1000,20150315,185236,0,0,47.66,1,0,0,0
CLM5 FUT NYMEX 1000,20150315,185239,0,0,47.65,1,0,0,0
CLM5 FUT NYMEX 1000,20150315,185239,0,0,47.65,6,0,0,0
CLM5 FUT NYMEX 1000,20150315,185239,0,0,47.65,6,0,0,0
CLM5 FUT NYMEX 1000,20150315,185239,0,0,47.66,6,0,0,0
CLM5 FUT NYMEX 1000,20150315,185239,0,0,47.66,1,0,0,0
CLM5 FUT NYMEX 1000,20150315,185239,0,0,47.66,1,0,0,0
CLM5 FUT NYMEX 1000,20150315,185239,0,0,47.65,1,0,0,0
CLM5 FUT NYMEX 1000,20150315,185239,0,0,47.65,6,0,0,0
CLM5 FUT NYMEX 1000,20150315,185239,0,0,47.65,6,0,0,0
CLM5 FUT NYMEX 1000,20150315,185241,0,0,47.65,7,0,0,0
CLM5 FUT NYMEX 1000,20150315,185241,0,0,47.66,7,0,0,0
CLM5 FUT NYMEX 1000,20150315,185241,0,0,47.66,1,0,0,0
CLM5 FUT NYMEX 1000,20150315,185241,0,0,47.66,1,0,0,0
CLM5 FUT NYMEX 1000,20150315,185243,0,0,47.66,2,0,0,0
CLM5 FUT NYMEX 1000,20150315,185244,0,0,47.67,2,0,0,0
CLM5 FUT NYMEX 1000,20150315,185244,0,0,47.67,1,0,0,0
CLM5 FUT NYMEX 1000,20150315,185244,0,0,47.67,1,0,0,0
CLM5 FUT NYMEX 1000,20150315,185245,0,0,47.67,2,0,0,0
CLM5 FUT NYMEX 1000,20150315,185245,0,0,0,0,47.71,1,0
CLM5 FUT NYMEX 1000,20150315,185245,0,0,0,0,47.71,1,0
CLM5 FUT NYMEX 1000,20150315,185245,0,0,47.67,3,0,0,0
CLM5 FUT NYMEX 1000,20150315,185245,0,0,47.68,3,0,0,0
CLM5 FUT NYMEX 1000,20150315,185245,0,0,47.68,5,0,0,0
CLM5 FUT NYMEX 1000,20150315,185245,0,0,47.68,5,0,0,0
CLM5 FUT NYMEX 1000,20150315,185246,0,0,47.71,5,0,0,0
CLM5 FUT NYMEX 1000,20150315,185246,0,0,47.71,1,0,0,0
CLM5 FUT NYMEX 1000,20150315,185246,0,0,0,0,47.75,1,0
CLM5 FUT NYMEX 1000,20150315,185246,0,0,0,0,47.75,4,0
CLM5 FUT NYMEX 1000,20150315,185246,0,0,47.71,1,0,0,0
CLM5 FUT NYMEX 1000,20150315,185246,0,0,0,0,47.75,4,0
CLM5 FUT NYMEX 1000,20150315,185247,0,0,47.7,1,0,0,0
CLM5 FUT NYMEX 1000,20150315,185247,0,0,47.7,1,0,0,0
CLM5 FUT NYMEX 1000,20150315,185247,0,0,0,0,47.74,4,0
CLM5 FUT NYMEX 1000,20150315,185247,0,0,0,0,47.74,1,0
CLM5 FUT NYMEX 1000,20150315,185247,0,0,0,0,47.74,1,0
CLM5 FUT NYMEX 1000,20150315,185247,0,0,0,0,47.75,1,0
CLM5 FUT NYMEX 1000,20150315,185247,0,0,0,0,47.75,4,0
CLM5 FUT NYMEX 1000,20150315,185247,0,0,0,0,47.75,4,0
CLM5 FUT NYMEX 1000,20150315,185248,0,0,0,0,47.76,4,0
CLM5 FUT NYMEX 1000,20150315,185248,0,0,0,0,47.76,3,0
CLM5 FUT NYMEX 1000,20150315,185248,0,0,0,0,47.76,3,0
CLM5 FUT NYMEX 1000,20150315,185248,0,0,0,0,47.75,3,0
CLM5 FUT NYMEX 1000,20150315,185248,0,0,0,0,47.75,2,0
CLM5 FUT NYMEX 1000,20150315,185248,0,0,0,0,47.75,2,0
CLM5 FUT NYMEX 1000,20150315,185249,0,0,0,0,47.75,1,0
CLM5 FUT NYMEX 1000,20150315,185249,0,0,0,0,47.76,1,0
CLM5 FUT NYMEX 1000,20150315,185249,0,0,0,0,47.76,4,0
CLM5 FUT NYMEX 1000,20150315,185249,0,0,0,0,47.76,4,0
CLM5 FUT NYMEX 1000,20150315,185250,0,0,0,0,47.75,4,0
CLM5 FUT NYMEX 1000,20150315,185250,0,0,0,0,47.75,3,0
CLM5 FUT NYMEX 1000,20150315,185250,0,0,0,0,47.75,3,0
CLM5 FUT NYMEX 1000,20150315,185251,0,0,0,0,47.74,3,0
CLM5 FUT NYMEX 1000,20150315,185251,0,0,0,0,47.74,2,0
CLM5 FUT NYMEX 1000,20150315,185251,0,0,0,0,47.74,2,0
CLM5 FUT NYMEX 1000,20150315,185251,0,0,0,0,47.74,9,0
CLM5 FUT NYMEX 1000,20150315,185251,0,0,47.69,1,0,0,0
CLM5 FUT NYMEX 1000,20150315,185251,0,0,47.69,1,0,0,0
CLM5 FUT NYMEX 1000,20150315,185251,0,0,0,0,47.72,9,0
CLM5 FUT NYMEX 1000,20150315,185251,0,0,0,0,47.72,1,0
CLM5 FUT NYMEX 1000,20150315,185251,0,0,0,0,47.72,1,0
CLM5 FUT NYMEX 1000,20150315,185251,0,0,0,0,47.73,1,0
CLM5 FUT NYMEX 1000,20150315,185251,0,0,0,0,47.73,4,0
CLM5 FUT NYMEX 1000,20150315,185251,0,0,0,0,47.73,4,0
CLM5 FUT NYMEX 1000,20150315,185252,0,0,0,0,47.73,12,0
CLM5 FUT NYMEX 1000,20150315,185252,0,0,47.68,1,0,0,0
CLM5 FUT NYMEX 1000,20150315,185252,0,0,47.68,1,0,0,0
CLM5 FUT NYMEX 1000,20150315,185252,0,0,0,0,47.72,12,0
CLM5 FUT NYMEX 1000,20150315,185252,0,0,0,0,47.72,2,0
CLM5 FUT NYMEX 1000,20150315,185252,0,0,0,0,47.72,2,0
CLM5 FUT NYMEX 1000,20150315,185252,0,0,0,0,47.72,1,0
CLM5 FUT NYMEX 1000,20150315,185253,0,0,0,0,47.72,3,0
CLM5 FUT NYMEX 1000,20150315,185254,0,0,0,0,47.72,8,0
CLM5 FUT NYMEX 1000,20150315,185254,0,0,0,0,47.73,8,0
CLM5 FUT NYMEX 1000,20150315,185254,0,0,0,0,47.73,1,0
CLM5 FUT NYMEX 1000,20150315,185254,0,0,0,0,47.73,1,0
CLM5 FUT NYMEX 1000,20150315,185255,0,0,0,0,47.73,2,0
CLM5 FUT NYMEX 1000,20150315,185255,0,0,0,0,47.73,1,0
CLM5 FUT NYMEX 1000,20150315,185255,0,0,0,0,47.73,2,0
CLM5 FUT NYMEX 1000,20150315,185255,0,0,0,0,47.74,2,0
CLM5 FUT NYMEX 1000,20150315,185255,0,0,0,0,47.74,4,0
CLM5 FUT NYMEX 1000,20150315,185255,0,0,0,0,47.74,4,0
CLM5 FUT NYMEX 1000,20150315,185255,0,0,47.7,1,0,0,0
CLM5 FUT NYMEX 1000,20150315,185255,0,0,47.7,1,0,0,0
CLM5 FUT NYMEX 1000,20150315,185255,0,0,0,0,47.75,4,0
CLM5 FUT NYMEX 1000,20150315,185255,0,0,0,0,47.75,4,0
CLM5 FUT NYMEX 1000,20150315,185255,0,0,0,0,47.74,4,0
CLM5 FUT NYMEX 1000,20150315,185255,0,0,0,0,47.74,1,0
CLM5 FUT NYMEX 1000,20150315,185255,0,0,0,0,47.74,1,0
CLM5 FUT NYMEX 1000,20150315,185256,0,0,0,0,47.74,2,0
CLM5 FUT NYMEX 1000,20150315,185256,0,0,0,0,47.74,1,0
CLM5 FUT NYMEX 1000,20150315,185256,0,0,0,0,47.75,1,0
CLM5 FUT NYMEX 1000,20150315,185256,0,0,0,0,47.75,2,0
CLM5 FUT NYMEX 1000,20150315,185256,0,0,0,0,47.75,2,0
CLM5 FUT NYMEX 1000,20150315,185256,0,0,0,0,47.76,2,0
CLM5 FUT NYMEX 1000,20150315,185256,0,0,0,0,47.76,3,0
CLM5 FUT NYMEX 1000,20150315,185256,0,0,0,0,47.76,3,0
CLM5 FUT NYMEX 1000,20150315,185257,0,0,0,0,47.76,5,0
CLM5 FUT NYMEX 1000,20150315,185258,0,0,0,0,47.75,5,0
CLM5 FUT NYMEX 1000,20150315,185258,0,0,0,0,47.75,2,0
CLM5 FUT NYMEX 1000,20150315,185258,0,0,0,0,47.75,2,0
CLM5 FUT NYMEX 1000,20150315,185259,0,0,47.71,1,0,0,0
CLM5 FUT NYMEX 1000,20150315,185259,0,0,47.71,1,0,0,0
CLM5 FUT NYMEX 1000,20150315,185259,0,0,0,0,47.75,1,0
CLM5 FUT NYMEX 1000,20150315,185300,0,0,47.73,1,0,0,0
CLM5 FUT NYMEX 1000,20150315,185300,0,0,47.73,1,0,0,0
CLM5 FUT NYMEX 1000,20150315,185300,0,0,0,0,47.76,1,0
CLM5 FUT NYMEX 1000,20150315,185300,0,0,0,0,47.76,1,0
CLM5 FUT NYMEX 1000,20150315,185300,0,0,47.72,1,0,0,0
CLM5 FUT NYMEX 1000,20150315,185300,0,0,47.72,1,0,0,0
CLM5 FUT NYMEX 1000,20150315,185300,0,0,0,0,47.76,11,0
CLM5 FUT NYMEX 1000,20150315,185301,0,0,47.71,1,0,0,0
CLM5 FUT NYMEX 1000,20150315,185301,0,0,47.71,1,0,0,0
CLM5 FUT NYMEX 1000,20150315,185301,0,0,0,0,47.75,11,0
CLM5 FUT NYMEX 1000,20150315,185301,0,0,0,0,47.75,1,0
CLM5 FUT NYMEX 1000,20150315,185301,0,0,0,0,47.75,1,0
CLM5 FUT NYMEX 1000,20150315,185301,0,0,0,0,47.75,2,0
CLM5 FUT NYMEX 1000,20150315,185302,0,0,0,0,47.75,1,0
CLM5 FUT NYMEX 1000,20150315,185302,0,0,0,0,47.76,1,0
CLM5 FUT NYMEX 1000,20150315,185302,0,0,0,0,47.76,12,0
CLM5 FUT NYMEX 1000,20150315,185302,0,0,0,0,47.76,12,0
CLM5 FUT NYMEX 1000,20150315,185303,0,0,0,0,47.75,12,0
CLM5 FUT NYMEX 1000,20150315,185303,0,0,0,0,47.75,10,0
CLM5 FUT NYMEX 1000,20150315,185303,0,0,0,0,47.75,10,0
CLM5 FUT NYMEX 1000,20150315,185303,0,0,0,0,47.76,10,0
CLM5 FUT NYMEX 1000,20150315,185303,0,0,0,0,47.76,10,0
CLM5 FUT NYMEX 1000,20150315,185304,0,0,47.7,1,0,0,0
CLM5 FUT NYMEX 1000,20150315,185304,0,0,47.7,1,0,0,0
CLM5 FUT NYMEX 1000,20150315,185304,0,0,0,0,47.75,10,0
CLM5 FUT NYMEX 1000,20150315,185304,0,0,0,0,47.75,1,0
CLM5 FUT NYMEX 1000,20150315,185304,0,0,0,0,47.75,1,0
CLM5 FUT NYMEX 1000,20150315,185304,0,0,0,0,47.75,10,0
CLM5 FUT NYMEX 1000,20150315,185305,0,0,47.69,1,0,0,0
CLM5 FUT NYMEX 1000,20150315,185305,0,0,47.69,3,0,0,0
CLM5 FUT NYMEX 1000,20150315,185305,0,0,47.69,3,0,0,0
CLM5 FUT NYMEX 1000,20150315,185305,0,0,0,0,47.75,12,0
CLM5 FUT NYMEX 1000,20150315,185306,0,0,47.69,2,0,0,0
CLM5 FUT NYMEX 1000,20150315,185306,0,0,0,0,47.75,1,0
CLM5 FUT NYMEX 1000,20150315,185306,0,0,0,0,47.76,1,0
CLM5 FUT NYMEX 1000,20150315,185306,0,0,0,0,47.76,12,0
CLM5 FUT NYMEX 1000,20150315,185306,0,0,47.69,3,0,0,0
CLM5 FUT NYMEX 1000,20150315,185306,0,0,0,0,47.76,12,0
CLM5 FUT NYMEX 1000,20150315,185306,0,0,0,0,47.75,12,0
CLM5 FUT NYMEX 1000,20150315,185306,0,0,0,0,47.75,1,0
CLM5 FUT NYMEX 1000,20150315,185306,0,0,47.69,2,0,0,0
CLM5 FUT NYMEX 1000,20150315,185306,0,0,0,0,47.75,1,0
CLM5 FUT NYMEX 1000,20150315,185306,0,0,0,0,47.76,1,0
CLM5 FUT NYMEX 1000,20150315,185306,0,0,0,0,47.76,13,0
CLM5 FUT NYMEX 1000,20150315,185306,0,0,0,0,47.76,13,0
CLM5 FUT NYMEX 1000,20150315,185306,0,0,0,0,47.75,13,0
CLM5 FUT NYMEX 1000,20150315,185306,0,0,0,0,47.75,1,0
CLM5 FUT NYMEX 1000,20150315,185306,0,0,47.69,3,0,0,0
CLM5 FUT NYMEX 1000,20150315,185306,0,0,0,0,47.75,1,0
CLM5 FUT NYMEX 1000,20150315,185307,0,0,47.69,2,0,0,0
CLM5 FUT NYMEX 1000,20150315,185307,0,0,0,0,47.75,2,0
CLM5 FUT NYMEX 1000,20150315,185307,0,0,0,0,47.75,4,0
CLM5 FUT NYMEX 1000,20150315,185308,0,0,47.69,1,0,0,0
CLM5 FUT NYMEX 1000,20150315,185308,0,0,0,0,47.75,5,0
CLM5 FUT NYMEX 1000,20150315,185309,0,0,0,0,47.75,6,0
CLM5 FUT NYMEX 1000,20150315,185309,0,0,47.69,3,0,0,0
CLM5 FUT NYMEX 1000,20150315,185309,0,0,0,0,47.75,5,0
CLM5 FUT NYMEX 1000,20150315,185310,0,0,0,0,47.75,2,0
CLM5 FUT NYMEX 1000,20150315,185310,0,0,47.69,5,0,0,0
CLM5 FUT NYMEX 1000,20150315,185310,0,0,0,0,47.75,1,0
CLM5 FUT NYMEX 1000,20150315,185310,0,0,47.69,4,0,0,0
CLM5 FUT NYMEX 1000,20150315,185310,0,0,0,0,47.75,2,0
CLM5 FUT NYMEX 1000,20150315,185311,0,0,47.69,1,0,0,0
CLM5 FUT NYMEX 1000,20150315,185311,47.72,2,0,0,0,0,0
CLM5 FUT NYMEX 1000,20150315,185311,47.72,1,0,0,0,0,0
CLM5 FUT NYMEX 1000,20150315,185311,47.72,1,0,0,0,0,0
CLM5 FUT NYMEX 1000,20150315,185311,0,0,0,0,47.74,2,0
CLM5 FUT NYMEX 1000,20150315,185311,0,0,0,0,47.74,4,0
CLM5 FUT NYMEX 1000,20150315,185311,0,0,47.69,3,0,0,0
CLM5 FUT NYMEX 1000,20150315,185311,0,0,0,0,47.74,4,0
CLM5 FUT NYMEX 1000,20150315,185311,0,0,47.68,3,0,0,0
CLM5 FUT NYMEX 1000,20150315,185311,0,0,47.68,4,0,0,0
CLM5 FUT NYMEX 1000,20150315,185311,0,0,47.68,4,0,0,0
CLM5 FUT NYMEX 1000,20150315,185311,0,0,0,0,47.74,3,0
CLM5 FUT NYMEX 1000,20150315,185312,0,0,47.68,2,0,0,0
CLM5 FUT NYMEX 1000,20150315,185312,0,0,0,0,47.74,2,0
CLM5 FUT NYMEX 1000,20150315,185312,0,0,47.69,2,0,0,0
CLM5 FUT NYMEX 1000,20150315,185312,0,0,47.69,3,0,0,0
CLM5 FUT NYMEX 1000,20150315,185312,0,0,0,0,47.75,2,0
CLM5 FUT NYMEX 1000,20150315,185312,0,0,0,0,47.75,3,0
CLM5 FUT NYMEX 1000,20150315,185312,0,0,47.69,3,0,0,0
CLM5 FUT NYMEX 1000,20150315,185312,0,0,0,0,47.75,3,0
CLM5 FUT NYMEX 1000,20150315,185313,0,0,47.69,5,0,0,0
CLM5 FUT NYMEX 1000,20150315,185314,0,0,47.69,2,0,0,0
CLM5 FUT NYMEX 1000,20150315,185314,0,0,47.69,3,0,0,0
CLM5 FUT NYMEX 1000,20150315,185314,0,0,0,0,47.75,1,0
CLM5 FUT NYMEX 1000,20150315,185315,0,0,47.7,3,0,0,0
CLM5 FUT NYMEX 1000,20150315,185315,0,0,47.7,3,0,0,0
CLM5 FUT NYMEX 1000,20150315,185315,0,0,0,0,47.75,6,0
CLM5 FUT NYMEX 1000,20150315,185315,0,0,47.71,3,0,0,0
CLM5 FUT NYMEX 1000,20150315,185315,0,0,47.71,1,0,0,0
CLM5 FUT NYMEX 1000,20150315,185315,0,0,47.71,1,0,0,0
CLM5 FUT NYMEX 1000,20150315,185316,0,0,47.7,1,0,0,0
CLM5 FUT NYMEX 1000,20150315,185316,0,0,47.7,3,0,0,0
CLM5 FUT NYMEX 1000,20150315,185316,0,0,47.7,3,0,0,0
CLM5 FUT NYMEX 1000,20150315,185316,0,0,47.71,3,0,0,0
CLM5 FUT NYMEX 1000,20150315,185316,0,0,47.71,1,0,0,0
CLM5 FUT NYMEX 1000,20150315,185316,0,0,47.71,1,0,0,0
CLM5 FUT NYMEX 1000,20150315,185316,0,0,0,0,47.75,1,0
CLM5 FUT NYMEX 1000,20150315,185316,0,0,47.7,1,0,0,0
CLM5 FUT NYMEX 1000,20150315,185316,0,0,47.7,3,0,0,0
CLM5 FUT NYMEX 1000,20150315,185316,0,0,47.7,3,0,0,0
CLM5 FUT NYMEX 1000,20150315,185316,0,0,47.72,3,0,0,0
CLM5 FUT NYMEX 1000,20150315,185316,0,0,47.72,3,0,0,0
CLM5 FUT NYMEX 1000,20150315,185316,0,0,0,0,47.76,1,0
CLM5 FUT NYMEX 1000,20150315,185316,0,0,0,0,47.76,10,0
CLM5 FUT NYMEX 1000,20150315,185316,0,0,0,0,47.76,10,0
CLM5 FUT NYMEX 1000,20150315,185317,0,0,47.74,3,0,0,0
CLM5 FUT NYMEX 1000,20150315,185317,0,0,47.74,2,0,0,0
CLM5 FUT NYMEX 1000,20150315,185317,0,0,0,0,47.78,10,0
CLM5 FUT NYMEX 1000,20150315,185317,0,0,0,0,47.78,3,0
CLM5 FUT NYMEX 1000,20150315,185317,0,0,47.74,2,0,0,0
CLM5 FUT NYMEX 1000,20150315,185317,0,0,0,0,47.78,3,0
CLM5 FUT NYMEX 1000,20150315,185318,0,0,47.74,3,0,0,0
CLM5 FUT NYMEX 1000,20150315,185318,0,0,47.75,3,0,0,0
CLM5 FUT NYMEX 1000,20150315,185318,0,0,47.75,3,0,0,0
CLM5 FUT NYMEX 1000,20150315,185319,47.75,1,0,0,0,0,0
CLM5 FUT NYMEX 1000,20150315,185319,47.75,1,0,0,0,0,0
CLM5 FUT NYMEX 1000,20150315,185319,0,0,47.73,3,0,0,0
CLM5 FUT NYMEX 1000,20150315,185319,0,0,47.73,3,0,0,0
CLM5 FUT NYMEX 1000,20150315,185319,0,0,0,0,47.77,3,0
CLM5 FUT NYMEX 1000,20150315,185319,0,0,0,0,47.77,3,0
CLM5 FUT NYMEX 1000,20150315,185319,0,0,47.76,3,0,0,0
CLM5 FUT NYMEX 1000,20150315,185319,0,0,47.76,3,0,0,0
CLM5 FUT NYMEX 1000,20150315,185319,0,0,0,0,47.79,3,0
CLM5 FUT NYMEX 1000,20150315,185319,0,0,0,0,47.79,2,0
CLM5 FUT NYMEX 1000,20150315,185319,0,0,0,0,47.79,2,0
CLM5 FUT NYMEX 1000,20150315,185320,0,0,47.74,3,0,0,0
CLM5 FUT NYMEX 1000,20150315,185320,0,0,47.74,3,0,0,0
CLM5 FUT NYMEX 1000,20150315,185320,0,0,0,0,47.78,2,0
CLM5 FUT NYMEX 1000,20150315,185320,0,0,0,0,47.78,3,0
CLM5 FUT NYMEX 1000,20150315,185320,0,0,0,0,47.78,3,0
CLM5 FUT NYMEX 1000,20150315,185320,0,0,47.78,3,0,0,0
CLM5 FUT NYMEX 1000,20150315,185320,0,0,47.78,3,0,0,0
CLM5 FUT NYMEX 1000,20150315,185320,0,0,0,0,47.82,3,0
CLM5 FUT NYMEX 1000,20150315,185320,0,0,0,0,47.82,5,0
CLM5 FUT NYMEX 1000,20150315,185320,0,0,0,0,47.82,5,0
CLM5 FUT NYMEX 1000,20150315,185320,0,0,47.77,3,0,0,0
CLM5 FUT NYMEX 1000,20150315,185320,0,0,47.77,4,0,0,0
CLM5 FUT NYMEX 1000,20150315,185320,0,0,47.77,4,0,0,0
CLM5 FUT NYMEX 1000,20150315,185320,0,0,0,0,47.82,11,0
CLM5 FUT NYMEX 1000,20150315,185320,0,0,47.76,4,0,0,0
CLM5 FUT NYMEX 1000,20150315,185320,0,0,47.76,7,0,0,0
CLM5 FUT NYMEX 1000,20150315,185320,0,0,0,0,47.8,11,0
CLM5 FUT NYMEX 1000,20150315,185320,0,0,0,0,47.8,3,0
CLM5 FUT NYMEX 1000,20150315,185320,0,0,47.76,7,0,0,0
CLM5 FUT NYMEX 1000,20150315,185320,0,0,0,0,47.8,3,0
CLM5 FUT NYMEX 1000,20150315,185321,0,0,47.76,1,0,0,0
CLM5 FUT NYMEX 1000,20150315,185321,0,0,0,0,47.8,2,0
CLM5 FUT NYMEX 1000,20150315,185321,0,0,47.73,1,0,0,0
CLM5 FUT NYMEX 1000,20150315,185321,0,0,47.73,1,0,0,0
CLM5 FUT NYMEX 1000,20150315,185321,0,0,0,0,47.8,5,0
CLM5 FUT NYMEX 1000,20150315,185321,0,0,47.72,1,0,0,0
CLM5 FUT NYMEX 1000,20150315,185321,0,0,47.72,3,0,0,0
CLM5 FUT NYMEX 1000,20150315,185321,0,0,0,0,47.79,5,0
CLM5 FUT NYMEX 1000,20150315,185321,0,0,0,0,47.79,1,0
CLM5 FUT NYMEX 1000,20150315,185321,0,0,47.72,3,0,0,0
CLM5 FUT NYMEX 1000,20150315,185321,0,0,0,0,47.79,1,0
CLM5 FUT NYMEX 1000,20150315,185322,0,0,47.73,3,0,0,0
CLM5 FUT NYMEX 1000,20150315,185322,0,0,47.73,3,0,0,0
CLM5 FUT NYMEX 1000,20150315,185322,0,0,0,0,47.79,9,0
CLM5 FUT NYMEX 1000,20150315,185322,0,0,47.74,3,0,0,0
CLM5 FUT NYMEX 1000,20150315,185322,0,0,47.74,3,0,0,0
CLM5 FUT NYMEX 1000,20150315,185323,0,0,0,0,47.79,8,0
CLM5 FUT NYMEX 1000,20150315,185324,0,0,0,0,47.79,9,0
CLM5 FUT NYMEX 1000,20150315,185325,0,0,0,0,47.81,9,0
CLM5 FUT NYMEX 1000,20150315,185325,0,0,0,0,47.81,1,0
CLM5 FUT NYMEX 1000,20150315,185325,0,0,47.74,5,0,0,0
CLM5 FUT NYMEX 1000,20150315,185325,0,0,0,0,47.81,1,0
CLM5 FUT NYMEX 1000,20150315,185325,0,0,0,0,47.8,1,0
CLM5 FUT NYMEX 1000,20150315,185325,0,0,0,0,47.8,4,0
CLM5 FUT NYMEX 1000,20150315,185325,0,0,0,0,47.8,4,0
CLM5 FUT NYMEX 1000,20150315,185326,0,0,47.74,4,0,0,0
CLM5 FUT NYMEX 1000,20150315,185326,0,0,0,0,47.8,2,0
CLM5 FUT NYMEX 1000,20150315,185326,0,0,47.75,4,0,0,0
CLM5 FUT NYMEX 1000,20150315,185326,0,0,47.75,1,0,0,0
CLM5 FUT NYMEX 1000,20150315,185326,0,0,47.75,1,0,0,0
CLM5 FUT NYMEX 1000,20150315,185326,0,0,0,0,47.8,1,0
CLM5 FUT NYMEX 1000,20150315,185326,0,0,47.76,1,0,0,0
CLM5 FUT NYMEX 1000,20150315,185326,0,0,47.76,2,0,0,0
CLM5 FUT NYMEX 1000,20150315,185326,0,0,0,0,47.83,1,0
CLM5 FUT NYMEX 1000,20150315,185326,0,0,0,0,47.83,3,0
CLM5 FUT NYMEX 1000,20150315,185326,0,0,47.76,2,0,0,0
CLM5 FUT NYMEX 1000,20150315,185326,0,0,0,0,47.83,3,0
CLM5 FUT NYMEX 1000,20150315,185327,0,0,47.75,2,0,0,0
CLM5 FUT NYMEX 1000,20150315,185327,0,0,47.75,2,0,0,0
CLM5 FUT NYMEX 1000,20150315,185327,0,0,0,0,47.8,3,0
CLM5 FUT NYMEX 1000,20150315,185327,0,0,0,0,47.8,3,0
CLM5 FUT NYMEX 1000,20150315,185327,0,0,47.76,2,0,0,0
CLM5 FUT NYMEX 1000,20150315,185327,0,0,47.76,13,0,0,0
CLM5 FUT NYMEX 1000,20150315,185327,0,0,47.76,13,0,0,0
CLM5 FUT NYMEX 1000,20150315,185327,0,0,0,0,47.8,2,0
CLM5 FUT NYMEX 1000,20150315,185327,0,0,47.77,13,0,0,0
CLM5 FUT NYMEX 1000,20150315,185327,0,0,47.77,3,0,0,0
CLM5 FUT NYMEX 1000,20150315,185327,0,0,0,0,47.81,2,0
CLM5 FUT NYMEX 1000,20150315,185327,0,0,0,0,47.81,1,0
CLM5 FUT NYMEX 1000,20150315,185327,0,0,47.77,3,0,0,0
CLM5 FUT NYMEX 1000,20150315,185327,0,0,0,0,47.81,1,0
CLM5 FUT NYMEX 1000,20150315,185327,0,0,47.76,3,0,0,0
CLM5 FUT NYMEX 1000,20150315,185327,0,0,47.76,10,0,0,0
CLM5 FUT NYMEX 1000,20150315,185327,0,0,0,0,47.8,1,0
CLM5 FUT NYMEX 1000,20150315,185327,0,0,0,0,47.8,1,0
CLM5 FUT NYMEX 1000,20150315,185327,0,0,47.76,10,0,0,0
CLM5 FUT NYMEX 1000,20150315,185327,0,0,0,0,47.81,1,0
CLM5 FUT NYMEX 1000,20150315,185327,0,0,0,0,47.81,1,0
CLM5 FUT NYMEX 1000,20150315,185327,0,0,47.76,11,0,0,0
CLM5 FUT NYMEX 1000,20150315,185327,0,0,0,0,47.8,1,0
CLM5 FUT NYMEX 1000,20150315,185327,0,0,0,0,47.8,4,0
CLM5 FUT NYMEX 1000,20150315,185327,0,0,47.76,10,0,0,0
CLM5 FUT NYMEX 1000,20150315,185327,0,0,0,0,47.8,4,0
CLM5 FUT NYMEX 1000,20150315,185328,0,0,47.76,1,0,0,0
CLM5 FUT NYMEX 1000,20150315,185328,0,0,0,0,47.8,1,0
CLM5 FUT NYMEX 1000,20150315,185329,0,0,47.76,2,0,0,0
CLM5 FUT NYMEX 1000,20150315,185330,0,0,47.76,3,0,0,0
CLM5 FUT NYMEX 1000,20150315,185331,0,0,47.76,1,0,0,0
CLM5 FUT NYMEX 1000,20150315,185331,0,0,0,0,47.81,1,0
CLM5 FUT NYMEX 1000,20150315,185331,0,0,0,0,47.81,1,0
CLM5 FUT NYMEX 1000,20150315,185331,0,0,0,0,47.8,1,0
CLM5 FUT NYMEX 1000,20150315,185331,0,0,0,0,47.8,6,0
CLM5 FUT NYMEX 1000,20150315,185331,0,0,0,0,47.8,6,0
CLM5 FUT NYMEX 1000,20150315,185332,0,0,47.74,1,0,0,0
CLM5 FUT NYMEX 1000,20150315,185332,0,0,47.74,2,0,0,0
CLM5 FUT NYMEX 1000,20150315,185332,0,0,47.74,2,0,0,0
CLM5 FUT NYMEX 1000,20150315,185332,0,0,0,0,47.8,7,0
CLM5 FUT NYMEX 1000,20150315,185333,0,0,47.75,2,0,0,0
CLM5 FUT NYMEX 1000,20150315,185333,0,0,47.75,1,0,0,0
CLM5 FUT NYMEX 1000,20150315,185333,0,0,47.75,1,0,0,0
CLM5 FUT NYMEX 1000,20150315,185333,0,0,0,0,47.8,6,0
CLM5 FUT NYMEX 1000,20150315,185334,0,0,47.74,1,0,0,0
CLM5 FUT NYMEX 1000,20150315,185334,0,0,47.74,3,0,0,0
CLM5 FUT NYMEX 1000,20150315,185334,0,0,47.74,3,0,0,0
CLM5 FUT NYMEX 1000,20150315,185335,0,0,47.75,3,0,0,0
CLM5 FUT NYMEX 1000,20150315,185335,0,0,47.75,1,0,0,0
CLM5 FUT NYMEX 1000,20150315,185335,0,0,47.75,1,0,0,0
CLM5 FUT NYMEX 1000,20150315,185337,0,0,0,0,47.81,6,0
CLM5 FUT NYMEX 1000,20150315,185337,0,0,0,0,47.81,4,0
CLM5 FUT NYMEX 1000,20150315,185337,0,0,0,0,47.81,4,0
CLM5 FUT NYMEX 1000,20150315,185337,0,0,0,0,47.81,2,0
CLM5 FUT NYMEX 1000,20150315,185338,0,0,0,0,47.8,2,0
CLM5 FUT NYMEX 1000,20150315,185338,0,0,0,0,47.8,1,0
CLM5 FUT NYMEX 1000,20150315,185338,0,0,0,0,47.8,1,0
CLM5 FUT NYMEX 1000,20150315,185339,0,0,0,0,47.81,1,0
CLM5 FUT NYMEX 1000,20150315,185339,0,0,0,0,47.81,3,0
CLM5 FUT NYMEX 1000,20150315,185339,0,0,0,0,47.81,3,0
CLM5 FUT NYMEX 1000,20150315,185340,0,0,0,0,47.81,2,0
CLM5 FUT NYMEX 1000,20150315,185340,0,0,47.74,1,0,0,0
CLM5 FUT NYMEX 1000,20150315,185340,0,0,47.74,2,0,0,0
CLM5 FUT NYMEX 1000,20150315,185340,0,0,47.74,2,0,0,0
CLM5 FUT NYMEX 1000,20150315,185340,0,0,47.75,2,0,0,0
CLM5 FUT NYMEX 1000,20150315,185340,0,0,47.75,1,0,0,0
CLM5 FUT NYMEX 1000,20150315,185340,0,0,47.75,1,0,0,0
CLM5 FUT NYMEX 1000,20150315,185340,0,0,0,0,47.81,1,0
CLM5 FUT NYMEX 1000,20150315,185341,0,0,47.74,1,0,0,0
CLM5 FUT NYMEX 1000,20150315,185341,0,0,47.74,3,0,0,0
CLM5 FUT NYMEX 1000,20150315,185341,0,0,47.74,3,0,0,0
CLM5 FUT NYMEX 1000,20150315,185343,0,0,47.76,3,0,0,0
CLM5 FUT NYMEX 1000,20150315,185343,0,0,47.76,1,0,0,0
CLM5 FUT NYMEX 1000,20150315,185343,0,0,47.76,1,0,0,0
CLM5 FUT NYMEX 1000,20150315,185344,0,0,47.76,2,0,0,0
CLM5 FUT NYMEX 1000,20150315,185345,0,0,47.76,1,0,0,0
CLM5 FUT NYMEX 1000,20150315,185346,0,0,47.78,1,0,0,0
CLM5 FUT NYMEX 1000,20150315,185346,0,0,47.78,1,0,0,0
CLM5 FUT NYMEX 1000,20150315,185349,0,0,47.77,1,0,0,0
CLM5 FUT NYMEX 1000,20150315,185349,0,0,47.77,1,0,0,0
CLM5 FUT NYMEX 1000,20150315,185349,0,0,0,0,47.82,1,0
CLM5 FUT NYMEX 1000,20150315,185349,0,0,0,0,47.82,7,0
CLM5 FUT NYMEX 1000,20150315,185349,0,0,0,0,47.82,7,0
CLM5 FUT NYMEX 1000,20150315,185349,0,0,47.78,1,0,0,0
CLM5 FUT NYMEX 1000,20150315,185349,0,0,47.78,2,0,0,0
CLM5 FUT NYMEX 1000,20150315,185349,0,0,47.78,2,0,0,0
CLM5 FUT NYMEX 1000,20150315,185350,0,0,0,0,47.82,6,0
CLM5 FUT NYMEX 1000,20150315,185351,0,0,0,0,47.82,7,0
CLM5 FUT NYMEX 1000,20150315,185352,0,0,0,0,47.82,14,0
CLM5 FUT NYMEX 1000,20150315,185352,47.81,1,0,0,0,0,0
CLM5 FUT NYMEX 1000,20150315,185352,47.81,1,0,0,0,0,0
CLM5 FUT NYMEX 1000,20150315,185352,0,0,47.77,2,0,0,0
CLM5 FUT NYMEX 1000,20150315,185352,0,0,47.77,3,0,0,0
CLM5 FUT NYMEX 1000,20150315,185352,0,0,47.77,3,0,0,0
CLM5 FUT NYMEX 1000,20150315,185352,0,0,0,0,47.82,6,0
CLM5 FUT NYMEX 1000,20150315,185352,0,0,47.79,3,0,0,0
CLM5 FUT NYMEX 1000,20150315,185352,0,0,47.79,1,0,0,0
CLM5 FUT NYMEX 1000,20150315,185352,0,0,47.79,1,0,0,0
CLM5 FUT NYMEX 1000,20150315,185354,0,0,47.77,1,0,0,0
CLM5 FUT NYMEX 1000,20150315,185354,0,0,47.77,3,0,0,0
CLM5 FUT NYMEX 1000,20150315,185354,0,0,47.77,3,0,0,0
CLM5 FUT NYMEX 1000,20150315,185355,0,0,47.77,2,0,0,0
CLM5 FUT NYMEX 1000,20150315,185356,0,0,47.76,2,0,0,0
CLM5 FUT NYMEX 1000,20150315,185356,0,0,47.76,2,0,0,0
CLM5 FUT NYMEX 1000,20150315,185356,0,0,47.77,2,0,0,0
CLM5 FUT NYMEX 1000,20150315,185356,0,0,47.77,1,0,0,0
CLM5 FUT NYMEX 1000,20150315,185356,0,0,47.77,1,0,0,0
CLM5 FUT NYMEX 1000,20150315,185356,0,0,47.78,1,0,0,0
CLM5 FUT NYMEX 1000,20150315,185356,0,0,47.78,1,0,0,0
CLM5 FUT NYMEX 1000,20150315,185356,0,0,0,0,47.82,4,0
CLM5 FUT NYMEX 1000,20150315,185357,0,0,47.77,1,0,0,0
CLM5 FUT NYMEX 1000,20150315,185357,0,0,47.77,1,0,0,0
CLM5 FUT NYMEX 1000,20150315,185357,0,0,0,0,47.82,1,0
CLM5 FUT NYMEX 1000,20150315,185357,0,0,47.76,1,0,0,0
CLM5 FUT NYMEX 1000,20150315,185357,0,0,47.76,2,0,0,0
CLM5 FUT NYMEX 1000,20150315,185357,0,0,47.76,2,0,0,0
CLM5 FUT NYMEX 1000,20150315,185357,0,0,47.78,2,0,0,0
CLM5 FUT NYMEX 1000,20150315,185357,0,0,47.78,1,0,0,0
CLM5 FUT NYMEX 1000,20150315,185357,0,0,47.78,1,0,0,0
CLM5 FUT NYMEX 1000,20150315,185400,0,0,0,0,47.8,1,0
CLM5 FUT NYMEX 1000,20150315,185400,0,0,0,0,47.8,1,0
CLM5 FUT NYMEX 1000,20150315,185400,47.8,1,0,0,0,0,0
CLM5 FUT NYMEX 1000,20150315,185400,47.8,1,0,0,0,0,0
CLM5 FUT NYMEX 1000,20150315,185400,0,0,0,0,47.82,1,0
CLM5 FUT NYMEX 1000,20150315,185400,0,0,0,0,47.82,1,0
CLM5 FUT NYMEX 1000,20150315,185400,0,0,47.8,1,0,0,0
CLM5 FUT NYMEX 1000,20150315,185400,0,0,47.8,1,0,0,0
CLM5 FUT NYMEX 1000,20150315,185400,0,0,0,0,47.84,1,0
CLM5 FUT NYMEX 1000,20150315,185400,0,0,0,0,47.84,4,0
CLM5 FUT NYMEX 1000,20150315,185400,0,0,0,0,47.84,4,0
CLM5 FUT NYMEX 1000,20150315,185400,0,0,47.79,1,0,0,0
CLM5 FUT NYMEX 1000,20150315,185400,0,0,47.79,1,0,0,0
CLM5 FUT NYMEX 1000,20150315,185400,0,0,0,0,47.82,4,0
CLM5 FUT NYMEX 1000,20150315,185400,0,0,0,0,47.82,2,0
CLM5 FUT NYMEX 1000,20150315,185400,0,0,0,0,47.82,2,0
CLM5 FUT NYMEX 1000,20150315,185401,0,0,47.76,1,0,0,0
CLM5 FUT NYMEX 1000,20150315,185401,0,0,47.76,5,0,0,0
CLM5 FUT NYMEX 1000,20150315,185401,0,0,47.76,5,0,0,0
CLM5 FUT NYMEX 1000,20150315,185401,0,0,47.77,5,0,0,0
CLM5 FUT NYMEX 1000,20150315,185401,0,0,47.77,1,0,0,0
CLM5 FUT NYMEX 1000,20150315,185401,0,0,47.77,1,0,0,0
CLM5 FUT NYMEX 1000,20150315,185402,0,0,47.78,1,0,0,0
CLM5 FUT NYMEX 1000,20150315,185402,0,0,47.78,3,0,0,0
CLM5 FUT NYMEX 1000,20150315,185402,0,0,0,0,47.83,2,0
CLM5 FUT NYMEX 1000,20150315,185402,0,0,0,0,47.83,2,0
CLM5 FUT NYMEX 1000,20150315,185402,0,0,47.78,3,0,0,0
CLM5 FUT NYMEX 1000,20150315,185406,0,0,47.81,3,0,0,0
CLM5 FUT NYMEX 1000,20150315,185406,0,0,47.81,3,0,0,0
CLM5 FUT NYMEX 1000,20150315,185406,0,0,0,0,47.85,2,0
CLM5 FUT NYMEX 1000,20150315,185406,0,0,0,0,47.85,2,0
CLM5 FUT NYMEX 1000,20150315,185406,0,0,47.8,3,0,0,0
CLM5 FUT NYMEX 1000,20150315,185406,0,0,47.8,2,0,0,0
CLM5 FUT NYMEX 1000,20150315,185406,0,0,0,0,47.83,2,0
CLM5 FUT NYMEX 1000,20150315,185406,0,0,0,0,47.83,2,0
CLM5 FUT NYMEX 1000,20150315,185406,0,0,47.8,2,0,0,0
CLM5 FUT NYMEX 1000,20150315,185406,0,0,0,0,47.83,1,0
CLM5 FUT NYMEX 1000,20150315,185407,0,0,0,0,47.82,1,0
CLM5 FUT NYMEX 1000,20150315,185407,0,0,0,0,47.82,1,0
CLM5 FUT NYMEX 1000,20150315,185407,0,0,47.8,1,0,0,0
CLM5 FUT NYMEX 1000,20150315,185408,0,0,0,0,47.84,1,0
CLM5 FUT NYMEX 1000,20150315,185408,0,0,0,0,47.84,1,0
CLM5 FUT NYMEX 1000,20150315,185408,0,0,0,0,47.84,4,0
CLM5 FUT NYMEX 1000,20150315,185408,0,0,0,0,47.82,4,0
CLM5 FUT NYMEX 1000,20150315,185408,0,0,0,0,47.82,1,0
CLM5 FUT NYMEX 1000,20150315,185408,0,0,0,0,47.82,1,0
CLM5 FUT NYMEX 1000,20150315,185410,0,0,0,0,47.84,1,0
CLM5 FUT NYMEX 1000,20150315,185410,0,0,0,0,47.84,1,0
CLM5 FUT NYMEX 1000,20150315,185410,0,0,47.8,4,0,0,0
CLM5 FUT NYMEX 1000,20150315,185410,0,0,47.81,4,0,0,0
CLM5 FUT NYMEX 1000,20150315,185410,0,0,47.81,1,0,0,0
CLM5 FUT NYMEX 1000,20150315,185410,0,0,47.81,1,0,0,0
CLM5 FUT NYMEX 1000,20150315,185411,0,0,0,0,47.82,1,0
CLM5 FUT NYMEX 1000,20150315,185411,0,0,0,0,47.82,1,0
CLM5 FUT NYMEX 1000,20150315,185411,0,0,0,0,47.84,1,0
CLM5 FUT NYMEX 1000,20150315,185411,0,0,0,0,47.84,1,0
CLM5 FUT NYMEX 1000,20150315,185411,0,0,0,0,47.82,1,0
CLM5 FUT NYMEX 1000,20150315,185411,0,0,0,0,47.82,4,0
CLM5 FUT NYMEX 1000,20150315,185411,0,0,0,0,47.82,4,0
CLM5 FUT NYMEX 1000,20150315,185412,0,0,0,0,47.84,4,0
CLM5 FUT NYMEX 1000,20150315,185412,0,0,0,0,47.84,1,0
CLM5 FUT NYMEX 1000,20150315,185412,0,0,0,0,47.84,1,0
CLM5 FUT NYMEX 1000,20150315,185412,0,0,0,0,47.85,1,0
CLM5 FUT NYMEX 1000,20150315,185412,0,0,0,0,47.85,1,0
CLM5 FUT NYMEX 1000,20150315,185412,0,0,0,0,47.85,3,0
CLM5 FUT NYMEX 1000,20150315,185413,0,0,47.81,13,0,0,0
CLM5 FUT NYMEX 1000,20150315,185413,0,0,0,0,47.85,1,0
CLM5 FUT NYMEX 1000,20150315,185413,0,0,47.8,13,0,0,0
CLM5 FUT NYMEX 1000,20150315,185413,0,0,47.8,1,0,0,0
CLM5 FUT NYMEX 1000,20150315,185413,0,0,47.8,1,0,0,0
CLM5 FUT NYMEX 1000,20150315,185414,0,0,47.81,1,0,0,0
CLM5 FUT NYMEX 1000,20150315,185414,0,0,47.81,1,0,0,0
CLM5 FUT NYMEX 1000,20150315,185414,0,0,0,0,47.82,1,0
CLM5 FUT NYMEX 1000,20150315,185414,0,0,0,0,47.82,3,0
CLM5 FUT NYMEX 1000,20150315,185414,0,0,0,0,47.82,3,0
CLM5 FUT NYMEX 1000,20150315,185414,0,0,0,0,47.82,1,0
CLM5 FUT NYMEX 1000,20150315,185414,0,0,0,0,47.85,1,0
CLM5 FUT NYMEX 1000,20150315,185414,0,0,0,0,47.85,3,0
CLM5 FUT NYMEX 1000,20150315,185414,0,0,0,0,47.85,3,0
CLM5 FUT NYMEX 1000,20150315,185415,0,0,0,0,47.82,3,0
CLM5 FUT NYMEX 1000,20150315,185415,0,0,0,0,47.82,5,0
CLM5 FUT NYMEX 1000,20150315,185415,0,0,0,0,47.82,5,0
CLM5 FUT NYMEX 1000,20150315,185415,0,0,0,0,47.85,5,0
CLM5 FUT NYMEX 1000,20150315,185415,0,0,0,0,47.85,2,0
CLM5 FUT NYMEX 1000,20150315,185415,0,0,0,0,47.85,2,0
CLM5 FUT NYMEX 1000,20150315,185415,0,0,47.81,2,0,0,0
CLM5 FUT NYMEX 1000,20150315,185415,0,0,47.81,1,0,0,0
CLM5 FUT NYMEX 1000,20150315,185415,0,0,0,0,47.85,1,0
CLM5 FUT NYMEX 1000,20150315,185417,0,0,47.82,1,0,0,0
CLM5 FUT NYMEX 1000,20150315,185417,0,0,47.82,1,0,0,0
CLM5 FUT NYMEX 1000,20150315,185418,47.85,1,0,0,0,0,0
CLM5 FUT NYMEX 1000,20150315,185418,47.85,1,0,0,0,0,0
CLM5 FUT NYMEX 1000,20150315,185418,0,0,47.85,1,0,0,0
CLM5 FUT NYMEX 1000,20150315,185418,0,0,47.85,1,0,0,0
CLM5 FUT NYMEX 1000,20150315,185418,0,0,0,0,47.87,1,0
CLM5 FUT NYMEX 1000,20150315,185418,0,0,0,0,47.87,1,0
CLM5 FUT NYMEX 1000,20150315,185418,0,0,0,0,47.87,2,0
CLM5 FUT NYMEX 1000,20150315,185418,0,0,0,0,47.87,1,0
CLM5 FUT NYMEX 1000,20150315,185420,0,0,0,0,47.88,1,0
CLM5 FUT NYMEX 1000,20150315,185420,0,0,0,0,47.88,2,0
CLM5 FUT NYMEX 1000,20150315,185420,0,0,47.85,2,0,0,0
CLM5 FUT NYMEX 1000,20150315,185420,0,0,0,0,47.88,2,0
CLM5 FUT NYMEX 1000,20150315,185422,0,0,47.85,1,0,0,0
CLM5 FUT NYMEX 1000,20150315,185426,0,0,47.87,1,0,0,0
CLM5 FUT NYMEX 1000,20150315,185426,0,0,47.87,1,0,0,0
CLM5 FUT NYMEX 1000,20150315,185427,0,0,47.86,1,0,0,0
CLM5 FUT NYMEX 1000,20150315,185427,0,0,47.86,1,0,0,0
CLM5 FUT NYMEX 1000,20150315,185427,0,0,0,0,47.89,2,0
CLM5 FUT NYMEX 1000,20150315,185427,0,0,0,0,47.89,7,0
CLM5 FUT NYMEX 1000,20150315,185427,0,0,0,0,47.89,7,0
CLM5 FUT NYMEX 1000,20150315,185427,0,0,0,0,47.89,3,0
CLM5 FUT NYMEX 1000,20150315,185428,0,0,0,0,47.89,2,0
CLM5 FUT NYMEX 1000,20150315,185429,0,0,47.85,1,0,0,0
CLM5 FUT NYMEX 1000,20150315,185429,0,0,47.85,1,0,0,0
CLM5 FUT NYMEX 1000,20150315,185430,0,0,47.84,1,0,0,0
CLM5 FUT NYMEX 1000,20150315,185430,0,0,47.84,9,0,0,0
CLM5 FUT NYMEX 1000,20150315,185430,0,0,47.84,9,0,0,0
CLM5 FUT NYMEX 1000,20150315,185430,0,0,47.85,9,0,0,0
CLM5 FUT NYMEX 1000,20150315,185430,0,0,47.85,3,0,0,0
CLM5 FUT NYMEX 1000,20150315,185430,0,0,47.85,3,0,0,0
CLM5 FUT NYMEX 1000,20150315,185431,0,0,47.85,4,0,0,0
CLM5 FUT NYMEX 1000,20150315,185434,0,0,47.84,4,0,0,0
CLM5 FUT NYMEX 1000,20150315,185434,0,0,47.84,10,0,0,0
CLM5 FUT NYMEX 1000,20150315,185434,0,0,47.84,10,0,0,0
CLM5 FUT NYMEX 1000,20150315,185435,0,0,47.84,12,0,0,0
CLM5 FUT NYMEX 1000,20150315,185435,0,0,47.85,12,0,0,0
CLM5 FUT NYMEX 1000,20150315,185435,0,0,47.85,1,0,0,0
CLM5 FUT NYMEX 1000,20150315,185435,0,0,47.85,1,0,0,0
CLM5 FUT NYMEX 1000,20150315,185435,0,0,0,0,47.89,1,0
CLM5 FUT NYMEX 1000,20150315,185436,0,0,0,0,47.88,1,0
CLM5 FUT NYMEX 1000,20150315,185436,0,0,0,0,47.88,2,0
CLM5 FUT NYMEX 1000,20150315,185436,0,0,0,0,47.88,2,0
CLM5 FUT NYMEX 1000,20150315,185436,0,0,0,0,47.88,4,0
CLM5 FUT NYMEX 1000,20150315,185437,0,0,0,0,47.88,5,0
CLM5 FUT NYMEX 1000,20150315,185438,0,0,0,0,47.88,4,0
CLM5 FUT NYMEX 1000,20150315,185438,0,0,0,0,47.88,1,0
CLM5 FUT NYMEX 1000,20150315,185438,0,0,0,0,47.89,1,0
CLM5 FUT NYMEX 1000,20150315,185438,0,0,0,0,47.89,8,0
CLM5 FUT NYMEX 1000,20150315,185438,0,0,0,0,47.89,8,0
CLM5 FUT NYMEX 1000,20150315,185439,0,0,0,0,47.88,8,0
CLM5 FUT NYMEX 1000,20150315,185439,0,0,0,0,47.88,1,0
CLM5 FUT NYMEX 1000,20150315,185439,0,0,0,0,47.88,1,0
CLM5 FUT NYMEX 1000,20150315,185440,0,0,0,0,47.89,1,0
CLM5 FUT NYMEX 1000,20150315,185440,0,0,0,0,47.89,5,0
CLM5 FUT NYMEX 1000,20150315,185440,0,0,0,0,47.89,5,0
CLM5 FUT NYMEX 1000,20150315,185441,0,0,0,0,47.89,3,0
CLM5 FUT NYMEX 1000,20150315,185444,0,0,0,0,47.89,4,0
CLM5 FUT NYMEX 1000,20150315,185447,0,0,0,0,47.87,4,0
CLM5 FUT NYMEX 1000,20150315,185447,0,0,0,0,47.87,2,0
CLM5 FUT NYMEX 1000,20150315,185447,0,0,0,0,47.87,2,0
CLM5 FUT NYMEX 1000,20150315,185450,47.87,1,0,0,0,0,0
CLM5 FUT NYMEX 1000,20150315,185450,47.87,1,0,0,0,0,0
CLM5 FUT NYMEX 1000,20150315,185450,0,0,0,0,47.87,1,0
CLM5 FUT NYMEX 1000,20150315,185453,47.85,1,0,0,0,0,0
CLM5 FUT NYMEX 1000,20150315,185453,47.85,1,0,0,0,0,0
CLM5 FUT NYMEX 1000,20150315,185453,0,0,47.81,1,0,0,0
CLM5 FUT NYMEX 1000,20150315,185453,0,0,47.81,3,0,0,0
CLM5 FUT NYMEX 1000,20150315,185453,0,0,47.81,3,0,0,0
CLM5 FUT NYMEX 1000,20150315,185453,0,0,0,0,47.87,4,0
CLM5 FUT NYMEX 1000,20150315,185453,0,0,47.82,3,0,0,0
CLM5 FUT NYMEX 1000,20150315,185453,0,0,47.82,1,0,0,0
CLM5 FUT NYMEX 1000,20150315,185453,0,0,47.82,1,0,0,0
CLM5 FUT NYMEX 1000,20150315,185453,0,0,47.85,1,0,0,0
CLM5 FUT NYMEX 1000,20150315,185453,0,0,47.85,1,0,0,0
CLM5 FUT NYMEX 1000,20150315,185453,47.84,1,0,0,0,0,0
CLM5 FUT NYMEX 1000,20150315,185453,47.84,1,0,0,0,0,0
CLM5 FUT NYMEX 1000,20150315,185453,0,0,47.8,1,0,0,0
CLM5 FUT NYMEX 1000,20150315,185453,0,0,47.8,1,0,0,0
CLM5 FUT NYMEX 1000,20150315,185454,0,0,0,0,47.86,4,0
CLM5 FUT NYMEX 1000,20150315,185454,0,0,0,0,47.86,2,0
CLM5 FUT NYMEX 1000,20150315,185454,0,0,0,0,47.86,2,0
CLM5 FUT NYMEX 1000,20150315,185454,0,0,0,0,47.86,5,0
CLM5 FUT NYMEX 1000,20150315,185455,0,0,47.79,1,0,0,0
CLM5 FUT NYMEX 1000,20150315,185455,0,0,47.79,3,0,0,0
CLM5 FUT NYMEX 1000,20150315,185455,0,0,0,0,47.85,5,0
CLM5 FUT NYMEX 1000,20150315,185455,0,0,0,0,47.85,1,0
CLM5 FUT NYMEX 1000,20150315,185455,0,0,47.79,3,0,0,0
CLM5 FUT NYMEX 1000,20150315,185455,0,0,0,0,47.85,1,0
CLM5 FUT NYMEX 1000,20150315,185455,0,0,0,0,47.86,1,0
CLM5 FUT NYMEX 1000,20150315,185455,0,0,0,0,47.86,15,0
CLM5 FUT NYMEX 1000,20150315,185455,0,0,0,0,47.86,15,0
CLM5 FUT NYMEX 1000,20150315,185456,0,0,0,0,47.85,15,0
CLM5 FUT NYMEX 1000,20150315,185456,0,0,0,0,47.85,1,0
CLM5 FUT NYMEX 1000,20150315,185456,0,0,0,0,47.85,1,0
CLM5 FUT NYMEX 1000,20150315,185456,0,0,0,0,47.86,1,0
CLM5 FUT NYMEX 1000,20150315,185456,0,0,0,0,47.86,13,0
CLM5 FUT NYMEX 1000,20150315,185456,0,0,0,0,47.86,13,0
CLM5 FUT NYMEX 1000,20150315,185456,0,0,47.8,3,0,0,0
CLM5 FUT NYMEX 1000,20150315,185456,0,0,47.8,1,0,0,0
CLM5 FUT NYMEX 1000,20150315,185456,0,0,47.8,1,0,0,0
CLM5 FUT NYMEX 1000,20150315,185457,0,0,0,0,47.86,10,0
CLM5 FUT NYMEX 1000,20150315,185457,0,0,47.8,2,0,0,0
CLM5 FUT NYMEX 1000,20150315,185457,0,0,0,0,47.86,5,0
CLM5 FUT NYMEX 1000,20150315,185458,0,0,47.81,2,0,0,0
CLM5 FUT NYMEX 1000,20150315,185458,0,0,47.81,3,0,0,0
CLM5 FUT NYMEX 1000,20150315,185458,0,0,0,0,47.88,5,0
CLM5 FUT NYMEX 1000,20150315,185458,0,0,0,0,47.88,7,0
CLM5 FUT NYMEX 1000,20150315,185458,0,0,47.81,3,0,0,0
CLM5 FUT NYMEX 1000,20150315,185458,0,0,0,0,47.88,7,0
CLM5 FUT NYMEX 1000,20150315,185459,0,0,0,0,47.88,4,0
