34                  
NGJ5 FUT NYMEX 10000,20150315,185220,0,0,2.696,1,0,0,0
NGJ5 FUT NYMEX 10000,20150315,185220,0,0,0,0,2.698,2,0
NGJ5 FUT NYMEX 10000,20150315,185220,2.698,3,0,0,0,0,0
NGJ5 FUT NYMEX 10000,20150315,185220,0,0,2.696,1,0,0,0
NGJ5 FUT NYMEX 10000,20150315,185220,0,0,0,0,2.698,2,0
NGJ5 FUT NYMEX 10000,20150315,185220,2.698,3,0,0,0,0,0
NGJ5 FUT NYMEX 10000,20150315,185220,0,0,0,0,2.698,3,0
NGJ5 FUT NYMEX 10000,20150315,185226,2.696,3,0,0,0,0,0
NGJ5 FUT NYMEX 10000,20150315,185226,2.696,1,0,0,0,0,0
NGJ5 FUT NYMEX 10000,20150315,185226,2.696,1,0,0,0,0,0
NGJ5 FUT NYMEX 10000,20150315,185226,0,0,2.695,1,0,0,0
NGJ5 FUT NYMEX 10000,20150315,185226,0,0,2.695,5,0,0,0
NGJ5 FUT NYMEX 10000,20150315,185226,0,0,0,0,2.696,3,0
NGJ5 FUT NYMEX 10000,20150315,185226,0,0,0,0,2.696,2,0
NGJ5 FUT NYMEX 10000,20150315,185226,0,0,2.695,5,0,0,0
NGJ5 FUT NYMEX 10000,20150315,185226,0,0,0,0,2.696,2,0
NGJ5 FUT NYMEX 10000,20150315,185227,0,0,2.695,4,0,0,0
NGJ5 FUT NYMEX 10000,20150315,185227,0,0,0,0,2.696,1,0
NGJ5 FUT NYMEX 10000,20150315,185257,2.695,1,0,0,0,0,0
NGJ5 FUT NYMEX 10000,20150315,185257,2.695,1,0,0,0,0,0
NGJ5 FUT NYMEX 10000,20150315,185258,0,0,2.695,3,0,0,0
NGJ5 FUT NYMEX 10000,20150315,185313,0,0,2.695,4,0,0,0
NGJ5 FUT NYMEX 10000,20150315,185405,0,0,2.695,5,0,0,0
NGJ5 FUT NYMEX 10000,20150315,185406,0,0,2.695,7,0,0,0
NGJ5 FUT NYMEX 10000,20150315,185407,0,0,2.695,4,0,0,0
NGJ5 FUT NYMEX 10000,20150315,185430,2.696,1,0,0,0,0,0
NGJ5 FUT NYMEX 10000,20150315,185430,2.696,1,0,0,0,0,0
NGJ5 FUT NYMEX 10000,20150315,185430,0,0,2.696,4,0,0,0
NGJ5 FUT NYMEX 10000,20150315,185430,0,0,2.696,2,0,0,0
NGJ5 FUT NYMEX 10000,20150315,185430,0,0,0,0,2.698,1,0
NGJ5 FUT NYMEX 10000,20150315,185430,0,0,0,0,2.698,2,0
NGJ5 FUT NYMEX 10000,20150315,185430,0,0,2.696,2,0,0,0
NGJ5 FUT NYMEX 10000,20150315,185430,0,0,0,0,2.698,2,0
NGJ5 FUT NYMEX 10000,20150315,185447,0,0,2.696,4,0,0,0
