40                  
NGK5 FUT NYMEX 10000,20150315,185220,0,0,2.727,1,0,0,0
NGK5 FUT NYMEX 10000,20150315,185220,0,0,0,0,2.73,2,0
NGK5 FUT NYMEX 10000,20150315,185220,2.726,3,0,0,0,0,0
NGK5 FUT NYMEX 10000,20150315,185220,0,0,2.727,1,0,0,0
NGK5 FUT NYMEX 10000,20150315,185220,0,0,0,0,2.73,2,0
NGK5 FUT NYMEX 10000,20150315,185220,2.726,3,0,0,0,0,0
NGK5 FUT NYMEX 10000,20150315,185220,0,0,0,0,2.73,3,0
NGK5 FUT NYMEX 10000,20150315,185226,2.727,3,0,0,0,0,0
NGK5 FUT NYMEX 10000,20150315,185226,2.727,1,0,0,0,0,0
NGK5 FUT NYMEX 10000,20150315,185226,2.727,1,0,0,0,0,0
NGK5 FUT NYMEX 10000,20150315,185226,0,0,2.726,1,0,0,0
NGK5 FUT NYMEX 10000,20150315,185226,0,0,2.726,8,0,0,0
NGK5 FUT NYMEX 10000,20150315,185226,0,0,0,0,2.727,3,0
NGK5 FUT NYMEX 10000,20150315,185226,0,0,0,0,2.727,2,0
NGK5 FUT NYMEX 10000,20150315,185226,0,0,2.726,8,0,0,0
NGK5 FUT NYMEX 10000,20150315,185226,0,0,0,0,2.727,2,0
NGK5 FUT NYMEX 10000,20150315,185227,0,0,2.726,7,0,0,0
NGK5 FUT NYMEX 10000,20150315,185227,0,0,0,0,2.727,1,0
NGK5 FUT NYMEX 10000,20150315,185234,0,0,2.726,15,0,0,0
NGK5 FUT NYMEX 10000,20150315,185247,0,0,2.726,7,0,0,0
NGK5 FUT NYMEX 10000,20150315,185257,2.726,1,0,0,0,0,0
NGK5 FUT NYMEX 10000,20150315,185257,2.726,1,0,0,0,0,0
NGK5 FUT NYMEX 10000,20150315,185258,0,0,2.726,6,0,0,0
NGK5 FUT NYMEX 10000,20150315,185313,0,0,2.726,7,0,0,0
NGK5 FUT NYMEX 10000,20150315,185314,0,0,2.726,4,0,0,0
NGK5 FUT NYMEX 10000,20150315,185405,0,0,2.726,5,0,0,0
NGK5 FUT NYMEX 10000,20150315,185406,0,0,2.726,7,0,0,0
NGK5 FUT NYMEX 10000,20150315,185407,0,0,2.726,4,0,0,0
NGK5 FUT NYMEX 10000,20150315,185430,2.727,1,0,0,0,0,0
NGK5 FUT NYMEX 10000,20150315,185430,2.727,1,0,0,0,0,0
NGK5 FUT NYMEX 10000,20150315,185430,0,0,2.727,4,0,0,0
NGK5 FUT NYMEX 10000,20150315,185430,0,0,2.727,2,0,0,0
NGK5 FUT NYMEX 10000,20150315,185430,0,0,0,0,2.73,1,0
NGK5 FUT NYMEX 10000,20150315,185430,0,0,0,0,2.73,2,0
NGK5 FUT NYMEX 10000,20150315,185430,0,0,2.727,2,0,0,0
NGK5 FUT NYMEX 10000,20150315,185430,0,0,0,0,2.73,2,0
NGK5 FUT NYMEX 10000,20150315,185435,0,0,2.727,7,0,0,0
NGK5 FUT NYMEX 10000,20150315,185447,0,0,2.728,7,0,0,0
NGK5 FUT NYMEX 10000,20150315,185447,0,0,2.728,2,0,0,0
NGK5 FUT NYMEX 10000,20150315,185447,0,0,2.728,2,0,0,0
