30                  
NGM5 FUT NYMEX 10000,20150315,185221,2.78,1,0,0,0,0,0
NGM5 FUT NYMEX 10000,20150315,185221,2.78,1,0,0,0,0,0
NGM5 FUT NYMEX 10000,20150315,185221,0,0,2.772,1,0,0,0
NGM5 FUT NYMEX 10000,20150315,185221,0,0,0,0,2.775,3,0
NGM5 FUT NYMEX 10000,20150315,185221,0,0,2.772,1,0,0,0
NGM5 FUT NYMEX 10000,20150315,185221,0,0,0,0,2.775,3,0
NGM5 FUT NYMEX 10000,20150315,185226,0,0,2.771,1,0,0,0
NGM5 FUT NYMEX 10000,20150315,185226,0,0,2.771,8,0,0,0
NGM5 FUT NYMEX 10000,20150315,185226,0,0,0,0,2.772,3,0
NGM5 FUT NYMEX 10000,20150315,185226,0,0,0,0,2.772,2,0
NGM5 FUT NYMEX 10000,20150315,185226,0,0,2.771,8,0,0,0
NGM5 FUT NYMEX 10000,20150315,185226,0,0,0,0,2.772,2,0
NGM5 FUT NYMEX 10000,20150315,185227,0,0,2.771,7,0,0,0
NGM5 FUT NYMEX 10000,20150315,185227,0,0,0,0,2.772,1,0
NGM5 FUT NYMEX 10000,20150315,185257,0,0,2.771,6,0,0,0
NGM5 FUT NYMEX 10000,20150315,185313,0,0,2.771,7,0,0,0
NGM5 FUT NYMEX 10000,20150315,185314,0,0,2.771,4,0,0,0
NGM5 FUT NYMEX 10000,20150315,185405,0,0,2.771,5,0,0,0
NGM5 FUT NYMEX 10000,20150315,185406,0,0,2.771,7,0,0,0
NGM5 FUT NYMEX 10000,20150315,185407,0,0,2.771,4,0,0,0
NGM5 FUT NYMEX 10000,20150315,185430,0,0,2.772,4,0,0,0
NGM5 FUT NYMEX 10000,20150315,185430,0,0,2.772,2,0,0,0
NGM5 FUT NYMEX 10000,20150315,185430,0,0,0,0,2.775,1,0
NGM5 FUT NYMEX 10000,20150315,185430,0,0,0,0,2.775,2,0
NGM5 FUT NYMEX 10000,20150315,185430,0,0,2.772,2,0,0,0
NGM5 FUT NYMEX 10000,20150315,185430,0,0,0,0,2.775,2,0
NGM5 FUT NYMEX 10000,20150315,185435,0,0,2.772,7,0,0,0
NGM5 FUT NYMEX 10000,20150315,185447,0,0,2.773,7,0,0,0
NGM5 FUT NYMEX 10000,20150315,185447,0,0,2.773,2,0,0,0
NGM5 FUT NYMEX 10000,20150315,185447,0,0,2.773,2,0,0,0
