120                 
NQH5 FUT GLOBEX 20,20150315,185220,0,0,4304.25,2,0,0,0
NQH5 FUT GLOBEX 20,20150315,185220,0,0,0,0,4305,2,0
NQH5 FUT GLOBEX 20,20150315,185220,4304.75,1,0,0,0,0,0
NQH5 FUT GLOBEX 20,20150315,185220,0,0,4304.25,2,0,0,0
NQH5 FUT GLOBEX 20,20150315,185220,0,0,0,0,4305,2,0
NQH5 FUT GLOBEX 20,20150315,185220,4304.75,1,0,0,0,0,0
NQH5 FUT GLOBEX 20,20150315,185232,0,0,0,0,4304.75,2,0
NQH5 FUT GLOBEX 20,20150315,185232,0,0,0,0,4304.75,1,0
NQH5 FUT GLOBEX 20,20150315,185232,0,0,4304.25,1,0,0,0
NQH5 FUT GLOBEX 20,20150315,185232,0,0,0,0,4304.75,1,0
NQH5 FUT GLOBEX 20,20150315,185234,0,0,0,0,4305,1,0
NQH5 FUT GLOBEX 20,20150315,185234,0,0,0,0,4305,2,0
NQH5 FUT GLOBEX 20,20150315,185234,0,0,0,0,4305,2,0
NQH5 FUT GLOBEX 20,20150315,185234,0,0,4304,1,0,0,0
NQH5 FUT GLOBEX 20,20150315,185234,0,0,4304,2,0,0,0
NQH5 FUT GLOBEX 20,20150315,185234,0,0,0,0,4304.75,2,0
NQH5 FUT GLOBEX 20,20150315,185234,0,0,0,0,4304.75,2,0
NQH5 FUT GLOBEX 20,20150315,185234,0,0,4304,2,0,0,0
NQH5 FUT GLOBEX 20,20150315,185242,0,0,0,0,4304.75,1,0
NQH5 FUT GLOBEX 20,20150315,185243,0,0,0,0,4304.75,2,0
NQH5 FUT GLOBEX 20,20150315,185247,0,0,4303.75,2,0,0,0
NQH5 FUT GLOBEX 20,20150315,185247,0,0,4303.75,2,0,0,0
NQH5 FUT GLOBEX 20,20150315,185247,0,0,0,0,4304.5,2,0
NQH5 FUT GLOBEX 20,20150315,185247,0,0,0,0,4304.5,2,0
NQH5 FUT GLOBEX 20,20150315,185253,0,0,4303.75,1,0,0,0
NQH5 FUT GLOBEX 20,20150315,185253,0,0,0,0,4304.25,2,0
NQH5 FUT GLOBEX 20,20150315,185253,0,0,0,0,4304.25,1,0
NQH5 FUT GLOBEX 20,20150315,185253,0,0,0,0,4304.25,1,0
NQH5 FUT GLOBEX 20,20150315,185253,4303.75,1,0,0,0,0,0
NQH5 FUT GLOBEX 20,20150315,185253,4303.75,1,0,0,0,0,0
NQH5 FUT GLOBEX 20,20150315,185253,0,0,4303.5,1,0,0,0
NQH5 FUT GLOBEX 20,20150315,185253,0,0,4303.5,2,0,0,0
NQH5 FUT GLOBEX 20,20150315,185253,0,0,4303.5,2,0,0,0
NQH5 FUT GLOBEX 20,20150315,185253,0,0,0,0,4304.25,2,0
NQH5 FUT GLOBEX 20,20150315,185303,0,0,4303.75,2,0,0,0
NQH5 FUT GLOBEX 20,20150315,185303,0,0,4303.75,1,0,0,0
NQH5 FUT GLOBEX 20,20150315,185303,0,0,0,0,4304.5,2,0
NQH5 FUT GLOBEX 20,20150315,185303,0,0,0,0,4304.5,2,0
NQH5 FUT GLOBEX 20,20150315,185303,0,0,4303.75,1,0,0,0
NQH5 FUT GLOBEX 20,20150315,185303,0,0,4303.75,2,0,0,0
NQH5 FUT GLOBEX 20,20150315,185303,0,0,0,0,4304.5,1,0
NQH5 FUT GLOBEX 20,20150315,185309,0,0,4304,2,0,0,0
NQH5 FUT GLOBEX 20,20150315,185309,0,0,4304,2,0,0,0
NQH5 FUT GLOBEX 20,20150315,185309,0,0,0,0,4304.75,1,0
NQH5 FUT GLOBEX 20,20150315,185309,0,0,0,0,4304.75,2,0
NQH5 FUT GLOBEX 20,20150315,185309,0,0,0,0,4304.75,2,0
NQH5 FUT GLOBEX 20,20150315,185309,4304,1,0,0,0,0,0
NQH5 FUT GLOBEX 20,20150315,185309,4304,1,0,0,0,0,0
NQH5 FUT GLOBEX 20,20150315,185311,0,0,4303.75,2,0,0,0
NQH5 FUT GLOBEX 20,20150315,185311,0,0,4303.75,2,0,0,0
NQH5 FUT GLOBEX 20,20150315,185311,0,0,0,0,4304.5,2,0
NQH5 FUT GLOBEX 20,20150315,185311,0,0,0,0,4304.5,2,0
NQH5 FUT GLOBEX 20,20150315,185321,0,0,4303.5,2,0,0,0
NQH5 FUT GLOBEX 20,20150315,185321,0,0,4303.5,7,0,0,0
NQH5 FUT GLOBEX 20,20150315,185321,0,0,4303.5,7,0,0,0
NQH5 FUT GLOBEX 20,20150315,185321,0,0,4303.75,7,0,0,0
NQH5 FUT GLOBEX 20,20150315,185321,0,0,4303.75,1,0,0,0
NQH5 FUT GLOBEX 20,20150315,185321,0,0,4303.75,1,0,0,0
NQH5 FUT GLOBEX 20,20150315,185322,0,0,4303.75,2,0,0,0
NQH5 FUT GLOBEX 20,20150315,185332,0,0,4304,2,0,0,0
NQH5 FUT GLOBEX 20,20150315,185332,0,0,4304,1,0,0,0
NQH5 FUT GLOBEX 20,20150315,185332,0,0,4304,1,0,0,0
NQH5 FUT GLOBEX 20,20150315,185351,0,0,4304,4,0,0,0
NQH5 FUT GLOBEX 20,20150315,185352,0,0,0,0,4304.5,1,0
NQH5 FUT GLOBEX 20,20150315,185357,0,0,0,0,4304.75,1,0
NQH5 FUT GLOBEX 20,20150315,185357,0,0,0,0,4304.75,2,0
NQH5 FUT GLOBEX 20,20150315,185357,0,0,4304,5,0,0,0
NQH5 FUT GLOBEX 20,20150315,185357,0,0,0,0,4304.75,2,0
NQH5 FUT GLOBEX 20,20150315,185357,0,0,4304.5,5,0,0,0
NQH5 FUT GLOBEX 20,20150315,185357,0,0,4304.5,1,0,0,0
NQH5 FUT GLOBEX 20,20150315,185357,0,0,4304.5,1,0,0,0
NQH5 FUT GLOBEX 20,20150315,185408,4304.75,1,0,0,0,0,0
NQH5 FUT GLOBEX 20,20150315,185408,4304.75,1,0,0,0,0,0
NQH5 FUT GLOBEX 20,20150315,185408,0,0,4304.25,1,0,0,0
NQH5 FUT GLOBEX 20,20150315,185408,0,0,4304.25,1,0,0,0
NQH5 FUT GLOBEX 20,20150315,185408,0,0,0,0,4304.75,1,0
NQH5 FUT GLOBEX 20,20150315,185412,0,0,0,0,4305,1,0
NQH5 FUT GLOBEX 20,20150315,185412,0,0,0,0,4305,2,0
NQH5 FUT GLOBEX 20,20150315,185412,0,0,4304.25,2,0,0,0
NQH5 FUT GLOBEX 20,20150315,185412,0,0,0,0,4305,2,0
NQH5 FUT GLOBEX 20,20150315,185438,0,0,4304.5,2,0,0,0
NQH5 FUT GLOBEX 20,20150315,185438,0,0,4304.5,1,0,0,0
NQH5 FUT GLOBEX 20,20150315,185438,0,0,4304.5,1,0,0,0
NQH5 FUT GLOBEX 20,20150315,185438,0,0,0,0,4305,5,0
NQH5 FUT GLOBEX 20,20150315,185438,0,0,0,0,4305.25,5,0
NQH5 FUT GLOBEX 20,20150315,185438,0,0,0,0,4305.25,8,0
NQH5 FUT GLOBEX 20,20150315,185438,0,0,0,0,4305.25,8,0
NQH5 FUT GLOBEX 20,20150315,185439,0,0,4304.5,2,0,0,0
NQH5 FUT GLOBEX 20,20150315,185441,0,0,0,0,4305.5,8,0
NQH5 FUT GLOBEX 20,20150315,185441,0,0,0,0,4305.5,2,0
NQH5 FUT GLOBEX 20,20150315,185441,0,0,0,0,4305.5,2,0
NQH5 FUT GLOBEX 20,20150315,185441,0,0,0,0,4305.25,2,0
NQH5 FUT GLOBEX 20,20150315,185441,0,0,0,0,4305.25,2,0
NQH5 FUT GLOBEX 20,20150315,185441,0,0,4304.5,1,0,0,0
NQH5 FUT GLOBEX 20,20150315,185442,0,0,4304.25,1,0,0,0
NQH5 FUT GLOBEX 20,20150315,185442,0,0,4304.25,2,0,0,0
NQH5 FUT GLOBEX 20,20150315,185442,0,0,0,0,4305,2,0
NQH5 FUT GLOBEX 20,20150315,185442,0,0,0,0,4305,1,0
NQH5 FUT GLOBEX 20,20150315,185442,0,0,4304.25,2,0,0,0
NQH5 FUT GLOBEX 20,20150315,185442,0,0,0,0,4305,1,0
NQH5 FUT GLOBEX 20,20150315,185447,0,0,4304.5,2,0,0,0
NQH5 FUT GLOBEX 20,20150315,185447,0,0,4304.5,2,0,0,0
NQH5 FUT GLOBEX 20,20150315,185447,0,0,0,0,4305.25,1,0
NQH5 FUT GLOBEX 20,20150315,185447,0,0,0,0,4305.25,2,0
NQH5 FUT GLOBEX 20,20150315,185447,0,0,0,0,4305.25,2,0
NQH5 FUT GLOBEX 20,20150315,185453,0,0,0,0,4305,2,0
NQH5 FUT GLOBEX 20,20150315,185453,0,0,0,0,4305,1,0
NQH5 FUT GLOBEX 20,20150315,185453,0,0,4304.5,1,0,0,0
NQH5 FUT GLOBEX 20,20150315,185453,0,0,0,0,4305,1,0
NQH5 FUT GLOBEX 20,20150315,185454,0,0,0,0,4305.25,1,0
NQH5 FUT GLOBEX 20,20150315,185454,0,0,0,0,4305.25,2,0
NQH5 FUT GLOBEX 20,20150315,185454,0,0,0,0,4305.25,2,0
NQH5 FUT GLOBEX 20,20150315,185457,0,0,4304.5,2,0,0,0
NQH5 FUT GLOBEX 20,20150315,185457,0,0,0,0,4305,2,0
NQH5 FUT GLOBEX 20,20150315,185457,0,0,0,0,4305,1,0
NQH5 FUT GLOBEX 20,20150315,185457,0,0,4304.5,1,0,0,0
NQH5 FUT GLOBEX 20,20150315,185457,0,0,0,0,4305,1,0
NQH5 FUT GLOBEX 20,20150315,185457,0,0,0,0,4305.25,1,0
NQH5 FUT GLOBEX 20,20150315,185457,0,0,0,0,4305.25,2,0
NQH5 FUT GLOBEX 20,20150315,185457,0,0,0,0,4305.25,2,0
