168                 
NQM5 FUT GLOBEX 20,20150315,185220,0,0,4297.75,3,0,0,0
NQM5 FUT GLOBEX 20,20150315,185220,0,0,0,0,4298.25,6,0
NQM5 FUT GLOBEX 20,20150315,185220,4298.25,3,0,0,0,0,0
NQM5 FUT GLOBEX 20,20150315,185220,0,0,4297.75,3,0,0,0
NQM5 FUT GLOBEX 20,20150315,185220,0,0,0,0,4298.25,6,0
NQM5 FUT GLOBEX 20,20150315,185220,4298.25,3,0,0,0,0,0
NQM5 FUT GLOBEX 20,20150315,185222,0,0,0,0,4298.25,5,0
NQM5 FUT GLOBEX 20,20150315,185232,0,0,4297.75,2,0,0,0
NQM5 FUT GLOBEX 20,20150315,185234,0,0,4297.75,3,0,0,0
NQM5 FUT GLOBEX 20,20150315,185234,0,0,0,0,4298.25,7,0
NQM5 FUT GLOBEX 20,20150315,185237,4297.75,3,0,0,0,0,0
NQM5 FUT GLOBEX 20,20150315,185237,4297.75,2,0,0,0,0,0
NQM5 FUT GLOBEX 20,20150315,185237,4297.75,2,0,0,0,0,0
NQM5 FUT GLOBEX 20,20150315,185237,0,0,4297.75,1,0,0,0
NQM5 FUT GLOBEX 20,20150315,185238,0,0,0,0,4298.25,8,0
NQM5 FUT GLOBEX 20,20150315,185241,0,0,0,0,4298.25,9,0
NQM5 FUT GLOBEX 20,20150315,185242,0,0,4297.75,2,0,0,0
NQM5 FUT GLOBEX 20,20150315,185247,4297.5,2,0,0,0,0,0
NQM5 FUT GLOBEX 20,20150315,185247,4297.5,8,0,0,0,0,0
NQM5 FUT GLOBEX 20,20150315,185247,4297.5,8,0,0,0,0,0
NQM5 FUT GLOBEX 20,20150315,185247,0,0,4297.25,2,0,0,0
NQM5 FUT GLOBEX 20,20150315,185247,0,0,4297.25,2,0,0,0
NQM5 FUT GLOBEX 20,20150315,185247,0,0,0,0,4297.75,9,0
NQM5 FUT GLOBEX 20,20150315,185247,0,0,0,0,4297.75,3,0
NQM5 FUT GLOBEX 20,20150315,185247,0,0,0,0,4297.75,3,0
NQM5 FUT GLOBEX 20,20150315,185248,0,0,4297.25,3,0,0,0
NQM5 FUT GLOBEX 20,20150315,185248,0,0,0,0,4297.75,2,0
NQM5 FUT GLOBEX 20,20150315,185248,4297.5,1,0,0,0,0,0
NQM5 FUT GLOBEX 20,20150315,185250,0,0,4297.25,5,0,0,0
NQM5 FUT GLOBEX 20,20150315,185251,0,0,0,0,4298,2,0
NQM5 FUT GLOBEX 20,20150315,185251,0,0,0,0,4298,5,0
NQM5 FUT GLOBEX 20,20150315,185251,0,0,0,0,4298,5,0
NQM5 FUT GLOBEX 20,20150315,185252,0,0,4297.25,6,0,0,0
NQM5 FUT GLOBEX 20,20150315,185253,0,0,0,0,4297.75,5,0
NQM5 FUT GLOBEX 20,20150315,185253,0,0,0,0,4297.75,2,0
NQM5 FUT GLOBEX 20,20150315,185253,0,0,4297.25,3,0,0,0
NQM5 FUT GLOBEX 20,20150315,185253,0,0,0,0,4297.75,2,0
NQM5 FUT GLOBEX 20,20150315,185253,0,0,4297,3,0,0,0
NQM5 FUT GLOBEX 20,20150315,185253,0,0,4297,5,0,0,0
NQM5 FUT GLOBEX 20,20150315,185253,0,0,4297,5,0,0,0
NQM5 FUT GLOBEX 20,20150315,185253,0,0,0,0,4297.75,3,0
NQM5 FUT GLOBEX 20,20150315,185254,0,0,4297,4,0,0,0
NQM5 FUT GLOBEX 20,20150315,185255,0,0,0,0,4297.5,3,0
NQM5 FUT GLOBEX 20,20150315,185255,0,0,0,0,4297.5,2,0
NQM5 FUT GLOBEX 20,20150315,185255,0,0,4297,3,0,0,0
NQM5 FUT GLOBEX 20,20150315,185255,0,0,0,0,4297.5,2,0
NQM5 FUT GLOBEX 20,20150315,185258,0,0,4297,4,0,0,0
NQM5 FUT GLOBEX 20,20150315,185259,0,0,4297,3,0,0,0
NQM5 FUT GLOBEX 20,20150315,185303,4297.5,2,0,0,0,0,0
NQM5 FUT GLOBEX 20,20150315,185303,0,0,4297.25,3,0,0,0
NQM5 FUT GLOBEX 20,20150315,185303,0,0,4297.25,3,0,0,0
NQM5 FUT GLOBEX 20,20150315,185303,0,0,0,0,4297.75,2,0
NQM5 FUT GLOBEX 20,20150315,185303,0,0,0,0,4297.75,3,0
NQM5 FUT GLOBEX 20,20150315,185303,0,0,0,0,4297.75,3,0
NQM5 FUT GLOBEX 20,20150315,185303,0,0,4297.25,4,0,0,0
NQM5 FUT GLOBEX 20,20150315,185303,0,0,0,0,4297.75,2,0
NQM5 FUT GLOBEX 20,20150315,185303,0,0,0,0,4298,2,0
NQM5 FUT GLOBEX 20,20150315,185303,0,0,0,0,4298,5,0
NQM5 FUT GLOBEX 20,20150315,185303,0,0,4297.25,5,0,0,0
NQM5 FUT GLOBEX 20,20150315,185303,0,0,0,0,4298,5,0
NQM5 FUT GLOBEX 20,20150315,185304,0,0,4297.25,7,0,0,0
NQM5 FUT GLOBEX 20,20150315,185304,0,0,0,0,4298,1,0
NQM5 FUT GLOBEX 20,20150315,185309,0,0,4297.75,7,0,0,0
NQM5 FUT GLOBEX 20,20150315,185309,0,0,4297.75,5,0,0,0
NQM5 FUT GLOBEX 20,20150315,185309,0,0,0,0,4298.25,1,0
NQM5 FUT GLOBEX 20,20150315,185309,0,0,0,0,4298.25,10,0
NQM5 FUT GLOBEX 20,20150315,185309,0,0,4297.75,5,0,0,0
NQM5 FUT GLOBEX 20,20150315,185309,0,0,0,0,4298.25,10,0
NQM5 FUT GLOBEX 20,20150315,185309,0,0,4297.5,5,0,0,0
NQM5 FUT GLOBEX 20,20150315,185309,0,0,4297.5,3,0,0,0
NQM5 FUT GLOBEX 20,20150315,185309,0,0,4297.5,3,0,0,0
NQM5 FUT GLOBEX 20,20150315,185309,0,0,0,0,4298.25,9,0
NQM5 FUT GLOBEX 20,20150315,185309,0,0,4297.75,3,0,0,0
NQM5 FUT GLOBEX 20,20150315,185309,0,0,4297.75,2,0,0,0
NQM5 FUT GLOBEX 20,20150315,185309,0,0,4297.75,2,0,0,0
NQM5 FUT GLOBEX 20,20150315,185309,0,0,4297.75,6,0,0,0
NQM5 FUT GLOBEX 20,20150315,185309,0,0,0,0,4298.25,5,0
NQM5 FUT GLOBEX 20,20150315,185310,0,0,4297.75,3,0,0,0
NQM5 FUT GLOBEX 20,20150315,185310,0,0,0,0,4298.25,6,0
NQM5 FUT GLOBEX 20,20150315,185311,0,0,4297.5,3,0,0,0
NQM5 FUT GLOBEX 20,20150315,185311,0,0,4297.5,4,0,0,0
NQM5 FUT GLOBEX 20,20150315,185311,0,0,0,0,4298,6,0
NQM5 FUT GLOBEX 20,20150315,185311,0,0,0,0,4298,2,0
NQM5 FUT GLOBEX 20,20150315,185311,0,0,4297.5,4,0,0,0
NQM5 FUT GLOBEX 20,20150315,185311,0,0,0,0,4298,2,0
NQM5 FUT GLOBEX 20,20150315,185313,0,0,4297.5,2,0,0,0
NQM5 FUT GLOBEX 20,20150315,185313,0,0,0,0,4298,3,0
NQM5 FUT GLOBEX 20,20150315,185317,0,0,0,0,4298,4,0
NQM5 FUT GLOBEX 20,20150315,185319,0,0,4297.5,4,0,0,0
NQM5 FUT GLOBEX 20,20150315,185320,0,0,4297.5,2,0,0,0
NQM5 FUT GLOBEX 20,20150315,185321,0,0,0,0,4298,6,0
NQM5 FUT GLOBEX 20,20150315,185322,0,0,0,0,4298,4,0
NQM5 FUT GLOBEX 20,20150315,185325,0,0,0,0,4298,5,0
NQM5 FUT GLOBEX 20,20150315,185326,0,0,0,0,4298,4,0
NQM5 FUT GLOBEX 20,20150315,185330,0,0,0,0,4298,3,0
NQM5 FUT GLOBEX 20,20150315,185331,0,0,0,0,4298,4,0
NQM5 FUT GLOBEX 20,20150315,185333,0,0,4297.5,3,0,0,0
NQM5 FUT GLOBEX 20,20150315,185357,0,0,0,0,4298,3,0
NQM5 FUT GLOBEX 20,20150315,185357,0,0,0,0,4298.25,3,0
NQM5 FUT GLOBEX 20,20150315,185357,0,0,0,0,4298.25,9,0
NQM5 FUT GLOBEX 20,20150315,185357,0,0,4297.5,5,0,0,0
NQM5 FUT GLOBEX 20,20150315,185357,0,0,0,0,4298.25,9,0
NQM5 FUT GLOBEX 20,20150315,185358,0,0,0,0,4298.25,7,0
NQM5 FUT GLOBEX 20,20150315,185408,0,0,4297.5,4,0,0,0
NQM5 FUT GLOBEX 20,20150315,185410,0,0,4297.5,2,0,0,0
NQM5 FUT GLOBEX 20,20150315,185411,0,0,4297.5,4,0,0,0
NQM5 FUT GLOBEX 20,20150315,185411,0,0,0,0,4298.25,8,0
NQM5 FUT GLOBEX 20,20150315,185412,0,0,4297.5,5,0,0,0
NQM5 FUT GLOBEX 20,20150315,185413,0,0,4297.5,4,0,0,0
NQM5 FUT GLOBEX 20,20150315,185427,0,0,4297.5,2,0,0,0
NQM5 FUT GLOBEX 20,20150315,185433,0,0,4297.5,3,0,0,0
NQM5 FUT GLOBEX 20,20150315,185435,0,0,4297.5,5,0,0,0
NQM5 FUT GLOBEX 20,20150315,185436,0,0,4298,5,0,0,0
NQM5 FUT GLOBEX 20,20150315,185436,0,0,4298,2,0,0,0
NQM5 FUT GLOBEX 20,20150315,185436,0,0,4298,2,0,0,0
NQM5 FUT GLOBEX 20,20150315,185437,0,0,0,0,4298.25,6,0
NQM5 FUT GLOBEX 20,20150315,185438,0,0,0,0,4298.25,4,0
NQM5 FUT GLOBEX 20,20150315,185438,4298,2,0,0,0,0,0
NQM5 FUT GLOBEX 20,20150315,185438,4298,2,0,0,0,0,0
NQM5 FUT GLOBEX 20,20150315,185438,0,0,4297.75,2,0,0,0
NQM5 FUT GLOBEX 20,20150315,185438,0,0,4297.75,27,0,0,0
NQM5 FUT GLOBEX 20,20150315,185438,0,0,4297.75,27,0,0,0
NQM5 FUT GLOBEX 20,20150315,185439,0,0,4298,27,0,0,0
NQM5 FUT GLOBEX 20,20150315,185439,0,0,4298,2,0,0,0
NQM5 FUT GLOBEX 20,20150315,185439,0,0,4298,2,0,0,0
NQM5 FUT GLOBEX 20,20150315,185439,0,0,0,0,4298.25,3,0
NQM5 FUT GLOBEX 20,20150315,185441,4298.25,2,0,0,0,0,0
NQM5 FUT GLOBEX 20,20150315,185441,4298.25,2,0,0,0,0,0
NQM5 FUT GLOBEX 20,20150315,185441,0,0,0,0,4298.75,3,0
NQM5 FUT GLOBEX 20,20150315,185441,0,0,0,0,4298.75,4,0
NQM5 FUT GLOBEX 20,20150315,185441,0,0,4298,3,0,0,0
NQM5 FUT GLOBEX 20,20150315,185441,0,0,0,0,4298.75,4,0
NQM5 FUT GLOBEX 20,20150315,185441,0,0,4297.75,3,0,0,0
NQM5 FUT GLOBEX 20,20150315,185441,0,0,4297.75,3,0,0,0
NQM5 FUT GLOBEX 20,20150315,185441,0,0,0,0,4298.5,4,0
NQM5 FUT GLOBEX 20,20150315,185441,0,0,0,0,4298.5,3,0
NQM5 FUT GLOBEX 20,20150315,185441,0,0,0,0,4298.5,3,0
NQM5 FUT GLOBEX 20,20150315,185442,0,0,4297.75,2,0,0,0
NQM5 FUT GLOBEX 20,20150315,185442,0,0,0,0,4298.5,4,0
NQM5 FUT GLOBEX 20,20150315,185442,4298.25,1,0,0,0,0,0
NQM5 FUT GLOBEX 20,20150315,185443,0,0,4297.75,1,0,0,0
NQM5 FUT GLOBEX 20,20150315,185445,4298.5,1,0,0,0,0,0
NQM5 FUT GLOBEX 20,20150315,185445,4298.5,1,0,0,0,0,0
NQM5 FUT GLOBEX 20,20150315,185446,0,0,0,0,4298.5,3,0
NQM5 FUT GLOBEX 20,20150315,185447,0,0,4298,1,0,0,0
NQM5 FUT GLOBEX 20,20150315,185447,0,0,4298,5,0,0,0
NQM5 FUT GLOBEX 20,20150315,185447,0,0,4298,5,0,0,0
NQM5 FUT GLOBEX 20,20150315,185447,0,0,0,0,4298.5,2,0
NQM5 FUT GLOBEX 20,20150315,185453,0,0,4297.75,5,0,0,0
NQM5 FUT GLOBEX 20,20150315,185453,0,0,4297.75,3,0,0,0
NQM5 FUT GLOBEX 20,20150315,185453,0,0,4297.75,3,0,0,0
NQM5 FUT GLOBEX 20,20150315,185453,0,0,0,0,4298.5,3,0
NQM5 FUT GLOBEX 20,20150315,185453,4298.25,1,0,0,0,0,0
NQM5 FUT GLOBEX 20,20150315,185453,4298.25,2,0,0,0,0,0
NQM5 FUT GLOBEX 20,20150315,185453,4298.25,2,0,0,0,0,0
NQM5 FUT GLOBEX 20,20150315,185453,0,0,4297.75,5,0,0,0
NQM5 FUT GLOBEX 20,20150315,185454,4298.25,3,0,0,0,0,0
NQM5 FUT GLOBEX 20,20150315,185454,0,0,4297.75,4,0,0,0
NQM5 FUT GLOBEX 20,20150315,185454,0,0,0,0,4298.5,4,0
NQM5 FUT GLOBEX 20,20150315,185454,0,0,4298,4,0,0,0
NQM5 FUT GLOBEX 20,20150315,185454,0,0,4298,1,0,0,0
NQM5 FUT GLOBEX 20,20150315,185454,0,0,4298,1,0,0,0
NQM5 FUT GLOBEX 20,20150315,185457,0,0,0,0,4298.5,3,0
NQM5 FUT GLOBEX 20,20150315,185458,0,0,0,0,4298.5,5,0
NQM5 FUT GLOBEX 20,20150315,185459,4298.5,3,0,0,0,0,0
NQM5 FUT GLOBEX 20,20150315,185459,4298.5,1,0,0,0,0,0
NQM5 FUT GLOBEX 20,20150315,185459,4298.5,1,0,0,0,0,0
NQM5 FUT GLOBEX 20,20150315,185459,0,0,0,0,4298.5,4,0
