1005                
GLD STK SMART,20150325,80354,114.74,3,0,0,0,0,0
GLD STK SMART,20150325,80415,114.76,2,0,0,0,0,0
GLD STK SMART,20150325,81345,114.72,1,0,0,0,0,0
GLD STK SMART,20150325,82308,114.65,1,0,0,0,0,0
GLD STK SMART,20150325,82927,114.72,1,0,0,0,0,0
GLD STK SMART,20150325,83452,114.88,1,0,0,0,0,0
GLD STK SMART,20150325,83600,114.87,1,0,0,0,0,0
GLD STK SMART,20150325,84209,114.89,1,0,0,0,0,0
GLD STK SMART,20150325,85019,114.97,4,0,0,0,0,0
GLD STK SMART,20150325,85138,114.95,1,0,0,0,0,0
GLD STK SMART,20150325,85714,114.89,1,0,0,0,0,0
GLD STK SMART,20150325,85938,115,3,0,0,0,0,0
GLD STK SMART,20150325,90503,114.87,4,0,0,0,0,0
GLD STK SMART,20150325,90730,114.92,2,0,0,0,0,0
GLD STK SMART,20150325,91042,115.02,4,0,0,0,0,0
GLD STK SMART,20150325,91212,115,1,0,0,0,0,0
GLD STK SMART,20150325,92034,115.06,5,0,0,0,0,0
GLD STK SMART,20150325,92107,115.05,4,0,0,0,0,0
GLD STK SMART,20150325,92108,115.05,2,0,0,0,0,0
GLD STK SMART,20150325,92125,115.06,1,0,0,0,0,0
GLD STK SMART,20150325,92351,115.04,1,0,0,0,0,0
GLD STK SMART,20150325,92717,115.11,1,0,0,0,0,0
GLD STK SMART,20150325,92721,115.09,1,0,0,0,0,0
GLD STK SMART,20150325,92925,115.1,2,0,0,0,0,0
GLD STK SMART,20150325,92936,115.12,1,0,0,0,0,0
GLD STK SMART,20150325,92944,115.1,1,0,0,0,0,0
GLD STK SMART,20150325,93006,115.12,1,0,0,0,0,0
GLD STK SMART,20150325,93013,115.1,1,0,0,0,0,0
GLD STK SMART,20150325,93019,115.09,1,0,0,0,0,0
GLD STK SMART,20150325,93102,115.12,1,0,0,0,0,0
GLD STK SMART,20150325,93120,115.12,1,0,0,0,0,0
GLD STK SMART,20150325,93134,115.12,1,0,0,0,0,0
GLD STK SMART,20150325,93158,115.11,1,0,0,0,0,0
GLD STK SMART,20150325,93206,115.11,1,0,0,0,0,0
GLD STK SMART,20150325,93218,115.11,2,0,0,0,0,0
GLD STK SMART,20150325,93219,115.12,3,0,0,0,0,0
GLD STK SMART,20150325,93243,115.12,1,0,0,0,0,0
GLD STK SMART,20150325,93306,115.13,1,0,0,0,0,0
GLD STK SMART,20150325,93321,115.12,1,0,0,0,0,0
GLD STK SMART,20150325,93341,115.11,1,0,0,0,0,0
GLD STK SMART,20150325,93404,115.09,1,0,0,0,0,0
GLD STK SMART,20150325,93410,115.06,3,0,0,0,0,0
GLD STK SMART,20150325,93428,115.07,1,0,0,0,0,0
GLD STK SMART,20150325,93434,115.08,1,0,0,0,0,0
GLD STK SMART,20150325,93456,115.07,1,0,0,0,0,0
GLD STK SMART,20150325,93516,115.08,1,0,0,0,0,0
GLD STK SMART,20150325,93543,115.07,1,0,0,0,0,0
GLD STK SMART,20150325,93551,115.05,1,0,0,0,0,0
GLD STK SMART,20150325,93607,115.06,1,0,0,0,0,0
GLD STK SMART,20150325,93615,115,1,0,0,0,0,0
GLD STK SMART,20150325,93716,115.01,1,0,0,0,0,0
GLD STK SMART,20150325,93722,115.02,1,0,0,0,0,0
GLD STK SMART,20150325,93803,115.01,1,0,0,0,0,0
GLD STK SMART,20150325,93828,114.99,1,0,0,0,0,0
GLD STK SMART,20150325,93833,114.98,1,0,0,0,0,0
GLD STK SMART,20150325,93846,115,1,0,0,0,0,0
GLD STK SMART,20150325,93907,114.97,1,0,0,0,0,0
GLD STK SMART,20150325,93918,114.94,4,0,0,0,0,0
GLD STK SMART,20150325,93928,114.92,1,0,0,0,0,0
GLD STK SMART,20150325,93936,114.93,1,0,0,0,0,0
GLD STK SMART,20150325,93943,114.9,1,0,0,0,0,0
GLD STK SMART,20150325,93957,114.92,3,0,0,0,0,0
GLD STK SMART,20150325,94006,114.91,2,0,0,0,0,0
GLD STK SMART,20150325,94018,114.94,1,0,0,0,0,0
GLD STK SMART,20150325,94028,114.94,2,0,0,0,0,0
GLD STK SMART,20150325,94037,114.95,1,0,0,0,0,0
GLD STK SMART,20150325,94041,114.94,1,0,0,0,0,0
GLD STK SMART,20150325,94054,114.98,1,0,0,0,0,0
GLD STK SMART,20150325,94118,114.95,1,0,0,0,0,0
GLD STK SMART,20150325,94128,114.95,1,0,0,0,0,0
GLD STK SMART,20150325,94134,114.98,3,0,0,0,0,0
GLD STK SMART,20150325,94154,114.98,1,0,0,0,0,0
GLD STK SMART,20150325,94224,114.99,1,0,0,0,0,0
GLD STK SMART,20150325,94231,114.97,1,0,0,0,0,0
GLD STK SMART,20150325,94258,114.99,1,0,0,0,0,0
GLD STK SMART,20150325,94317,114.98,1,0,0,0,0,0
GLD STK SMART,20150325,94325,114.97,1,0,0,0,0,0
GLD STK SMART,20150325,94345,114.97,1,0,0,0,0,0
GLD STK SMART,20150325,94358,114.98,1,0,0,0,0,0
GLD STK SMART,20150325,94417,114.97,1,0,0,0,0,0
GLD STK SMART,20150325,94433,114.96,1,0,0,0,0,0
GLD STK SMART,20150325,94455,114.95,1,0,0,0,0,0
GLD STK SMART,20150325,94504,114.97,1,0,0,0,0,0
GLD STK SMART,20150325,94517,114.98,1,0,0,0,0,0
GLD STK SMART,20150325,94524,114.95,1,0,0,0,0,0
GLD STK SMART,20150325,94538,114.93,1,0,0,0,0,0
GLD STK SMART,20150325,94546,114.94,1,0,0,0,0,0
GLD STK SMART,20150325,94601,114.96,1,0,0,0,0,0
GLD STK SMART,20150325,94617,114.94,2,0,0,0,0,0
GLD STK SMART,20150325,94623,114.94,1,0,0,0,0,0
GLD STK SMART,20150325,94656,114.93,1,0,0,0,0,0
GLD STK SMART,20150325,94704,114.9,1,0,0,0,0,0
GLD STK SMART,20150325,94709,114.91,1,0,0,0,0,0
GLD STK SMART,20150325,94725,114.92,1,0,0,0,0,0
GLD STK SMART,20150325,94734,114.93,1,0,0,0,0,0
GLD STK SMART,20150325,94747,114.91,10,0,0,0,0,0
GLD STK SMART,20150325,94751,114.91,4,0,0,0,0,0
GLD STK SMART,20150325,94808,114.91,1,0,0,0,0,0
GLD STK SMART,20150325,94820,114.9,1,0,0,0,0,0
GLD STK SMART,20150325,94833,114.9,2,0,0,0,0,0
GLD STK SMART,20150325,94848,114.88,2,0,0,0,0,0
GLD STK SMART,20150325,94907,114.91,2,0,0,0,0,0
GLD STK SMART,20150325,94929,114.92,1,0,0,0,0,0
GLD STK SMART,20150325,94946,114.95,1,0,0,0,0,0
GLD STK SMART,20150325,95012,114.97,1,0,0,0,0,0
GLD STK SMART,20150325,95024,114.95,1,0,0,0,0,0
GLD STK SMART,20150325,95033,114.94,1,0,0,0,0,0
GLD STK SMART,20150325,95041,114.93,1,0,0,0,0,0
GLD STK SMART,20150325,95113,114.96,1,0,0,0,0,0
GLD STK SMART,20150325,95123,114.95,1,0,0,0,0,0
GLD STK SMART,20150325,95134,114.95,2,0,0,0,0,0
GLD STK SMART,20150325,95147,114.96,1,0,0,0,0,0
GLD STK SMART,20150325,95255,114.94,3,0,0,0,0,0
GLD STK SMART,20150325,95324,114.95,1,0,0,0,0,0
GLD STK SMART,20150325,95348,114.94,1,0,0,0,0,0
GLD STK SMART,20150325,95400,114.94,1,0,0,0,0,0
GLD STK SMART,20150325,95412,114.97,1,0,0,0,0,0
GLD STK SMART,20150325,95437,114.98,1,0,0,0,0,0
GLD STK SMART,20150325,95445,115.01,1,0,0,0,0,0
GLD STK SMART,20150325,95506,114.99,2,0,0,0,0,0
GLD STK SMART,20150325,95534,115,1,0,0,0,0,0
GLD STK SMART,20150325,95556,115.01,1,0,0,0,0,0
GLD STK SMART,20150325,95605,115.01,2,0,0,0,0,0
GLD STK SMART,20150325,95620,115.01,1,0,0,0,0,0
GLD STK SMART,20150325,95655,115,2,0,0,0,0,0
GLD STK SMART,20150325,95700,114.99,1,0,0,0,0,0
GLD STK SMART,20150325,95737,114.97,1,0,0,0,0,0
GLD STK SMART,20150325,95748,114.96,1,0,0,0,0,0
GLD STK SMART,20150325,95756,114.91,1,0,0,0,0,0
GLD STK SMART,20150325,95808,114.9,1,0,0,0,0,0
GLD STK SMART,20150325,95817,114.91,1,0,0,0,0,0
GLD STK SMART,20150325,95825,114.86,1,0,0,0,0,0
GLD STK SMART,20150325,95832,114.88,1,0,0,0,0,0
GLD STK SMART,20150325,95848,114.9,1,0,0,0,0,0
GLD STK SMART,20150325,95853,114.88,1,0,0,0,0,0
GLD STK SMART,20150325,95906,114.89,1,0,0,0,0,0
GLD STK SMART,20150325,95924,114.89,1,0,0,0,0,0
GLD STK SMART,20150325,95934,114.92,1,0,0,0,0,0
GLD STK SMART,20150325,95944,114.9,1,0,0,0,0,0
GLD STK SMART,20150325,100002,114.93,1,0,0,0,0,0
GLD STK SMART,20150325,100059,114.93,1,0,0,0,0,0
GLD STK SMART,20150325,100104,114.93,1,0,0,0,0,0
GLD STK SMART,20150325,100117,114.95,1,0,0,0,0,0
GLD STK SMART,20150325,100132,114.96,1,0,0,0,0,0
GLD STK SMART,20150325,100147,114.95,1,0,0,0,0,0
GLD STK SMART,20150325,100204,114.93,1,0,0,0,0,0
GLD STK SMART,20150325,100248,114.92,1,0,0,0,0,0
GLD STK SMART,20150325,100327,114.93,1,0,0,0,0,0
GLD STK SMART,20150325,100351,114.95,1,0,0,0,0,0
GLD STK SMART,20150325,100413,114.94,1,0,0,0,0,0
GLD STK SMART,20150325,100439,114.94,1,0,0,0,0,0
GLD STK SMART,20150325,100459,114.94,1,0,0,0,0,0
GLD STK SMART,20150325,100509,114.93,1,0,0,0,0,0
GLD STK SMART,20150325,100519,114.94,1,0,0,0,0,0
GLD STK SMART,20150325,100630,114.95,2,0,0,0,0,0
GLD STK SMART,20150325,100644,114.95,1,0,0,0,0,0
GLD STK SMART,20150325,100703,114.94,1,0,0,0,0,0
GLD STK SMART,20150325,100734,114.97,1,0,0,0,0,0
GLD STK SMART,20150325,100816,114.95,1,0,0,0,0,0
GLD STK SMART,20150325,100855,114.95,2,0,0,0,0,0
GLD STK SMART,20150325,100917,114.95,1,0,0,0,0,0
GLD STK SMART,20150325,100927,114.93,5,0,0,0,0,0
GLD STK SMART,20150325,100938,114.95,1,0,0,0,0,0
GLD STK SMART,20150325,100950,114.97,1,0,0,0,0,0
GLD STK SMART,20150325,100952,114.96,1,0,0,0,0,0
GLD STK SMART,20150325,101007,114.94,3,0,0,0,0,0
GLD STK SMART,20150325,101018,114.96,1,0,0,0,0,0
GLD STK SMART,20150325,101034,114.97,1,0,0,0,0,0
GLD STK SMART,20150325,101047,114.97,1,0,0,0,0,0
GLD STK SMART,20150325,101101,114.97,1,0,0,0,0,0
GLD STK SMART,20150325,101113,114.98,1,0,0,0,0,0
GLD STK SMART,20150325,101137,115,1,0,0,0,0,0
GLD STK SMART,20150325,101142,115.02,1,0,0,0,0,0
GLD STK SMART,20150325,101222,115,2,0,0,0,0,0
GLD STK SMART,20150325,101234,114.99,1,0,0,0,0,0
GLD STK SMART,20150325,101252,115,1,0,0,0,0,0
GLD STK SMART,20150325,101401,115.01,1,0,0,0,0,0
GLD STK SMART,20150325,101416,114.99,1,0,0,0,0,0
GLD STK SMART,20150325,101431,115.01,1,0,0,0,0,0
GLD STK SMART,20150325,101447,115,1,0,0,0,0,0
GLD STK SMART,20150325,101515,115.01,1,0,0,0,0,0
GLD STK SMART,20150325,101527,115.02,2,0,0,0,0,0
GLD STK SMART,20150325,101553,115.02,1,0,0,0,0,0
GLD STK SMART,20150325,101628,115,1,0,0,0,0,0
GLD STK SMART,20150325,101636,115.02,1,0,0,0,0,0
GLD STK SMART,20150325,101710,115,1,0,0,0,0,0
GLD STK SMART,20150325,101719,115,1,0,0,0,0,0
GLD STK SMART,20150325,101733,115.01,1,0,0,0,0,0
GLD STK SMART,20150325,101748,115.07,1,0,0,0,0,0
GLD STK SMART,20150325,101753,115.05,1,0,0,0,0,0
GLD STK SMART,20150325,101809,115.06,2,0,0,0,0,0
GLD STK SMART,20150325,101813,115.04,2,0,0,0,0,0
GLD STK SMART,20150325,101903,115.03,1,0,0,0,0,0
GLD STK SMART,20150325,101956,115.06,1,0,0,0,0,0
GLD STK SMART,20150325,102009,115.06,1,0,0,0,0,0
GLD STK SMART,20150325,102015,115.07,1,0,0,0,0,0
GLD STK SMART,20150325,102030,115.07,1,0,0,0,0,0
GLD STK SMART,20150325,102110,115.06,4,0,0,0,0,0
GLD STK SMART,20150325,102147,115.04,2,0,0,0,0,0
GLD STK SMART,20150325,102224,115.04,1,0,0,0,0,0
GLD STK SMART,20150325,102234,115.03,2,0,0,0,0,0
GLD STK SMART,20150325,102250,115.03,1,0,0,0,0,0
GLD STK SMART,20150325,102300,115.02,1,0,0,0,0,0
GLD STK SMART,20150325,102301,115.01,1,0,0,0,0,0
GLD STK SMART,20150325,102318,115.03,1,0,0,0,0,0
GLD STK SMART,20150325,102325,115.02,2,0,0,0,0,0
GLD STK SMART,20150325,102353,115.01,1,0,0,0,0,0
GLD STK SMART,20150325,102409,114.99,1,0,0,0,0,0
GLD STK SMART,20150325,102419,115.01,1,0,0,0,0,0
GLD STK SMART,20150325,102439,115.02,2,0,0,0,0,0
GLD STK SMART,20150325,102449,115.03,1,0,0,0,0,0
GLD STK SMART,20150325,102514,115,1,0,0,0,0,0
GLD STK SMART,20150325,102524,115.02,1,0,0,0,0,0
GLD STK SMART,20150325,102540,115.03,1,0,0,0,0,0
GLD STK SMART,20150325,102601,115.04,1,0,0,0,0,0
GLD STK SMART,20150325,102625,115.05,1,0,0,0,0,0
GLD STK SMART,20150325,102839,115.04,1,0,0,0,0,0
GLD STK SMART,20150325,102841,115.03,1,0,0,0,0,0
GLD STK SMART,20150325,102930,115,1,0,0,0,0,0
GLD STK SMART,20150325,102946,115,1,0,0,0,0,0
GLD STK SMART,20150325,102958,115,2,0,0,0,0,0
GLD STK SMART,20150325,103038,115,1,0,0,0,0,0
GLD STK SMART,20150325,103113,115.01,1,0,0,0,0,0
GLD STK SMART,20150325,103124,114.99,1,0,0,0,0,0
GLD STK SMART,20150325,103133,115,1,0,0,0,0,0
GLD STK SMART,20150325,103150,115.02,1,0,0,0,0,0
GLD STK SMART,20150325,103159,115.03,1,0,0,0,0,0
GLD STK SMART,20150325,103223,115.02,2,0,0,0,0,0
GLD STK SMART,20150325,103240,115.04,2,0,0,0,0,0
GLD STK SMART,20150325,103244,115.03,1,0,0,0,0,0
GLD STK SMART,20150325,103306,115.02,2,0,0,0,0,0
GLD STK SMART,20150325,103319,115,1,0,0,0,0,0
GLD STK SMART,20150325,103341,115.01,2,0,0,0,0,0
GLD STK SMART,20150325,103342,115.01,1,0,0,0,0,0
GLD STK SMART,20150325,103358,115,1,0,0,0,0,0
GLD STK SMART,20150325,103404,114.99,1,0,0,0,0,0
GLD STK SMART,20150325,103416,114.98,2,0,0,0,0,0
GLD STK SMART,20150325,103430,114.96,1,0,0,0,0,0
GLD STK SMART,20150325,103432,114.97,1,0,0,0,0,0
GLD STK SMART,20150325,103451,114.96,1,0,0,0,0,0
GLD STK SMART,20150325,103500,114.95,1,0,0,0,0,0
GLD STK SMART,20150325,103506,114.95,1,0,0,0,0,0
GLD STK SMART,20150325,103519,114.94,1,0,0,0,0,0
GLD STK SMART,20150325,103528,114.93,3,0,0,0,0,0
GLD STK SMART,20150325,103535,114.93,1,0,0,0,0,0
GLD STK SMART,20150325,103559,114.91,1,0,0,0,0,0
GLD STK SMART,20150325,103602,114.92,1,0,0,0,0,0
GLD STK SMART,20150325,103613,114.93,1,0,0,0,0,0
GLD STK SMART,20150325,103640,114.91,1,0,0,0,0,0
GLD STK SMART,20150325,103648,114.91,1,0,0,0,0,0
GLD STK SMART,20150325,103702,114.93,1,0,0,0,0,0
GLD STK SMART,20150325,103719,114.92,1,0,0,0,0,0
GLD STK SMART,20150325,103749,114.93,1,0,0,0,0,0
GLD STK SMART,20150325,103752,114.92,1,0,0,0,0,0
GLD STK SMART,20150325,103807,114.89,1,0,0,0,0,0
GLD STK SMART,20150325,103827,114.9,1,0,0,0,0,0
GLD STK SMART,20150325,103831,114.89,1,0,0,0,0,0
GLD STK SMART,20150325,103850,114.88,1,0,0,0,0,0
GLD STK SMART,20150325,103852,114.89,1,0,0,0,0,0
GLD STK SMART,20150325,103931,114.83,1,0,0,0,0,0
GLD STK SMART,20150325,103937,114.77,1,0,0,0,0,0
GLD STK SMART,20150325,103947,114.8,2,0,0,0,0,0
GLD STK SMART,20150325,104003,114.78,1,0,0,0,0,0
GLD STK SMART,20150325,104026,114.77,1,0,0,0,0,0
GLD STK SMART,20150325,104032,114.74,1,0,0,0,0,0
GLD STK SMART,20150325,104050,114.71,3,0,0,0,0,0
GLD STK SMART,20150325,104059,114.68,1,0,0,0,0,0
GLD STK SMART,20150325,104111,114.66,1,0,0,0,0,0
GLD STK SMART,20150325,104119,114.69,7,0,0,0,0,0
GLD STK SMART,20150325,104128,114.71,1,0,0,0,0,0
GLD STK SMART,20150325,104158,114.73,1,0,0,0,0,0
GLD STK SMART,20150325,104202,114.74,1,0,0,0,0,0
GLD STK SMART,20150325,104231,114.74,1,0,0,0,0,0
GLD STK SMART,20150325,104241,114.74,1,0,0,0,0,0
GLD STK SMART,20150325,104250,114.75,1,0,0,0,0,0
GLD STK SMART,20150325,104253,114.76,1,0,0,0,0,0
GLD STK SMART,20150325,104310,114.76,1,0,0,0,0,0
GLD STK SMART,20150325,104318,114.77,1,0,0,0,0,0
GLD STK SMART,20150325,104325,114.76,1,0,0,0,0,0
GLD STK SMART,20150325,104345,114.78,1,0,0,0,0,0
GLD STK SMART,20150325,104405,114.77,1,0,0,0,0,0
GLD STK SMART,20150325,104419,114.78,1,0,0,0,0,0
GLD STK SMART,20150325,104457,114.77,1,0,0,0,0,0
GLD STK SMART,20150325,104507,114.77,1,0,0,0,0,0
GLD STK SMART,20150325,104514,114.74,1,0,0,0,0,0
GLD STK SMART,20150325,104541,114.75,1,0,0,0,0,0
GLD STK SMART,20150325,104553,114.73,1,0,0,0,0,0
GLD STK SMART,20150325,104611,114.75,1,0,0,0,0,0
GLD STK SMART,20150325,104613,114.76,1,0,0,0,0,0
GLD STK SMART,20150325,104639,114.77,1,0,0,0,0,0
GLD STK SMART,20150325,104656,114.76,1,0,0,0,0,0
GLD STK SMART,20150325,104707,114.77,1,0,0,0,0,0
GLD STK SMART,20150325,104713,114.78,1,0,0,0,0,0
GLD STK SMART,20150325,104751,114.79,1,0,0,0,0,0
GLD STK SMART,20150325,104809,114.79,2,0,0,0,0,0
GLD STK SMART,20150325,104825,114.8,1,0,0,0,0,0
GLD STK SMART,20150325,104931,114.82,2,0,0,0,0,0
GLD STK SMART,20150325,105055,114.84,1,0,0,0,0,0
GLD STK SMART,20150325,105103,114.86,2,0,0,0,0,0
GLD STK SMART,20150325,105120,114.84,1,0,0,0,0,0
GLD STK SMART,20150325,105129,114.83,1,0,0,0,0,0
GLD STK SMART,20150325,105222,114.82,1,0,0,0,0,0
GLD STK SMART,20150325,105241,114.81,1,0,0,0,0,0
GLD STK SMART,20150325,105313,114.82,1,0,0,0,0,0
GLD STK SMART,20150325,105332,114.8,1,0,0,0,0,0
GLD STK SMART,20150325,105334,114.79,1,0,0,0,0,0
GLD STK SMART,20150325,105351,114.8,1,0,0,0,0,0
GLD STK SMART,20150325,105407,114.79,1,0,0,0,0,0
GLD STK SMART,20150325,105436,114.83,1,0,0,0,0,0
GLD STK SMART,20150325,105450,114.82,1,0,0,0,0,0
GLD STK SMART,20150325,105454,114.83,1,0,0,0,0,0
GLD STK SMART,20150325,105521,114.82,1,0,0,0,0,0
GLD STK SMART,20150325,105534,114.83,1,0,0,0,0,0
GLD STK SMART,20150325,105629,114.84,2,0,0,0,0,0
GLD STK SMART,20150325,105642,114.83,2,0,0,0,0,0
GLD STK SMART,20150325,105649,114.82,1,0,0,0,0,0
GLD STK SMART,20150325,105653,114.83,1,0,0,0,0,0
GLD STK SMART,20150325,105711,114.84,1,0,0,0,0,0
GLD STK SMART,20150325,105740,114.83,1,0,0,0,0,0
GLD STK SMART,20150325,105749,114.8,1,0,0,0,0,0
GLD STK SMART,20150325,105830,114.83,1,0,0,0,0,0
GLD STK SMART,20150325,105839,114.82,1,0,0,0,0,0
GLD STK SMART,20150325,105917,114.81,1,0,0,0,0,0
GLD STK SMART,20150325,110012,114.84,2,0,0,0,0,0
GLD STK SMART,20150325,110028,114.8,1,0,0,0,0,0
GLD STK SMART,20150325,110033,114.81,1,0,0,0,0,0
GLD STK SMART,20150325,110057,114.79,1,0,0,0,0,0
GLD STK SMART,20150325,110132,114.79,2,0,0,0,0,0
GLD STK SMART,20150325,110142,114.76,1,0,0,0,0,0
GLD STK SMART,20150325,110145,114.77,1,0,0,0,0,0
GLD STK SMART,20150325,110237,114.76,1,0,0,0,0,0
GLD STK SMART,20150325,110250,114.77,1,0,0,0,0,0
GLD STK SMART,20150325,110328,114.76,5,0,0,0,0,0
GLD STK SMART,20150325,110348,114.77,2,0,0,0,0,0
GLD STK SMART,20150325,110405,114.77,1,0,0,0,0,0
GLD STK SMART,20150325,110438,114.75,1,0,0,0,0,0
GLD STK SMART,20150325,110444,114.76,2,0,0,0,0,0
GLD STK SMART,20150325,110454,114.74,2,0,0,0,0,0
GLD STK SMART,20150325,110510,114.73,2,0,0,0,0,0
GLD STK SMART,20150325,110521,114.72,1,0,0,0,0,0
GLD STK SMART,20150325,110524,114.74,1,0,0,0,0,0
GLD STK SMART,20150325,110542,114.76,4,0,0,0,0,0
GLD STK SMART,20150325,110543,114.76,1,0,0,0,0,0
GLD STK SMART,20150325,110601,114.78,1,0,0,0,0,0
GLD STK SMART,20150325,110623,114.76,1,0,0,0,0,0
GLD STK SMART,20150325,110645,114.75,1,0,0,0,0,0
GLD STK SMART,20150325,110725,114.76,1,0,0,0,0,0
GLD STK SMART,20150325,110754,114.75,1,0,0,0,0,0
GLD STK SMART,20150325,110832,114.75,2,0,0,0,0,0
GLD STK SMART,20150325,110910,114.75,1,0,0,0,0,0
GLD STK SMART,20150325,110928,114.79,1,0,0,0,0,0
GLD STK SMART,20150325,111002,114.79,1,0,0,0,0,0
GLD STK SMART,20150325,111023,114.79,2,0,0,0,0,0
GLD STK SMART,20150325,111026,114.79,1,0,0,0,0,0
GLD STK SMART,20150325,111040,114.77,2,0,0,0,0,0
GLD STK SMART,20150325,111046,114.77,1,0,0,0,0,0
GLD STK SMART,20150325,111059,114.77,2,0,0,0,0,0
GLD STK SMART,20150325,111202,114.77,1,0,0,0,0,0
GLD STK SMART,20150325,111203,114.78,1,0,0,0,0,0
GLD STK SMART,20150325,111300,114.8,2,0,0,0,0,0
GLD STK SMART,20150325,111319,114.82,1,0,0,0,0,0
GLD STK SMART,20150325,111331,114.84,1,0,0,0,0,0
GLD STK SMART,20150325,111339,114.84,2,0,0,0,0,0
GLD STK SMART,20150325,111408,114.84,1,0,0,0,0,0
GLD STK SMART,20150325,111432,114.78,1,0,0,0,0,0
GLD STK SMART,20150325,111443,114.78,1,0,0,0,0,0
GLD STK SMART,20150325,111449,114.79,1,0,0,0,0,0
GLD STK SMART,20150325,111456,114.78,1,0,0,0,0,0
GLD STK SMART,20150325,111511,114.77,1,0,0,0,0,0
GLD STK SMART,20150325,111525,114.78,1,0,0,0,0,0
GLD STK SMART,20150325,111549,114.79,1,0,0,0,0,0
GLD STK SMART,20150325,111601,114.76,1,0,0,0,0,0
GLD STK SMART,20150325,111750,114.77,1,0,0,0,0,0
GLD STK SMART,20150325,111812,114.77,2,0,0,0,0,0
GLD STK SMART,20150325,111846,114.76,2,0,0,0,0,0
GLD STK SMART,20150325,111901,114.76,1,0,0,0,0,0
GLD STK SMART,20150325,111922,114.75,1,0,0,0,0,0
GLD STK SMART,20150325,112023,114.8,1,0,0,0,0,0
GLD STK SMART,20150325,112037,114.79,1,0,0,0,0,0
GLD STK SMART,20150325,112121,114.77,1,0,0,0,0,0
GLD STK SMART,20150325,112133,114.76,10,0,0,0,0,0
GLD STK SMART,20150325,112142,114.77,1,0,0,0,0,0
GLD STK SMART,20150325,112159,114.78,2,0,0,0,0,0
GLD STK SMART,20150325,112207,114.78,1,0,0,0,0,0
GLD STK SMART,20150325,112221,114.81,1,0,0,0,0,0
GLD STK SMART,20150325,112237,114.79,1,0,0,0,0,0
GLD STK SMART,20150325,112246,114.8,1,0,0,0,0,0
GLD STK SMART,20150325,112303,114.81,1,0,0,0,0,0
GLD STK SMART,20150325,112333,114.84,1,0,0,0,0,0
GLD STK SMART,20150325,112339,114.86,2,0,0,0,0,0
GLD STK SMART,20150325,112350,114.84,1,0,0,0,0,0
GLD STK SMART,20150325,112359,114.85,1,0,0,0,0,0
GLD STK SMART,20150325,112431,114.88,1,0,0,0,0,0
GLD STK SMART,20150325,112523,114.88,1,0,0,0,0,0
GLD STK SMART,20150325,112537,114.89,1,0,0,0,0,0
GLD STK SMART,20150325,112613,114.86,1,0,0,0,0,0
GLD STK SMART,20150325,112615,114.88,1,0,0,0,0,0
GLD STK SMART,20150325,112632,114.9,1,0,0,0,0,0
GLD STK SMART,20150325,112641,114.87,1,0,0,0,0,0
GLD STK SMART,20150325,112658,114.89,1,0,0,0,0,0
GLD STK SMART,20150325,112710,114.89,2,0,0,0,0,0
GLD STK SMART,20150325,112718,114.88,1,0,0,0,0,0
GLD STK SMART,20150325,112745,114.89,1,0,0,0,0,0
GLD STK SMART,20150325,112813,114.89,1,0,0,0,0,0
GLD STK SMART,20150325,112824,114.88,2,0,0,0,0,0
GLD STK SMART,20150325,112830,114.88,1,0,0,0,0,0
GLD STK SMART,20150325,112906,114.85,1,0,0,0,0,0
GLD STK SMART,20150325,112930,114.88,1,0,0,0,0,0
GLD STK SMART,20150325,113033,114.86,1,0,0,0,0,0
GLD STK SMART,20150325,113039,114.87,1,0,0,0,0,0
GLD STK SMART,20150325,113148,114.9,2,0,0,0,0,0
GLD STK SMART,20150325,113200,114.91,1,0,0,0,0,0
GLD STK SMART,20150325,113208,114.93,1,0,0,0,0,0
GLD STK SMART,20150325,113229,114.94,1,0,0,0,0,0
GLD STK SMART,20150325,113304,114.95,1,0,0,0,0,0
GLD STK SMART,20150325,113311,114.94,1,0,0,0,0,0
GLD STK SMART,20150325,113323,114.94,1,0,0,0,0,0
GLD STK SMART,20150325,113403,114.94,1,0,0,0,0,0
GLD STK SMART,20150325,113411,114.95,1,0,0,0,0,0
GLD STK SMART,20150325,113433,114.97,1,0,0,0,0,0
GLD STK SMART,20150325,113436,114.96,1,0,0,0,0,0
GLD STK SMART,20150325,113450,114.97,1,0,0,0,0,0
GLD STK SMART,20150325,113516,114.96,1,0,0,0,0,0
GLD STK SMART,20150325,113534,114.96,2,0,0,0,0,0
GLD STK SMART,20150325,113536,114.94,1,0,0,0,0,0
GLD STK SMART,20150325,113550,114.96,1,0,0,0,0,0
GLD STK SMART,20150325,113613,114.95,1,0,0,0,0,0
GLD STK SMART,20150325,113629,114.92,1,0,0,0,0,0
GLD STK SMART,20150325,113653,114.93,1,0,0,0,0,0
GLD STK SMART,20150325,113804,114.93,2,0,0,0,0,0
GLD STK SMART,20150325,113810,114.94,1,0,0,0,0,0
GLD STK SMART,20150325,113835,114.92,1,0,0,0,0,0
GLD STK SMART,20150325,113854,114.94,10,0,0,0,0,0
GLD STK SMART,20150325,113854,114.93,1,0,0,0,0,0
GLD STK SMART,20150325,113929,114.91,5,0,0,0,0,0
GLD STK SMART,20150325,113952,114.9,1,0,0,0,0,0
GLD STK SMART,20150325,114004,114.9,1,0,0,0,0,0
GLD STK SMART,20150325,114005,114.89,1,0,0,0,0,0
GLD STK SMART,20150325,114024,114.9,1,0,0,0,0,0
GLD STK SMART,20150325,114034,114.91,1,0,0,0,0,0
GLD STK SMART,20150325,114041,114.92,1,0,0,0,0,0
GLD STK SMART,20150325,114100,114.91,1,0,0,0,0,0
GLD STK SMART,20150325,114114,114.91,1,0,0,0,0,0
GLD STK SMART,20150325,114123,114.91,3,0,0,0,0,0
GLD STK SMART,20150325,114127,114.91,1,0,0,0,0,0
GLD STK SMART,20150325,114137,114.92,1,0,0,0,0,0
GLD STK SMART,20150325,114222,114.93,1,0,0,0,0,0
GLD STK SMART,20150325,114322,114.91,4,0,0,0,0,0
GLD STK SMART,20150325,114334,114.92,2,0,0,0,0,0
GLD STK SMART,20150325,114424,114.91,20,0,0,0,0,0
GLD STK SMART,20150325,114434,114.91,1,0,0,0,0,0
GLD STK SMART,20150325,114447,114.92,1,0,0,0,0,0
GLD STK SMART,20150325,114518,114.94,2,0,0,0,0,0
GLD STK SMART,20150325,114555,114.93,1,0,0,0,0,0
GLD STK SMART,20150325,114643,114.92,1,0,0,0,0,0
GLD STK SMART,20150325,114710,114.91,1,0,0,0,0,0
GLD STK SMART,20150325,114717,114.92,1,0,0,0,0,0
GLD STK SMART,20150325,114812,114.9,1,0,0,0,0,0
GLD STK SMART,20150325,114825,114.91,1,0,0,0,0,0
GLD STK SMART,20150325,114835,114.93,1,0,0,0,0,0
GLD STK SMART,20150325,114854,114.94,1,0,0,0,0,0
GLD STK SMART,20150325,114902,114.94,1,0,0,0,0,0
GLD STK SMART,20150325,114910,114.96,1,0,0,0,0,0
GLD STK SMART,20150325,114917,114.96,1,0,0,0,0,0
GLD STK SMART,20150325,114945,114.97,1,0,0,0,0,0
GLD STK SMART,20150325,114956,115,1,0,0,0,0,0
GLD STK SMART,20150325,115011,114.99,1,0,0,0,0,0
GLD STK SMART,20150325,115021,114.98,1,0,0,0,0,0
GLD STK SMART,20150325,115032,114.99,1,0,0,0,0,0
GLD STK SMART,20150325,115037,114.99,1,0,0,0,0,0
GLD STK SMART,20150325,115102,114.96,1,0,0,0,0,0
GLD STK SMART,20150325,115105,114.97,1,0,0,0,0,0
GLD STK SMART,20150325,115145,114.96,1,0,0,0,0,0
GLD STK SMART,20150325,115242,114.96,2,0,0,0,0,0
GLD STK SMART,20150325,115315,114.99,1,0,0,0,0,0
GLD STK SMART,20150325,115316,114.99,2,0,0,0,0,0
GLD STK SMART,20150325,115328,114.98,1,0,0,0,0,0
GLD STK SMART,20150325,115353,115,1,0,0,0,0,0
GLD STK SMART,20150325,115420,115,1,0,0,0,0,0
GLD STK SMART,20150325,115451,114.99,1,0,0,0,0,0
GLD STK SMART,20150325,115505,114.99,1,0,0,0,0,0
GLD STK SMART,20150325,115509,115,1,0,0,0,0,0
GLD STK SMART,20150325,115523,114.99,2,0,0,0,0,0
GLD STK SMART,20150325,115554,114.98,1,0,0,0,0,0
GLD STK SMART,20150325,115605,114.97,1,0,0,0,0,0
GLD STK SMART,20150325,115619,114.98,2,0,0,0,0,0
GLD STK SMART,20150325,115643,114.97,1,0,0,0,0,0
GLD STK SMART,20150325,115659,114.98,1,0,0,0,0,0
GLD STK SMART,20150325,115728,114.99,1,0,0,0,0,0
GLD STK SMART,20150325,115811,115,1,0,0,0,0,0
GLD STK SMART,20150325,115915,114.98,1,0,0,0,0,0
GLD STK SMART,20150325,115929,114.97,1,0,0,0,0,0
GLD STK SMART,20150325,120001,114.98,1,0,0,0,0,0
GLD STK SMART,20150325,120027,114.96,1,0,0,0,0,0
GLD STK SMART,20150325,120132,114.91,1,0,0,0,0,0
GLD STK SMART,20150325,120144,114.9,2,0,0,0,0,0
GLD STK SMART,20150325,120202,114.89,2,0,0,0,0,0
GLD STK SMART,20150325,120207,114.9,2,0,0,0,0,0
GLD STK SMART,20150325,120233,114.91,1,0,0,0,0,0
GLD STK SMART,20150325,120253,114.92,1,0,0,0,0,0
GLD STK SMART,20150325,120320,114.92,1,0,0,0,0,0
GLD STK SMART,20150325,120335,114.91,1,0,0,0,0,0
GLD STK SMART,20150325,120413,114.9,1,0,0,0,0,0
GLD STK SMART,20150325,120422,114.88,1,0,0,0,0,0
GLD STK SMART,20150325,120453,114.89,1,0,0,0,0,0
GLD STK SMART,20150325,120503,114.9,1,0,0,0,0,0
GLD STK SMART,20150325,120509,114.91,1,0,0,0,0,0
GLD STK SMART,20150325,120536,114.9,1,0,0,0,0,0
GLD STK SMART,20150325,120611,114.91,1,0,0,0,0,0
GLD STK SMART,20150325,120622,114.9,1,0,0,0,0,0
GLD STK SMART,20150325,120647,114.9,2,0,0,0,0,0
GLD STK SMART,20150325,120733,114.88,1,0,0,0,0,0
GLD STK SMART,20150325,120740,114.89,1,0,0,0,0,0
GLD STK SMART,20150325,120840,114.88,1,0,0,0,0,0
GLD STK SMART,20150325,120859,114.85,1,0,0,0,0,0
GLD STK SMART,20150325,120920,114.86,1,0,0,0,0,0
GLD STK SMART,20150325,120941,114.88,1,0,0,0,0,0
GLD STK SMART,20150325,121003,114.89,1,0,0,0,0,0
GLD STK SMART,20150325,121011,114.9,1,0,0,0,0,0
GLD STK SMART,20150325,121023,114.91,1,0,0,0,0,0
GLD STK SMART,20150325,121044,114.9,1,0,0,0,0,0
GLD STK SMART,20150325,121059,114.91,1,0,0,0,0,0
GLD STK SMART,20150325,121110,114.93,1,0,0,0,0,0
GLD STK SMART,20150325,121126,114.91,1,0,0,0,0,0
GLD STK SMART,20150325,121127,114.91,1,0,0,0,0,0
GLD STK SMART,20150325,121142,114.9,1,0,0,0,0,0
GLD STK SMART,20150325,121220,114.91,1,0,0,0,0,0
GLD STK SMART,20150325,121249,114.93,1,0,0,0,0,0
GLD STK SMART,20150325,121310,114.9,1,0,0,0,0,0
GLD STK SMART,20150325,121433,114.87,1,0,0,0,0,0
GLD STK SMART,20150325,121453,114.89,1,0,0,0,0,0
GLD STK SMART,20150325,121501,114.91,1,0,0,0,0,0
GLD STK SMART,20150325,121508,114.92,1,0,0,0,0,0
GLD STK SMART,20150325,121527,114.92,2,0,0,0,0,0
GLD STK SMART,20150325,121553,114.92,1,0,0,0,0,0
GLD STK SMART,20150325,121604,114.91,1,0,0,0,0,0
GLD STK SMART,20150325,121614,114.89,1,0,0,0,0,0
GLD STK SMART,20150325,121721,114.88,2,0,0,0,0,0
GLD STK SMART,20150325,121816,114.85,1,0,0,0,0,0
GLD STK SMART,20150325,121842,114.86,1,0,0,0,0,0
GLD STK SMART,20150325,121916,114.85,1,0,0,0,0,0
GLD STK SMART,20150325,121936,114.84,1,0,0,0,0,0
GLD STK SMART,20150325,121940,114.86,1,0,0,0,0,0
GLD STK SMART,20150325,122030,114.85,1,0,0,0,0,0
GLD STK SMART,20150325,122123,114.89,2,0,0,0,0,0
GLD STK SMART,20150325,122145,114.88,2,0,0,0,0,0
GLD STK SMART,20150325,122207,114.87,1,0,0,0,0,0
GLD STK SMART,20150325,122246,114.88,1,0,0,0,0,0
GLD STK SMART,20150325,122306,114.92,1,0,0,0,0,0
GLD STK SMART,20150325,122339,114.91,1,0,0,0,0,0
GLD STK SMART,20150325,122415,114.9,2,0,0,0,0,0
GLD STK SMART,20150325,122426,114.91,1,0,0,0,0,0
GLD STK SMART,20150325,122434,114.9,1,0,0,0,0,0
GLD STK SMART,20150325,122517,114.91,1,0,0,0,0,0
GLD STK SMART,20150325,122538,114.92,1,0,0,0,0,0
GLD STK SMART,20150325,122733,114.88,1,0,0,0,0,0
GLD STK SMART,20150325,122751,114.9,1,0,0,0,0,0
GLD STK SMART,20150325,122837,114.92,2,0,0,0,0,0
GLD STK SMART,20150325,122837,114.92,1,0,0,0,0,0
GLD STK SMART,20150325,122858,114.91,1,0,0,0,0,0
GLD STK SMART,20150325,122942,114.92,2,0,0,0,0,0
GLD STK SMART,20150325,123107,114.85,1,0,0,0,0,0
GLD STK SMART,20150325,123149,114.84,1,0,0,0,0,0
GLD STK SMART,20150325,123257,114.87,1,0,0,0,0,0
GLD STK SMART,20150325,123318,114.88,1,0,0,0,0,0
GLD STK SMART,20150325,123330,114.89,1,0,0,0,0,0
GLD STK SMART,20150325,123343,114.9,1,0,0,0,0,0
GLD STK SMART,20150325,123431,114.88,1,0,0,0,0,0
GLD STK SMART,20150325,123657,114.89,1,0,0,0,0,0
GLD STK SMART,20150325,123817,114.91,2,0,0,0,0,0
GLD STK SMART,20150325,123819,114.9,1,0,0,0,0,0
GLD STK SMART,20150325,123841,114.91,1,0,0,0,0,0
GLD STK SMART,20150325,123907,114.93,1,0,0,0,0,0
GLD STK SMART,20150325,124041,114.88,1,0,0,0,0,0
GLD STK SMART,20150325,124106,114.89,1,0,0,0,0,0
GLD STK SMART,20150325,124114,114.89,2,0,0,0,0,0
GLD STK SMART,20150325,124119,114.88,1,0,0,0,0,0
GLD STK SMART,20150325,124147,114.89,1,0,0,0,0,0
GLD STK SMART,20150325,124237,114.91,1,0,0,0,0,0
GLD STK SMART,20150325,124301,114.91,8,0,0,0,0,0
GLD STK SMART,20150325,124314,114.91,2,0,0,0,0,0
GLD STK SMART,20150325,124327,114.92,2,0,0,0,0,0
GLD STK SMART,20150325,124342,114.93,2,0,0,0,0,0
GLD STK SMART,20150325,124351,114.93,1,0,0,0,0,0
GLD STK SMART,20150325,124408,114.94,4,0,0,0,0,0
GLD STK SMART,20150325,124419,114.94,1,0,0,0,0,0
GLD STK SMART,20150325,124439,114.95,4,0,0,0,0,0
GLD STK SMART,20150325,124455,114.95,1,0,0,0,0,0
GLD STK SMART,20150325,124507,114.94,3,0,0,0,0,0
GLD STK SMART,20150325,124508,114.94,2,0,0,0,0,0
GLD STK SMART,20150325,124610,114.94,1,0,0,0,0,0
GLD STK SMART,20150325,124628,114.92,1,0,0,0,0,0
GLD STK SMART,20150325,124631,114.92,2,0,0,0,0,0
GLD STK SMART,20150325,124643,114.92,1,0,0,0,0,0
GLD STK SMART,20150325,124652,114.93,1,0,0,0,0,0
GLD STK SMART,20150325,124721,114.9,1,0,0,0,0,0
GLD STK SMART,20150325,124741,114.91,1,0,0,0,0,0
GLD STK SMART,20150325,124749,114.91,1,0,0,0,0,0
GLD STK SMART,20150325,124815,114.93,3,0,0,0,0,0
GLD STK SMART,20150325,124828,114.92,2,0,0,0,0,0
GLD STK SMART,20150325,124828,114.92,1,0,0,0,0,0
GLD STK SMART,20150325,124839,114.92,2,0,0,0,0,0
GLD STK SMART,20150325,124900,114.91,1,0,0,0,0,0
GLD STK SMART,20150325,124953,114.92,1,0,0,0,0,0
GLD STK SMART,20150325,124959,114.92,1,0,0,0,0,0
GLD STK SMART,20150325,125011,114.92,4,0,0,0,0,0
GLD STK SMART,20150325,125025,114.91,1,0,0,0,0,0
GLD STK SMART,20150325,125034,114.92,4,0,0,0,0,0
GLD STK SMART,20150325,125102,114.9,1,0,0,0,0,0
GLD STK SMART,20150325,125126,114.91,1,0,0,0,0,0
GLD STK SMART,20150325,125203,114.92,2,0,0,0,0,0
GLD STK SMART,20150325,125216,114.92,1,0,0,0,0,0
GLD STK SMART,20150325,125226,114.92,1,0,0,0,0,0
GLD STK SMART,20150325,125308,114.92,3,0,0,0,0,0
GLD STK SMART,20150325,125309,114.92,2,0,0,0,0,0
GLD STK SMART,20150325,125336,114.91,10,0,0,0,0,0
GLD STK SMART,20150325,125348,114.91,2,0,0,0,0,0
GLD STK SMART,20150325,125349,114.91,1,0,0,0,0,0
GLD STK SMART,20150325,125404,114.92,1,0,0,0,0,0
GLD STK SMART,20150325,125503,114.92,1,0,0,0,0,0
GLD STK SMART,20150325,125515,114.92,1,0,0,0,0,0
GLD STK SMART,20150325,125546,114.92,2,0,0,0,0,0
GLD STK SMART,20150325,125621,114.92,1,0,0,0,0,0
GLD STK SMART,20150325,125653,114.89,1,0,0,0,0,0
GLD STK SMART,20150325,125727,114.87,8,0,0,0,0,0
GLD STK SMART,20150325,125736,114.86,3,0,0,0,0,0
GLD STK SMART,20150325,125748,114.87,1,0,0,0,0,0
GLD STK SMART,20150325,125757,114.89,1,0,0,0,0,0
GLD STK SMART,20150325,125803,114.88,1,0,0,0,0,0
GLD STK SMART,20150325,125839,114.89,1,0,0,0,0,0
GLD STK SMART,20150325,125849,114.9,1,0,0,0,0,0
GLD STK SMART,20150325,125950,114.91,1,0,0,0,0,0
GLD STK SMART,20150325,130018,114.92,1,0,0,0,0,0
GLD STK SMART,20150325,130025,114.92,2,0,0,0,0,0
GLD STK SMART,20150325,130107,114.89,1,0,0,0,0,0
GLD STK SMART,20150325,130119,114.87,1,0,0,0,0,0
GLD STK SMART,20150325,130123,114.88,1,0,0,0,0,0
GLD STK SMART,20150325,130138,114.88,1,0,0,0,0,0
GLD STK SMART,20150325,130208,114.9,2,0,0,0,0,0
GLD STK SMART,20150325,130209,114.9,4,0,0,0,0,0
GLD STK SMART,20150325,130238,114.89,3,0,0,0,0,0
GLD STK SMART,20150325,130252,114.88,1,0,0,0,0,0
GLD STK SMART,20150325,130308,114.89,1,0,0,0,0,0
GLD STK SMART,20150325,130327,114.88,1,0,0,0,0,0
GLD STK SMART,20150325,130404,114.88,3,0,0,0,0,0
GLD STK SMART,20150325,130421,114.87,1,0,0,0,0,0
GLD STK SMART,20150325,130453,114.86,1,0,0,0,0,0
GLD STK SMART,20150325,130508,114.85,3,0,0,0,0,0
GLD STK SMART,20150325,130527,114.85,1,0,0,0,0,0
GLD STK SMART,20150325,130540,114.85,5,0,0,0,0,0
GLD STK SMART,20150325,130555,114.84,1,0,0,0,0,0
GLD STK SMART,20150325,130617,114.83,1,0,0,0,0,0
GLD STK SMART,20150325,130624,114.84,1,0,0,0,0,0
GLD STK SMART,20150325,130643,114.85,3,0,0,0,0,0
GLD STK SMART,20150325,130711,114.85,1,0,0,0,0,0
GLD STK SMART,20150325,130757,114.86,1,0,0,0,0,0
GLD STK SMART,20150325,130808,114.86,1,0,0,0,0,0
GLD STK SMART,20150325,130826,114.86,1,0,0,0,0,0
GLD STK SMART,20150325,130838,114.86,1,0,0,0,0,0
GLD STK SMART,20150325,130857,114.87,1,0,0,0,0,0
GLD STK SMART,20150325,130918,114.86,1,0,0,0,0,0
GLD STK SMART,20150325,130925,114.85,1,0,0,0,0,0
GLD STK SMART,20150325,131001,114.83,1,0,0,0,0,0
GLD STK SMART,20150325,131015,114.82,1,0,0,0,0,0
GLD STK SMART,20150325,131028,114.83,1,0,0,0,0,0
GLD STK SMART,20150325,131037,114.83,2,0,0,0,0,0
GLD STK SMART,20150325,131053,114.82,2,0,0,0,0,0
GLD STK SMART,20150325,131103,114.83,1,0,0,0,0,0
GLD STK SMART,20150325,131117,114.82,1,0,0,0,0,0
GLD STK SMART,20150325,131124,114.81,1,0,0,0,0,0
GLD STK SMART,20150325,131148,114.83,1,0,0,0,0,0
GLD STK SMART,20150325,131200,114.83,1,0,0,0,0,0
GLD STK SMART,20150325,131219,114.84,2,0,0,0,0,0
GLD STK SMART,20150325,131221,114.83,1,0,0,0,0,0
GLD STK SMART,20150325,131229,114.84,2,0,0,0,0,0
GLD STK SMART,20150325,131240,114.85,1,0,0,0,0,0
GLD STK SMART,20150325,131307,114.85,1,0,0,0,0,0
GLD STK SMART,20150325,131338,114.86,1,0,0,0,0,0
GLD STK SMART,20150325,131444,114.85,1,0,0,0,0,0
GLD STK SMART,20150325,131529,114.86,1,0,0,0,0,0
GLD STK SMART,20150325,131607,114.85,1,0,0,0,0,0
GLD STK SMART,20150325,131632,114.86,1,0,0,0,0,0
GLD STK SMART,20150325,131709,114.86,2,0,0,0,0,0
GLD STK SMART,20150325,131710,114.87,1,0,0,0,0,0
GLD STK SMART,20150325,131724,114.88,1,0,0,0,0,0
GLD STK SMART,20150325,131756,114.89,1,0,0,0,0,0
GLD STK SMART,20150325,131818,114.88,9,0,0,0,0,0
GLD STK SMART,20150325,131821,114.88,1,0,0,0,0,0
GLD STK SMART,20150325,131837,114.87,1,0,0,0,0,0
GLD STK SMART,20150325,131846,114.89,1,0,0,0,0,0
GLD STK SMART,20150325,131901,114.88,1,0,0,0,0,0
GLD STK SMART,20150325,131951,114.89,1,0,0,0,0,0
GLD STK SMART,20150325,132015,114.89,1,0,0,0,0,0
GLD STK SMART,20150325,132047,114.9,1,0,0,0,0,0
GLD STK SMART,20150325,132108,114.89,1,0,0,0,0,0
GLD STK SMART,20150325,132217,114.9,2,0,0,0,0,0
GLD STK SMART,20150325,132246,114.92,1,0,0,0,0,0
GLD STK SMART,20150325,132256,114.93,1,0,0,0,0,0
GLD STK SMART,20150325,132305,114.94,1,0,0,0,0,0
GLD STK SMART,20150325,132434,114.93,1,0,0,0,0,0
GLD STK SMART,20150325,132441,114.93,9,0,0,0,0,0
GLD STK SMART,20150325,132453,114.9,1,0,0,0,0,0
GLD STK SMART,20150325,132503,114.91,1,0,0,0,0,0
GLD STK SMART,20150325,132628,114.89,1,0,0,0,0,0
GLD STK SMART,20150325,132633,114.9,1,0,0,0,0,0
GLD STK SMART,20150325,132703,114.91,1,0,0,0,0,0
GLD STK SMART,20150325,132730,114.93,1,0,0,0,0,0
GLD STK SMART,20150325,132752,114.91,3,0,0,0,0,0
GLD STK SMART,20150325,132807,114.9,1,0,0,0,0,0
GLD STK SMART,20150325,132818,114.92,1,0,0,0,0,0
GLD STK SMART,20150325,132829,114.93,1,0,0,0,0,0
GLD STK SMART,20150325,132852,114.94,1,0,0,0,0,0
GLD STK SMART,20150325,132908,114.93,5,0,0,0,0,0
GLD STK SMART,20150325,132919,114.94,1,0,0,0,0,0
GLD STK SMART,20150325,132929,114.95,1,0,0,0,0,0
GLD STK SMART,20150325,132932,114.94,1,0,0,0,0,0
GLD STK SMART,20150325,132950,114.96,1,0,0,0,0,0
GLD STK SMART,20150325,132952,114.95,1,0,0,0,0,0
GLD STK SMART,20150325,133100,114.93,1,0,0,0,0,0
GLD STK SMART,20150325,133108,114.95,1,0,0,0,0,0
GLD STK SMART,20150325,133117,114.93,1,0,0,0,0,0
GLD STK SMART,20150325,133135,114.94,1,0,0,0,0,0
GLD STK SMART,20150325,133323,114.92,1,0,0,0,0,0
GLD STK SMART,20150325,133333,114.92,1,0,0,0,0,0
GLD STK SMART,20150325,133409,114.93,1,0,0,0,0,0
GLD STK SMART,20150325,133418,114.92,1,0,0,0,0,0
GLD STK SMART,20150325,133434,114.94,1,0,0,0,0,0
GLD STK SMART,20150325,133452,114.92,1,0,0,0,0,0
GLD STK SMART,20150325,133508,114.93,1,0,0,0,0,0
GLD STK SMART,20150325,133523,114.93,1,0,0,0,0,0
GLD STK SMART,20150325,133729,114.94,1,0,0,0,0,0
GLD STK SMART,20150325,133738,114.95,1,0,0,0,0,0
GLD STK SMART,20150325,133752,114.96,1,0,0,0,0,0
GLD STK SMART,20150325,133806,114.97,1,0,0,0,0,0
GLD STK SMART,20150325,133839,114.95,1,0,0,0,0,0
GLD STK SMART,20150325,133843,114.96,1,0,0,0,0,0
GLD STK SMART,20150325,134007,114.93,1,0,0,0,0,0
GLD STK SMART,20150325,134029,114.95,1,0,0,0,0,0
GLD STK SMART,20150325,134053,114.95,1,0,0,0,0,0
GLD STK SMART,20150325,134113,114.96,1,0,0,0,0,0
GLD STK SMART,20150325,134214,114.95,1,0,0,0,0,0
GLD STK SMART,20150325,134226,114.96,1,0,0,0,0,0
GLD STK SMART,20150325,134256,114.96,1,0,0,0,0,0
GLD STK SMART,20150325,134348,114.97,1,0,0,0,0,0
GLD STK SMART,20150325,134428,114.95,1,0,0,0,0,0
GLD STK SMART,20150325,134442,114.94,1,0,0,0,0,0
GLD STK SMART,20150325,134504,114.93,1,0,0,0,0,0
GLD STK SMART,20150325,134539,114.93,4,0,0,0,0,0
GLD STK SMART,20150325,134617,114.93,1,0,0,0,0,0
GLD STK SMART,20150325,134640,114.93,1,0,0,0,0,0
GLD STK SMART,20150325,134737,114.95,1,0,0,0,0,0
GLD STK SMART,20150325,134751,114.96,1,0,0,0,0,0
GLD STK SMART,20150325,134830,114.96,1,0,0,0,0,0
GLD STK SMART,20150325,134856,114.96,1,0,0,0,0,0
GLD STK SMART,20150325,134925,114.98,1,0,0,0,0,0
GLD STK SMART,20150325,134939,114.97,1,0,0,0,0,0
GLD STK SMART,20150325,135014,114.96,1,0,0,0,0,0
GLD STK SMART,20150325,135027,114.95,1,0,0,0,0,0
GLD STK SMART,20150325,135039,114.94,2,0,0,0,0,0
GLD STK SMART,20150325,135110,114.92,2,0,0,0,0,0
GLD STK SMART,20150325,135127,114.93,1,0,0,0,0,0
GLD STK SMART,20150325,135155,114.95,1,0,0,0,0,0
GLD STK SMART,20150325,135211,114.94,1,0,0,0,0,0
GLD STK SMART,20150325,135240,114.95,1,0,0,0,0,0
GLD STK SMART,20150325,135329,114.94,1,0,0,0,0,0
GLD STK SMART,20150325,135640,114.94,1,0,0,0,0,0
GLD STK SMART,20150325,135655,114.95,1,0,0,0,0,0
GLD STK SMART,20150325,135757,114.96,1,0,0,0,0,0
GLD STK SMART,20150325,135906,114.94,1,0,0,0,0,0
GLD STK SMART,20150325,135921,114.94,1,0,0,0,0,0
GLD STK SMART,20150325,140025,114.95,1,0,0,0,0,0
GLD STK SMART,20150325,140048,114.95,2,0,0,0,0,0
GLD STK SMART,20150325,140145,114.96,1,0,0,0,0,0
GLD STK SMART,20150325,140217,114.96,2,0,0,0,0,0
GLD STK SMART,20150325,140223,114.95,1,0,0,0,0,0
GLD STK SMART,20150325,140253,114.96,1,0,0,0,0,0
GLD STK SMART,20150325,140334,114.94,1,0,0,0,0,0
GLD STK SMART,20150325,140356,114.94,1,0,0,0,0,0
GLD STK SMART,20150325,140455,114.93,1,0,0,0,0,0
GLD STK SMART,20150325,140520,114.94,1,0,0,0,0,0
GLD STK SMART,20150325,140617,114.94,1,0,0,0,0,0
GLD STK SMART,20150325,140627,114.95,1,0,0,0,0,0
GLD STK SMART,20150325,140649,114.93,1,0,0,0,0,0
GLD STK SMART,20150325,140710,114.94,1,0,0,0,0,0
GLD STK SMART,20150325,140728,114.94,2,0,0,0,0,0
GLD STK SMART,20150325,140846,114.95,1,0,0,0,0,0
GLD STK SMART,20150325,140852,114.95,2,0,0,0,0,0
GLD STK SMART,20150325,140934,114.94,1,0,0,0,0,0
GLD STK SMART,20150325,140949,114.95,1,0,0,0,0,0
GLD STK SMART,20150325,140954,114.95,2,0,0,0,0,0
GLD STK SMART,20150325,141025,114.95,1,0,0,0,0,0
GLD STK SMART,20150325,141042,114.94,1,0,0,0,0,0
GLD STK SMART,20150325,141057,114.93,2,0,0,0,0,0
GLD STK SMART,20150325,141131,114.93,1,0,0,0,0,0
GLD STK SMART,20150325,141145,114.92,1,0,0,0,0,0
GLD STK SMART,20150325,141211,114.93,1,0,0,0,0,0
GLD STK SMART,20150325,141320,114.91,1,0,0,0,0,0
GLD STK SMART,20150325,141357,114.9,1,0,0,0,0,0
GLD STK SMART,20150325,141450,114.91,1,0,0,0,0,0
GLD STK SMART,20150325,141505,114.91,1,0,0,0,0,0
GLD STK SMART,20150325,141540,114.91,1,0,0,0,0,0
GLD STK SMART,20150325,141556,114.92,1,0,0,0,0,0
GLD STK SMART,20150325,141648,114.93,1,0,0,0,0,0
GLD STK SMART,20150325,141747,114.92,1,0,0,0,0,0
GLD STK SMART,20150325,141840,114.9,1,0,0,0,0,0
GLD STK SMART,20150325,141916,114.92,1,0,0,0,0,0
GLD STK SMART,20150325,141943,114.91,1,0,0,0,0,0
GLD STK SMART,20150325,142000,114.91,1,0,0,0,0,0
GLD STK SMART,20150325,142035,114.9,1,0,0,0,0,0
GLD STK SMART,20150325,142102,114.91,1,0,0,0,0,0
GLD STK SMART,20150325,142115,114.91,2,0,0,0,0,0
GLD STK SMART,20150325,142123,114.9,1,0,0,0,0,0
GLD STK SMART,20150325,142142,114.88,1,0,0,0,0,0
GLD STK SMART,20150325,142151,114.88,1,0,0,0,0,0
GLD STK SMART,20150325,142200,114.86,2,0,0,0,0,0
GLD STK SMART,20150325,142210,114.85,1,0,0,0,0,0
GLD STK SMART,20150325,142338,114.86,1,0,0,0,0,0
GLD STK SMART,20150325,142417,114.86,2,0,0,0,0,0
GLD STK SMART,20150325,142432,114.86,1,0,0,0,0,0
GLD STK SMART,20150325,142445,114.86,1,0,0,0,0,0
GLD STK SMART,20150325,142603,114.85,1,0,0,0,0,0
GLD STK SMART,20150325,142646,114.86,1,0,0,0,0,0
GLD STK SMART,20150325,142726,114.85,1,0,0,0,0,0
GLD STK SMART,20150325,142958,114.87,2,0,0,0,0,0
GLD STK SMART,20150325,143040,114.88,1,0,0,0,0,0
GLD STK SMART,20150325,143207,114.9,2,0,0,0,0,0
GLD STK SMART,20150325,143231,114.9,1,0,0,0,0,0
GLD STK SMART,20150325,143236,114.88,1,0,0,0,0,0
GLD STK SMART,20150325,143301,114.88,1,0,0,0,0,0
GLD STK SMART,20150325,143307,114.89,2,0,0,0,0,0
GLD STK SMART,20150325,143408,114.87,1,0,0,0,0,0
GLD STK SMART,20150325,143418,114.86,1,0,0,0,0,0
GLD STK SMART,20150325,143544,114.87,1,0,0,0,0,0
GLD STK SMART,20150325,143702,114.87,1,0,0,0,0,0
GLD STK SMART,20150325,143712,114.88,1,0,0,0,0,0
GLD STK SMART,20150325,143730,114.86,2,0,0,0,0,0
GLD STK SMART,20150325,143741,114.87,1,0,0,0,0,0
GLD STK SMART,20150325,143750,114.88,1,0,0,0,0,0
GLD STK SMART,20150325,143840,114.89,1,0,0,0,0,0
GLD STK SMART,20150325,144243,114.9,1,0,0,0,0,0
GLD STK SMART,20150325,144252,114.89,1,0,0,0,0,0
GLD STK SMART,20150325,144450,114.89,1,0,0,0,0,0
GLD STK SMART,20150325,144503,114.88,2,0,0,0,0,0
GLD STK SMART,20150325,144518,114.88,1,0,0,0,0,0
GLD STK SMART,20150325,144535,114.89,2,0,0,0,0,0
GLD STK SMART,20150325,144619,114.86,1,0,0,0,0,0
GLD STK SMART,20150325,144642,114.85,1,0,0,0,0,0
GLD STK SMART,20150325,144644,114.86,1,0,0,0,0,0
GLD STK SMART,20150325,144704,114.86,4,0,0,0,0,0
GLD STK SMART,20150325,144705,114.86,2,0,0,0,0,0
GLD STK SMART,20150325,144733,114.86,1,0,0,0,0,0
GLD STK SMART,20150325,144805,114.87,1,0,0,0,0,0
GLD STK SMART,20150325,144932,114.86,1,0,0,0,0,0
GLD STK SMART,20150325,145003,114.86,1,0,0,0,0,0
GLD STK SMART,20150325,145022,114.86,3,0,0,0,0,0
GLD STK SMART,20150325,145028,114.86,1,0,0,0,0,0
GLD STK SMART,20150325,145115,114.88,1,0,0,0,0,0
GLD STK SMART,20150325,145343,114.86,3,0,0,0,0,0
GLD STK SMART,20150325,145408,114.86,1,0,0,0,0,0
GLD STK SMART,20150325,145623,114.85,1,0,0,0,0,0
GLD STK SMART,20150325,145721,114.85,1,0,0,0,0,0
GLD STK SMART,20150325,145728,114.84,1,0,0,0,0,0
GLD STK SMART,20150325,145802,114.83,2,0,0,0,0,0
GLD STK SMART,20150325,145828,114.84,1,0,0,0,0,0
GLD STK SMART,20150325,145930,114.83,1,0,0,0,0,0
GLD STK SMART,20150325,150003,114.82,2,0,0,0,0,0
GLD STK SMART,20150325,150007,114.79,2,0,0,0,0,0
GLD STK SMART,20150325,150023,114.8,1,0,0,0,0,0
GLD STK SMART,20150325,150128,114.81,1,0,0,0,0,0
GLD STK SMART,20150325,150142,114.81,1,0,0,0,0,0
GLD STK SMART,20150325,150205,114.79,1,0,0,0,0,0
GLD STK SMART,20150325,150205,114.79,1,0,0,0,0,0
GLD STK SMART,20150325,150304,114.77,1,0,0,0,0,0
GLD STK SMART,20150325,150415,114.76,1,0,0,0,0,0
GLD STK SMART,20150325,150426,114.77,2,0,0,0,0,0
GLD STK SMART,20150325,150444,114.77,3,0,0,0,0,0
GLD STK SMART,20150325,150525,114.77,1,0,0,0,0,0
GLD STK SMART,20150325,150744,114.81,1,0,0,0,0,0
GLD STK SMART,20150325,150825,114.82,2,0,0,0,0,0
GLD STK SMART,20150325,150826,114.82,2,0,0,0,0,0
GLD STK SMART,20150325,150905,114.83,2,0,0,0,0,0
GLD STK SMART,20150325,150910,114.84,2,0,0,0,0,0
GLD STK SMART,20150325,150917,114.83,1,0,0,0,0,0
GLD STK SMART,20150325,150944,114.83,1,0,0,0,0,0
GLD STK SMART,20150325,150948,114.82,1,0,0,0,0,0
GLD STK SMART,20150325,151036,114.83,1,0,0,0,0,0
GLD STK SMART,20150325,151152,114.83,1,0,0,0,0,0
GLD STK SMART,20150325,151251,114.82,1,0,0,0,0,0
GLD STK SMART,20150325,151306,114.81,1,0,0,0,0,0
GLD STK SMART,20150325,151348,114.82,1,0,0,0,0,0
GLD STK SMART,20150325,151403,114.81,1,0,0,0,0,0
GLD STK SMART,20150325,151425,114.82,1,0,0,0,0,0
GLD STK SMART,20150325,151425,114.83,1,0,0,0,0,0
GLD STK SMART,20150325,151523,114.81,1,0,0,0,0,0
GLD STK SMART,20150325,151550,114.82,1,0,0,0,0,0
GLD STK SMART,20150325,151617,114.81,1,0,0,0,0,0
GLD STK SMART,20150325,151723,114.8,1,0,0,0,0,0
GLD STK SMART,20150325,151809,114.79,1,0,0,0,0,0
GLD STK SMART,20150325,151820,114.79,1,0,0,0,0,0
GLD STK SMART,20150325,151929,114.8,1,0,0,0,0,0
GLD STK SMART,20150325,152011,114.78,4,0,0,0,0,0
GLD STK SMART,20150325,152020,114.79,2,0,0,0,0,0
GLD STK SMART,20150325,152033,114.78,1,0,0,0,0,0
GLD STK SMART,20150325,152105,114.79,2,0,0,0,0,0
GLD STK SMART,20150325,152106,114.79,1,0,0,0,0,0
GLD STK SMART,20150325,152227,114.78,1,0,0,0,0,0
GLD STK SMART,20150325,152321,114.77,1,0,0,0,0,0
GLD STK SMART,20150325,152443,114.76,1,0,0,0,0,0
GLD STK SMART,20150325,152525,114.75,1,0,0,0,0,0
GLD STK SMART,20150325,152535,114.75,2,0,0,0,0,0
GLD STK SMART,20150325,152553,114.73,2,0,0,0,0,0
GLD STK SMART,20150325,152601,114.75,1,0,0,0,0,0
GLD STK SMART,20150325,152614,114.75,3,0,0,0,0,0
GLD STK SMART,20150325,152629,114.74,1,0,0,0,0,0
GLD STK SMART,20150325,152657,114.74,2,0,0,0,0,0
GLD STK SMART,20150325,152708,114.74,1,0,0,0,0,0
GLD STK SMART,20150325,152731,114.73,1,0,0,0,0,0
GLD STK SMART,20150325,152738,114.74,1,0,0,0,0,0
GLD STK SMART,20150325,152756,114.72,1,0,0,0,0,0
GLD STK SMART,20150325,152811,114.73,1,0,0,0,0,0
GLD STK SMART,20150325,153014,114.74,1,0,0,0,0,0
GLD STK SMART,20150325,153042,114.73,1,0,0,0,0,0
GLD STK SMART,20150325,153050,114.74,1,0,0,0,0,0
GLD STK SMART,20150325,153200,114.72,1,0,0,0,0,0
GLD STK SMART,20150325,153301,114.73,2,0,0,0,0,0
GLD STK SMART,20150325,153316,114.73,1,0,0,0,0,0
GLD STK SMART,20150325,153320,114.73,1,0,0,0,0,0
GLD STK SMART,20150325,153333,114.73,1,0,0,0,0,0
GLD STK SMART,20150325,153414,114.73,1,0,0,0,0,0
GLD STK SMART,20150325,153422,114.74,1,0,0,0,0,0
GLD STK SMART,20150325,153506,114.75,1,0,0,0,0,0
GLD STK SMART,20150325,153531,114.74,1,0,0,0,0,0
GLD STK SMART,20150325,153545,114.78,1,0,0,0,0,0
GLD STK SMART,20150325,153656,114.76,1,0,0,0,0,0
GLD STK SMART,20150325,153722,114.77,1,0,0,0,0,0
GLD STK SMART,20150325,153746,114.77,2,0,0,0,0,0
GLD STK SMART,20150325,153801,114.79,1,0,0,0,0,0
GLD STK SMART,20150325,153910,114.77,1,0,0,0,0,0
GLD STK SMART,20150325,153930,114.77,1,0,0,0,0,0
GLD STK SMART,20150325,154134,114.76,1,0,0,0,0,0
GLD STK SMART,20150325,154146,114.75,1,0,0,0,0,0
GLD STK SMART,20150325,154153,114.76,1,0,0,0,0,0
GLD STK SMART,20150325,154206,114.77,1,0,0,0,0,0
GLD STK SMART,20150325,154345,114.78,3,0,0,0,0,0
GLD STK SMART,20150325,154353,114.78,1,0,0,0,0,0
GLD STK SMART,20150325,154359,114.78,1,0,0,0,0,0
GLD STK SMART,20150325,154407,114.78,2,0,0,0,0,0
GLD STK SMART,20150325,154427,114.77,1,0,0,0,0,0
GLD STK SMART,20150325,154429,114.78,1,0,0,0,0,0
GLD STK SMART,20150325,154504,114.77,1,0,0,0,0,0
GLD STK SMART,20150325,154518,114.76,1,0,0,0,0,0
GLD STK SMART,20150325,154534,114.75,3,0,0,0,0,0
GLD STK SMART,20150325,154538,114.76,1,0,0,0,0,0
GLD STK SMART,20150325,154614,114.75,1,0,0,0,0,0
GLD STK SMART,20150325,154627,114.76,1,0,0,0,0,0
GLD STK SMART,20150325,154705,114.75,5,0,0,0,0,0
GLD STK SMART,20150325,154710,114.77,1,0,0,0,0,0
GLD STK SMART,20150325,154835,114.78,1,0,0,0,0,0
GLD STK SMART,20150325,154857,114.77,2,0,0,0,0,0
GLD STK SMART,20150325,154926,114.76,1,0,0,0,0,0
GLD STK SMART,20150325,155036,114.76,2,0,0,0,0,0
GLD STK SMART,20150325,155041,114.76,1,0,0,0,0,0
GLD STK SMART,20150325,155052,114.77,1,0,0,0,0,0
GLD STK SMART,20150325,155126,114.79,1,0,0,0,0,0
GLD STK SMART,20150325,155128,114.78,1,0,0,0,0,0
GLD STK SMART,20150325,155205,114.77,1,0,0,0,0,0
GLD STK SMART,20150325,155216,114.76,1,0,0,0,0,0
GLD STK SMART,20150325,155222,114.76,1,0,0,0,0,0
GLD STK SMART,20150325,155229,114.76,1,0,0,0,0,0
GLD STK SMART,20150325,155247,114.75,1,0,0,0,0,0
GLD STK SMART,20150325,155251,114.76,1,0,0,0,0,0
GLD STK SMART,20150325,155312,114.77,1,0,0,0,0,0
GLD STK SMART,20150325,155322,114.77,1,0,0,0,0,0
GLD STK SMART,20150325,155351,114.77,1,0,0,0,0,0
GLD STK SMART,20150325,155423,114.76,1,0,0,0,0,0
GLD STK SMART,20150325,155436,114.78,1,0,0,0,0,0
GLD STK SMART,20150325,155444,114.79,1,0,0,0,0,0
GLD STK SMART,20150325,155452,114.79,1,0,0,0,0,0
GLD STK SMART,20150325,155513,114.78,1,0,0,0,0,0
GLD STK SMART,20150325,155526,114.78,1,0,0,0,0,0
GLD STK SMART,20150325,155542,114.78,1,0,0,0,0,0
GLD STK SMART,20150325,155616,114.76,2,0,0,0,0,0
GLD STK SMART,20150325,155625,114.75,1,0,0,0,0,0
GLD STK SMART,20150325,155647,114.77,2,0,0,0,0,0
GLD STK SMART,20150325,155655,114.76,1,0,0,0,0,0
GLD STK SMART,20150325,155704,114.76,4,0,0,0,0,0
GLD STK SMART,20150325,155720,114.76,1,0,0,0,0,0
GLD STK SMART,20150325,155742,114.76,1,0,0,0,0,0
GLD STK SMART,20150325,155752,114.75,1,0,0,0,0,0
GLD STK SMART,20150325,155804,114.76,1,0,0,0,0,0
GLD STK SMART,20150325,155817,114.76,2,0,0,0,0,0
GLD STK SMART,20150325,155827,114.75,1,0,0,0,0,0
GLD STK SMART,20150325,155837,114.74,3,0,0,0,0,0
GLD STK SMART,20150325,155840,114.73,1,0,0,0,0,0
GLD STK SMART,20150325,155856,114.74,1,0,0,0,0,0
GLD STK SMART,20150325,155904,114.75,1,0,0,0,0,0
GLD STK SMART,20150325,155916,114.73,1,0,0,0,0,0
GLD STK SMART,20150325,155923,114.75,1,0,0,0,0,0
GLD STK SMART,20150325,160019,114.76,8,0,0,0,0,0
GLD STK SMART,20150325,160208,114.73,10,0,0,0,0,0
GLD STK SMART,20150325,160911,114.75,1,0,0,0,0,0
GLD STK SMART,20150325,160921,114.77,2,0,0,0,0,0
GLD STK SMART,20150325,161433,114.74,1,0,0,0,0,0
GLD STK SMART,20150325,180532,114.66,2,0,0,0,0,0
GLD STK SMART,20150325,184527,114.75,5,0,0,0,0,0
