1788                
SLB STK SMART,20150325,92934,82.59,2,0,0,0,0,0
SLB STK SMART,20150325,92938,82.54,4,0,0,0,0,0
SLB STK SMART,20150325,93012,82.62,1,0,0,0,0,0
SLB STK SMART,20150325,93025,82.66,1,0,0,0,0,0
SLB STK SMART,20150325,93041,82.73,1,0,0,0,0,0
SLB STK SMART,20150325,93112,82.68,1,0,0,0,0,0
SLB STK SMART,20150325,93125,82.73,1,0,0,0,0,0
SLB STK SMART,20150325,93132,82.85,2,0,0,0,0,0
SLB STK SMART,20150325,93143,82.92,1,0,0,0,0,0
SLB STK SMART,20150325,93155,83.03,1,0,0,0,0,0
SLB STK SMART,20150325,93214,82.94,1,0,0,0,0,0
SLB STK SMART,20150325,93234,82.97,1,0,0,0,0,0
SLB STK SMART,20150325,93239,83.01,2,0,0,0,0,0
SLB STK SMART,20150325,93254,82.95,1,0,0,0,0,0
SLB STK SMART,20150325,93304,83.01,1,0,0,0,0,0
SLB STK SMART,20150325,93311,83.03,1,0,0,0,0,0
SLB STK SMART,20150325,93326,82.88,1,0,0,0,0,0
SLB STK SMART,20150325,93339,82.86,1,0,0,0,0,0
SLB STK SMART,20150325,93354,82.88,1,0,0,0,0,0
SLB STK SMART,20150325,93403,82.92,1,0,0,0,0,0
SLB STK SMART,20150325,93415,82.9,1,0,0,0,0,0
SLB STK SMART,20150325,93425,82.93,1,0,0,0,0,0
SLB STK SMART,20150325,93430,82.93,1,0,0,0,0,0
SLB STK SMART,20150325,93445,82.9,1,0,0,0,0,0
SLB STK SMART,20150325,93455,82.96,1,0,0,0,0,0
SLB STK SMART,20150325,93501,82.97,1,0,0,0,0,0
SLB STK SMART,20150325,93514,82.93,1,0,0,0,0,0
SLB STK SMART,20150325,93519,82.88,1,0,0,0,0,0
SLB STK SMART,20150325,93530,82.88,1,0,0,0,0,0
SLB STK SMART,20150325,93551,82.95,15,0,0,0,0,0
SLB STK SMART,20150325,93605,83,1,0,0,0,0,0
SLB STK SMART,20150325,93615,82.98,2,0,0,0,0,0
SLB STK SMART,20150325,93626,82.98,1,0,0,0,0,0
SLB STK SMART,20150325,93634,82.96,1,0,0,0,0,0
SLB STK SMART,20150325,93648,82.95,1,0,0,0,0,0
SLB STK SMART,20150325,93704,82.93,1,0,0,0,0,0
SLB STK SMART,20150325,93710,82.95,1,0,0,0,0,0
SLB STK SMART,20150325,93722,82.96,1,0,0,0,0,0
SLB STK SMART,20150325,93746,82.83,1,0,0,0,0,0
SLB STK SMART,20150325,93755,82.8,1,0,0,0,0,0
SLB STK SMART,20150325,93813,82.81,1,0,0,0,0,0
SLB STK SMART,20150325,93825,82.82,1,0,0,0,0,0
SLB STK SMART,20150325,93841,82.85,1,0,0,0,0,0
SLB STK SMART,20150325,93850,82.87,1,0,0,0,0,0
SLB STK SMART,20150325,93901,82.83,1,0,0,0,0,0
SLB STK SMART,20150325,93922,82.84,1,0,0,0,0,0
SLB STK SMART,20150325,93946,82.72,1,0,0,0,0,0
SLB STK SMART,20150325,93952,82.71,1,0,0,0,0,0
SLB STK SMART,20150325,94004,82.69,2,0,0,0,0,0
SLB STK SMART,20150325,94015,82.71,1,0,0,0,0,0
SLB STK SMART,20150325,94046,82.71,1,0,0,0,0,0
SLB STK SMART,20150325,94050,82.65,2,0,0,0,0,0
SLB STK SMART,20150325,94106,82.66,1,0,0,0,0,0
SLB STK SMART,20150325,94115,82.69,1,0,0,0,0,0
SLB STK SMART,20150325,94126,82.71,1,0,0,0,0,0
SLB STK SMART,20150325,94135,82.77,1,0,0,0,0,0
SLB STK SMART,20150325,94140,82.74,1,0,0,0,0,0
SLB STK SMART,20150325,94146,82.72,1,0,0,0,0,0
SLB STK SMART,20150325,94203,82.7,1,0,0,0,0,0
SLB STK SMART,20150325,94208,82.73,1,0,0,0,0,0
SLB STK SMART,20150325,94225,82.73,1,0,0,0,0,0
SLB STK SMART,20150325,94236,82.76,1,0,0,0,0,0
SLB STK SMART,20150325,94238,82.79,1,0,0,0,0,0
SLB STK SMART,20150325,94255,82.67,3,0,0,0,0,0
SLB STK SMART,20150325,94300,82.67,1,0,0,0,0,0
SLB STK SMART,20150325,94315,82.67,2,0,0,0,0,0
SLB STK SMART,20150325,94316,82.67,1,0,0,0,0,0
SLB STK SMART,20150325,94345,82.78,1,0,0,0,0,0
SLB STK SMART,20150325,94348,82.76,1,0,0,0,0,0
SLB STK SMART,20150325,94406,82.83,1,0,0,0,0,0
SLB STK SMART,20150325,94415,82.74,1,0,0,0,0,0
SLB STK SMART,20150325,94424,82.74,1,0,0,0,0,0
SLB STK SMART,20150325,94436,82.8,1,0,0,0,0,0
SLB STK SMART,20150325,94443,82.82,1,0,0,0,0,0
SLB STK SMART,20150325,94455,82.77,1,0,0,0,0,0
SLB STK SMART,20150325,94502,82.74,1,0,0,0,0,0
SLB STK SMART,20150325,94513,82.69,1,0,0,0,0,0
SLB STK SMART,20150325,94526,82.68,1,0,0,0,0,0
SLB STK SMART,20150325,94536,82.64,1,0,0,0,0,0
SLB STK SMART,20150325,94546,82.68,2,0,0,0,0,0
SLB STK SMART,20150325,94550,82.7,1,0,0,0,0,0
SLB STK SMART,20150325,94604,82.68,2,0,0,0,0,0
SLB STK SMART,20150325,94614,82.64,1,0,0,0,0,0
SLB STK SMART,20150325,94621,82.58,3,0,0,0,0,0
SLB STK SMART,20150325,94629,82.6,3,0,0,0,0,0
SLB STK SMART,20150325,94637,82.62,1,0,0,0,0,0
SLB STK SMART,20150325,94650,82.63,1,0,0,0,0,0
SLB STK SMART,20150325,94706,82.61,1,0,0,0,0,0
SLB STK SMART,20150325,94724,82.65,1,0,0,0,0,0
SLB STK SMART,20150325,94734,82.66,1,0,0,0,0,0
SLB STK SMART,20150325,94738,82.63,1,0,0,0,0,0
SLB STK SMART,20150325,94813,82.65,1,0,0,0,0,0
SLB STK SMART,20150325,94823,82.66,1,0,0,0,0,0
SLB STK SMART,20150325,94829,82.68,1,0,0,0,0,0
SLB STK SMART,20150325,94844,82.69,1,0,0,0,0,0
SLB STK SMART,20150325,94856,82.7,1,0,0,0,0,0
SLB STK SMART,20150325,94910,82.64,1,0,0,0,0,0
SLB STK SMART,20150325,94926,82.65,1,0,0,0,0,0
SLB STK SMART,20150325,94936,82.68,1,0,0,0,0,0
SLB STK SMART,20150325,94938,82.67,1,0,0,0,0,0
SLB STK SMART,20150325,94952,82.66,1,0,0,0,0,0
SLB STK SMART,20150325,95003,82.7,1,0,0,0,0,0
SLB STK SMART,20150325,95011,82.71,1,0,0,0,0,0
SLB STK SMART,20150325,95023,82.73,1,0,0,0,0,0
SLB STK SMART,20150325,95034,82.76,1,0,0,0,0,0
SLB STK SMART,20150325,95038,82.74,1,0,0,0,0,0
SLB STK SMART,20150325,95053,82.75,1,0,0,0,0,0
SLB STK SMART,20150325,95104,82.77,1,0,0,0,0,0
SLB STK SMART,20150325,95116,82.78,1,0,0,0,0,0
SLB STK SMART,20150325,95126,82.78,1,0,0,0,0,0
SLB STK SMART,20150325,95131,82.78,1,0,0,0,0,0
SLB STK SMART,20150325,95146,82.85,1,0,0,0,0,0
SLB STK SMART,20150325,95151,82.83,1,0,0,0,0,0
SLB STK SMART,20150325,95215,82.89,1,0,0,0,0,0
SLB STK SMART,20150325,95222,82.91,1,0,0,0,0,0
SLB STK SMART,20150325,95236,82.9,1,0,0,0,0,0
SLB STK SMART,20150325,95242,82.89,1,0,0,0,0,0
SLB STK SMART,20150325,95251,82.86,1,0,0,0,0,0
SLB STK SMART,20150325,95259,82.86,1,0,0,0,0,0
SLB STK SMART,20150325,95316,82.92,1,0,0,0,0,0
SLB STK SMART,20150325,95331,82.93,1,0,0,0,0,0
SLB STK SMART,20150325,95337,82.94,1,0,0,0,0,0
SLB STK SMART,20150325,95356,82.92,1,0,0,0,0,0
SLB STK SMART,20150325,95409,82.92,2,0,0,0,0,0
SLB STK SMART,20150325,95425,82.99,1,0,0,0,0,0
SLB STK SMART,20150325,95446,83.01,1,0,0,0,0,0
SLB STK SMART,20150325,95451,83.02,1,0,0,0,0,0
SLB STK SMART,20150325,95503,83.02,1,0,0,0,0,0
SLB STK SMART,20150325,95513,83.03,3,0,0,0,0,0
SLB STK SMART,20150325,95524,83.07,1,0,0,0,0,0
SLB STK SMART,20150325,95536,83.14,2,0,0,0,0,0
SLB STK SMART,20150325,95541,83.16,1,0,0,0,0,0
SLB STK SMART,20150325,95551,83.17,2,0,0,0,0,0
SLB STK SMART,20150325,95606,83.14,2,0,0,0,0,0
SLB STK SMART,20150325,95616,83.17,1,0,0,0,0,0
SLB STK SMART,20150325,95626,83.1,1,0,0,0,0,0
SLB STK SMART,20150325,95633,83.11,1,0,0,0,0,0
SLB STK SMART,20150325,95640,83.08,1,0,0,0,0,0
SLB STK SMART,20150325,95656,83.12,1,0,0,0,0,0
SLB STK SMART,20150325,95705,83.14,1,0,0,0,0,0
SLB STK SMART,20150325,95726,83.14,1,0,0,0,0,0
SLB STK SMART,20150325,95731,83.15,1,0,0,0,0,0
SLB STK SMART,20150325,95754,83.16,1,0,0,0,0,0
SLB STK SMART,20150325,95805,83.13,2,0,0,0,0,0
SLB STK SMART,20150325,95809,83.09,1,0,0,0,0,0
SLB STK SMART,20150325,95825,83.06,1,0,0,0,0,0
SLB STK SMART,20150325,95904,83.08,1,0,0,0,0,0
SLB STK SMART,20150325,95917,83.11,1,0,0,0,0,0
SLB STK SMART,20150325,95934,83.15,2,0,0,0,0,0
SLB STK SMART,20150325,95946,83.1,1,0,0,0,0,0
SLB STK SMART,20150325,95956,83.05,1,0,0,0,0,0
SLB STK SMART,20150325,100006,83.03,4,0,0,0,0,0
SLB STK SMART,20150325,100016,83.02,1,0,0,0,0,0
SLB STK SMART,20150325,100027,83.03,1,0,0,0,0,0
SLB STK SMART,20150325,100033,83.03,1,0,0,0,0,0
SLB STK SMART,20150325,100046,83.07,1,0,0,0,0,0
SLB STK SMART,20150325,100057,83.12,1,0,0,0,0,0
SLB STK SMART,20150325,100106,83.15,1,0,0,0,0,0
SLB STK SMART,20150325,100145,83.16,3,0,0,0,0,0
SLB STK SMART,20150325,100157,83.14,1,0,0,0,0,0
SLB STK SMART,20150325,100207,83.1,3,0,0,0,0,0
SLB STK SMART,20150325,100213,83.11,1,0,0,0,0,0
SLB STK SMART,20150325,100226,83.13,1,0,0,0,0,0
SLB STK SMART,20150325,100248,83.14,1,0,0,0,0,0
SLB STK SMART,20150325,100307,83.19,2,0,0,0,0,0
SLB STK SMART,20150325,100308,83.19,1,0,0,0,0,0
SLB STK SMART,20150325,100327,83.2,1,0,0,0,0,0
SLB STK SMART,20150325,100335,83.2,1,0,0,0,0,0
SLB STK SMART,20150325,100346,83.14,1,0,0,0,0,0
SLB STK SMART,20150325,100407,83.17,2,0,0,0,0,0
SLB STK SMART,20150325,100427,83.18,1,0,0,0,0,0
SLB STK SMART,20150325,100434,83.16,1,0,0,0,0,0
SLB STK SMART,20150325,100445,83.15,1,0,0,0,0,0
SLB STK SMART,20150325,100456,83.17,1,0,0,0,0,0
SLB STK SMART,20150325,100505,83.18,1,0,0,0,0,0
SLB STK SMART,20150325,100510,83.17,3,0,0,0,0,0
SLB STK SMART,20150325,100518,83.17,1,0,0,0,0,0
SLB STK SMART,20150325,100536,83.16,1,0,0,0,0,0
SLB STK SMART,20150325,100541,83.12,1,0,0,0,0,0
SLB STK SMART,20150325,100556,83.14,1,0,0,0,0,0
SLB STK SMART,20150325,100605,83.14,3,0,0,0,0,0
SLB STK SMART,20150325,100617,83.12,4,0,0,0,0,0
SLB STK SMART,20150325,100618,83.12,1,0,0,0,0,0
SLB STK SMART,20150325,100635,83.14,2,0,0,0,0,0
SLB STK SMART,20150325,100643,83.15,1,0,0,0,0,0
SLB STK SMART,20150325,100704,83.16,1,0,0,0,0,0
SLB STK SMART,20150325,100714,83.17,1,0,0,0,0,0
SLB STK SMART,20150325,100733,83.18,1,0,0,0,0,0
SLB STK SMART,20150325,100745,83.13,1,0,0,0,0,0
SLB STK SMART,20150325,100756,83.06,2,0,0,0,0,0
SLB STK SMART,20150325,100758,83.05,1,0,0,0,0,0
SLB STK SMART,20150325,100817,83.07,1,0,0,0,0,0
SLB STK SMART,20150325,100824,83.06,1,0,0,0,0,0
SLB STK SMART,20150325,100847,83.11,1,0,0,0,0,0
SLB STK SMART,20150325,100913,83.15,1,0,0,0,0,0
SLB STK SMART,20150325,100936,83.14,1,0,0,0,0,0
SLB STK SMART,20150325,100941,83.12,1,0,0,0,0,0
SLB STK SMART,20150325,100956,83.12,1,0,0,0,0,0
SLB STK SMART,20150325,101007,83.1,1,0,0,0,0,0
SLB STK SMART,20150325,101015,83.06,1,0,0,0,0,0
SLB STK SMART,20150325,101027,83.09,2,0,0,0,0,0
SLB STK SMART,20150325,101033,83.11,1,0,0,0,0,0
SLB STK SMART,20150325,101057,83.13,1,0,0,0,0,0
SLB STK SMART,20150325,101103,83.12,1,0,0,0,0,0
SLB STK SMART,20150325,101110,83.11,1,0,0,0,0,0
SLB STK SMART,20150325,101135,83.11,1,0,0,0,0,0
SLB STK SMART,20150325,101144,83.12,1,0,0,0,0,0
SLB STK SMART,20150325,101153,83.13,1,0,0,0,0,0
SLB STK SMART,20150325,101205,83.14,1,0,0,0,0,0
SLB STK SMART,20150325,101214,83.13,2,0,0,0,0,0
SLB STK SMART,20150325,101236,83.09,1,0,0,0,0,0
SLB STK SMART,20150325,101251,83.11,1,0,0,0,0,0
SLB STK SMART,20150325,101305,83.1,1,0,0,0,0,0
SLB STK SMART,20150325,101312,83.1,1,0,0,0,0,0
SLB STK SMART,20150325,101328,83.1,1,0,0,0,0,0
SLB STK SMART,20150325,101332,83.13,1,0,0,0,0,0
SLB STK SMART,20150325,101351,83.14,1,0,0,0,0,0
SLB STK SMART,20150325,101404,83.15,1,0,0,0,0,0
SLB STK SMART,20150325,101417,83.17,1,0,0,0,0,0
SLB STK SMART,20150325,101421,83.16,1,0,0,0,0,0
SLB STK SMART,20150325,101429,83.15,1,0,0,0,0,0
SLB STK SMART,20150325,101447,83.16,1,0,0,0,0,0
SLB STK SMART,20150325,101455,83.15,1,0,0,0,0,0
SLB STK SMART,20150325,101517,83.17,1,0,0,0,0,0
SLB STK SMART,20150325,101524,83.18,1,0,0,0,0,0
SLB STK SMART,20150325,101538,83.17,1,0,0,0,0,0
SLB STK SMART,20150325,101557,83.13,1,0,0,0,0,0
SLB STK SMART,20150325,101606,83.16,1,0,0,0,0,0
SLB STK SMART,20150325,101627,83.16,1,0,0,0,0,0
SLB STK SMART,20150325,101635,83.18,1,0,0,0,0,0
SLB STK SMART,20150325,101647,83.15,1,0,0,0,0,0
SLB STK SMART,20150325,101651,83.16,1,0,0,0,0,0
SLB STK SMART,20150325,101704,83.14,1,0,0,0,0,0
SLB STK SMART,20150325,101727,83.15,2,0,0,0,0,0
SLB STK SMART,20150325,101734,83.13,1,0,0,0,0,0
SLB STK SMART,20150325,101744,83.16,1,0,0,0,0,0
SLB STK SMART,20150325,101755,83.17,1,0,0,0,0,0
SLB STK SMART,20150325,101807,83.16,1,0,0,0,0,0
SLB STK SMART,20150325,101818,83.16,1,0,0,0,0,0
SLB STK SMART,20150325,101838,83.19,1,0,0,0,0,0
SLB STK SMART,20150325,101844,83.18,1,0,0,0,0,0
SLB STK SMART,20150325,101852,83.16,1,0,0,0,0,0
SLB STK SMART,20150325,101912,83.19,1,0,0,0,0,0
SLB STK SMART,20150325,101919,83.17,1,0,0,0,0,0
SLB STK SMART,20150325,101929,83.18,1,0,0,0,0,0
SLB STK SMART,20150325,101958,83.2,3,0,0,0,0,0
SLB STK SMART,20150325,102006,83.23,1,0,0,0,0,0
SLB STK SMART,20150325,102018,83.16,1,0,0,0,0,0
SLB STK SMART,20150325,102025,83.07,1,0,0,0,0,0
SLB STK SMART,20150325,102031,83.07,1,0,0,0,0,0
SLB STK SMART,20150325,102044,83.04,1,0,0,0,0,0
SLB STK SMART,20150325,102054,83.01,3,0,0,0,0,0
SLB STK SMART,20150325,102106,83.01,1,0,0,0,0,0
SLB STK SMART,20150325,102134,83,1,0,0,0,0,0
SLB STK SMART,20150325,102144,83.01,1,0,0,0,0,0
SLB STK SMART,20150325,102151,83.01,1,0,0,0,0,0
SLB STK SMART,20150325,102206,83.01,1,0,0,0,0,0
SLB STK SMART,20150325,102209,83.03,1,0,0,0,0,0
SLB STK SMART,20150325,102221,83.06,1,0,0,0,0,0
SLB STK SMART,20150325,102234,83.11,1,0,0,0,0,0
SLB STK SMART,20150325,102248,83.14,1,0,0,0,0,0
SLB STK SMART,20150325,102250,83.13,1,0,0,0,0,0
SLB STK SMART,20150325,102307,83.15,1,0,0,0,0,0
SLB STK SMART,20150325,102318,83.18,1,0,0,0,0,0
SLB STK SMART,20150325,102330,83.22,1,0,0,0,0,0
SLB STK SMART,20150325,102346,83.22,1,0,0,0,0,0
SLB STK SMART,20150325,102408,83.23,1,0,0,0,0,0
SLB STK SMART,20150325,102417,83.24,1,0,0,0,0,0
SLB STK SMART,20150325,102448,83.24,1,0,0,0,0,0
SLB STK SMART,20150325,102453,83.23,1,0,0,0,0,0
SLB STK SMART,20150325,102508,83.19,1,0,0,0,0,0
SLB STK SMART,20150325,102512,83.18,1,0,0,0,0,0
SLB STK SMART,20150325,102537,83.17,1,0,0,0,0,0
SLB STK SMART,20150325,102540,83.15,1,0,0,0,0,0
SLB STK SMART,20150325,102605,83.11,1,0,0,0,0,0
SLB STK SMART,20150325,102613,83.08,1,0,0,0,0,0
SLB STK SMART,20150325,102628,83.08,1,0,0,0,0,0
SLB STK SMART,20150325,102632,83.08,1,0,0,0,0,0
SLB STK SMART,20150325,102645,83.07,1,0,0,0,0,0
SLB STK SMART,20150325,102649,83.08,1,0,0,0,0,0
SLB STK SMART,20150325,102703,83.06,1,0,0,0,0,0
SLB STK SMART,20150325,102727,83.07,1,0,0,0,0,0
SLB STK SMART,20150325,102735,83.09,1,0,0,0,0,0
SLB STK SMART,20150325,102746,83.12,1,0,0,0,0,0
SLB STK SMART,20150325,102818,83.12,1,0,0,0,0,0
SLB STK SMART,20150325,102820,83.13,1,0,0,0,0,0
SLB STK SMART,20150325,102836,83.17,1,0,0,0,0,0
SLB STK SMART,20150325,102846,83.16,1,0,0,0,0,0
SLB STK SMART,20150325,102855,83.19,1,0,0,0,0,0
SLB STK SMART,20150325,102914,83.16,1,0,0,0,0,0
SLB STK SMART,20150325,102927,82.93,1,0,0,0,0,0
SLB STK SMART,20150325,102936,82.82,1,0,0,0,0,0
SLB STK SMART,20150325,102947,82.69,2,0,0,0,0,0
SLB STK SMART,20150325,102954,82.79,1,0,0,0,0,0
SLB STK SMART,20150325,103018,82.8,2,0,0,0,0,0
SLB STK SMART,20150325,103028,82.76,1,0,0,0,0,0
SLB STK SMART,20150325,103037,82.76,4,0,0,0,0,0
SLB STK SMART,20150325,103058,82.8,1,0,0,0,0,0
SLB STK SMART,20150325,103103,82.8,1,0,0,0,0,0
SLB STK SMART,20150325,103113,82.77,1,0,0,0,0,0
SLB STK SMART,20150325,103146,82.74,1,0,0,0,0,0
SLB STK SMART,20150325,103150,82.75,1,0,0,0,0,0
SLB STK SMART,20150325,103217,82.73,1,0,0,0,0,0
SLB STK SMART,20150325,103228,82.78,1,0,0,0,0,0
SLB STK SMART,20150325,103240,82.74,1,0,0,0,0,0
SLB STK SMART,20150325,103306,82.72,1,0,0,0,0,0
SLB STK SMART,20150325,103317,82.7,1,0,0,0,0,0
SLB STK SMART,20150325,103319,82.68,1,0,0,0,0,0
SLB STK SMART,20150325,103330,82.65,1,0,0,0,0,0
SLB STK SMART,20150325,103344,82.67,1,0,0,0,0,0
SLB STK SMART,20150325,103418,82.65,1,0,0,0,0,0
SLB STK SMART,20150325,103425,82.63,1,0,0,0,0,0
SLB STK SMART,20150325,103438,82.66,1,0,0,0,0,0
SLB STK SMART,20150325,103439,82.66,1,0,0,0,0,0
SLB STK SMART,20150325,103504,82.68,1,0,0,0,0,0
SLB STK SMART,20150325,103528,82.71,1,0,0,0,0,0
SLB STK SMART,20150325,103540,82.7,1,0,0,0,0,0
SLB STK SMART,20150325,103550,82.69,1,0,0,0,0,0
SLB STK SMART,20150325,103603,82.65,1,0,0,0,0,0
SLB STK SMART,20150325,103618,82.65,2,0,0,0,0,0
SLB STK SMART,20150325,103707,82.68,1,0,0,0,0,0
SLB STK SMART,20150325,103715,82.67,2,0,0,0,0,0
SLB STK SMART,20150325,103724,82.66,1,0,0,0,0,0
SLB STK SMART,20150325,103732,82.65,1,0,0,0,0,0
SLB STK SMART,20150325,103807,82.72,1,0,0,0,0,0
SLB STK SMART,20150325,103819,82.71,1,0,0,0,0,0
SLB STK SMART,20150325,103821,82.7,1,0,0,0,0,0
SLB STK SMART,20150325,103830,82.71,1,0,0,0,0,0
SLB STK SMART,20150325,103849,82.67,1,0,0,0,0,0
SLB STK SMART,20150325,103859,82.66,1,0,0,0,0,0
SLB STK SMART,20150325,103907,82.66,1,0,0,0,0,0
SLB STK SMART,20150325,103915,82.64,1,0,0,0,0,0
SLB STK SMART,20150325,103928,82.61,1,0,0,0,0,0
SLB STK SMART,20150325,103937,82.53,1,0,0,0,0,0
SLB STK SMART,20150325,103942,82.54,1,0,0,0,0,0
SLB STK SMART,20150325,103955,82.59,1,0,0,0,0,0
SLB STK SMART,20150325,104007,82.57,3,0,0,0,0,0
SLB STK SMART,20150325,104016,82.57,1,0,0,0,0,0
SLB STK SMART,20150325,104025,82.56,7,0,0,0,0,0
SLB STK SMART,20150325,104038,82.55,1,0,0,0,0,0
SLB STK SMART,20150325,104042,82.54,1,0,0,0,0,0
SLB STK SMART,20150325,104055,82.51,3,0,0,0,0,0
SLB STK SMART,20150325,104106,82.5,1,0,0,0,0,0
SLB STK SMART,20150325,104119,82.46,1,0,0,0,0,0
SLB STK SMART,20150325,104129,82.38,1,0,0,0,0,0
SLB STK SMART,20150325,104138,82.35,1,0,0,0,0,0
SLB STK SMART,20150325,104149,82.35,1,0,0,0,0,0
SLB STK SMART,20150325,104151,82.35,1,0,0,0,0,0
SLB STK SMART,20150325,104206,82.37,1,0,0,0,0,0
SLB STK SMART,20150325,104213,82.38,1,0,0,0,0,0
SLB STK SMART,20150325,104248,82.42,1,0,0,0,0,0
SLB STK SMART,20150325,104256,82.49,1,0,0,0,0,0
SLB STK SMART,20150325,104304,82.52,1,0,0,0,0,0
SLB STK SMART,20150325,104319,82.57,1,0,0,0,0,0
SLB STK SMART,20150325,104321,82.59,1,0,0,0,0,0
SLB STK SMART,20150325,104336,82.58,1,0,0,0,0,0
SLB STK SMART,20150325,104348,82.6,1,0,0,0,0,0
SLB STK SMART,20150325,104357,82.61,4,0,0,0,0,0
SLB STK SMART,20150325,104400,82.63,1,0,0,0,0,0
SLB STK SMART,20150325,104414,82.67,1,0,0,0,0,0
SLB STK SMART,20150325,104427,82.68,1,0,0,0,0,0
SLB STK SMART,20150325,104438,82.7,1,0,0,0,0,0
SLB STK SMART,20150325,104455,82.65,1,0,0,0,0,0
SLB STK SMART,20150325,104508,82.64,1,0,0,0,0,0
SLB STK SMART,20150325,104518,82.63,1,0,0,0,0,0
SLB STK SMART,20150325,104520,82.61,1,0,0,0,0,0
SLB STK SMART,20150325,104538,82.62,1,0,0,0,0,0
SLB STK SMART,20150325,104541,82.6,1,0,0,0,0,0
SLB STK SMART,20150325,104606,82.56,1,0,0,0,0,0
SLB STK SMART,20150325,104624,82.58,1,0,0,0,0,0
SLB STK SMART,20150325,104634,82.58,1,0,0,0,0,0
SLB STK SMART,20150325,104716,82.53,2,0,0,0,0,0
SLB STK SMART,20150325,104722,82.51,1,0,0,0,0,0
SLB STK SMART,20150325,104736,82.49,1,0,0,0,0,0
SLB STK SMART,20150325,104809,82.54,1,0,0,0,0,0
SLB STK SMART,20150325,104819,82.53,2,0,0,0,0,0
SLB STK SMART,20150325,104822,82.53,1,0,0,0,0,0
SLB STK SMART,20150325,104833,82.59,1,0,0,0,0,0
SLB STK SMART,20150325,104845,82.59,1,0,0,0,0,0
SLB STK SMART,20150325,104854,82.58,1,0,0,0,0,0
SLB STK SMART,20150325,104908,82.61,1,0,0,0,0,0
SLB STK SMART,20150325,104919,82.64,1,0,0,0,0,0
SLB STK SMART,20150325,104937,82.66,1,0,0,0,0,0
SLB STK SMART,20150325,104955,82.69,1,0,0,0,0,0
SLB STK SMART,20150325,105001,82.68,1,0,0,0,0,0
SLB STK SMART,20150325,105038,82.71,1,0,0,0,0,0
SLB STK SMART,20150325,105041,82.73,1,0,0,0,0,0
SLB STK SMART,20150325,105055,82.75,1,0,0,0,0,0
SLB STK SMART,20150325,105119,82.77,1,0,0,0,0,0
SLB STK SMART,20150325,105120,82.78,1,0,0,0,0,0
SLB STK SMART,20150325,105132,82.77,1,0,0,0,0,0
SLB STK SMART,20150325,105147,82.79,1,0,0,0,0,0
SLB STK SMART,20150325,105219,82.83,1,0,0,0,0,0
SLB STK SMART,20150325,105226,82.84,1,0,0,0,0,0
SLB STK SMART,20150325,105245,82.87,1,0,0,0,0,0
SLB STK SMART,20150325,105319,82.91,1,0,0,0,0,0
SLB STK SMART,20150325,105327,82.92,1,0,0,0,0,0
SLB STK SMART,20150325,105339,82.89,1,0,0,0,0,0
SLB STK SMART,20150325,105355,82.92,1,0,0,0,0,0
SLB STK SMART,20150325,105405,82.93,1,0,0,0,0,0
SLB STK SMART,20150325,105458,82.95,2,0,0,0,0,0
SLB STK SMART,20150325,105528,82.99,1,0,0,0,0,0
SLB STK SMART,20150325,105539,82.99,1,0,0,0,0,0
SLB STK SMART,20150325,105540,83.01,1,0,0,0,0,0
SLB STK SMART,20150325,105606,82.99,1,0,0,0,0,0
SLB STK SMART,20150325,105619,83.01,1,0,0,0,0,0
SLB STK SMART,20150325,105634,83.01,1,0,0,0,0,0
SLB STK SMART,20150325,105647,83.02,1,0,0,0,0,0
SLB STK SMART,20150325,105659,82.99,1,0,0,0,0,0
SLB STK SMART,20150325,105726,82.98,1,0,0,0,0,0
SLB STK SMART,20150325,105739,83.01,1,0,0,0,0,0
SLB STK SMART,20150325,105745,83,1,0,0,0,0,0
SLB STK SMART,20150325,105813,83.05,1,0,0,0,0,0
SLB STK SMART,20150325,105826,83.05,1,0,0,0,0,0
SLB STK SMART,20150325,105837,83.04,1,0,0,0,0,0
SLB STK SMART,20150325,105840,83.02,1,0,0,0,0,0
SLB STK SMART,20150325,105907,82.99,1,0,0,0,0,0
SLB STK SMART,20150325,105916,83,1,0,0,0,0,0
SLB STK SMART,20150325,105929,83.01,1,0,0,0,0,0
SLB STK SMART,20150325,105937,83,1,0,0,0,0,0
SLB STK SMART,20150325,105958,82.94,1,0,0,0,0,0
SLB STK SMART,20150325,110008,82.97,1,0,0,0,0,0
SLB STK SMART,20150325,110019,82.95,1,0,0,0,0,0
SLB STK SMART,20150325,110028,82.93,1,0,0,0,0,0
SLB STK SMART,20150325,110034,82.97,1,0,0,0,0,0
SLB STK SMART,20150325,110059,82.93,3,0,0,0,0,0
SLB STK SMART,20150325,110112,82.95,1,0,0,0,0,0
SLB STK SMART,20150325,110127,82.97,1,0,0,0,0,0
SLB STK SMART,20150325,110149,82.99,1,0,0,0,0,0
SLB STK SMART,20150325,110158,83.02,1,0,0,0,0,0
SLB STK SMART,20150325,110210,83.02,1,0,0,0,0,0
SLB STK SMART,20150325,110219,83.03,1,0,0,0,0,0
SLB STK SMART,20150325,110230,83.03,3,0,0,0,0,0
SLB STK SMART,20150325,110240,83.06,1,0,0,0,0,0
SLB STK SMART,20150325,110250,83.05,1,0,0,0,0,0
SLB STK SMART,20150325,110258,83.11,2,0,0,0,0,0
SLB STK SMART,20150325,110303,83.11,1,0,0,0,0,0
SLB STK SMART,20150325,110317,83.1,1,0,0,0,0,0
SLB STK SMART,20150325,110330,83.11,1,0,0,0,0,0
SLB STK SMART,20150325,110340,83.1,1,0,0,0,0,0
SLB STK SMART,20150325,110350,83.07,1,0,0,0,0,0
SLB STK SMART,20150325,110410,83.09,1,0,0,0,0,0
SLB STK SMART,20150325,110412,83.11,1,0,0,0,0,0
SLB STK SMART,20150325,110421,83.12,1,0,0,0,0,0
SLB STK SMART,20150325,110435,83.1,1,0,0,0,0,0
SLB STK SMART,20150325,110446,83.07,1,0,0,0,0,0
SLB STK SMART,20150325,110450,83.08,1,0,0,0,0,0
SLB STK SMART,20150325,110510,83.05,1,0,0,0,0,0
SLB STK SMART,20150325,110520,83.07,1,0,0,0,0,0
SLB STK SMART,20150325,110527,83.04,1,0,0,0,0,0
SLB STK SMART,20150325,110614,83.05,1,0,0,0,0,0
SLB STK SMART,20150325,110630,83.04,1,0,0,0,0,0
SLB STK SMART,20150325,110642,83.03,1,0,0,0,0,0
SLB STK SMART,20150325,110656,83.02,1,0,0,0,0,0
SLB STK SMART,20150325,110707,83,1,0,0,0,0,0
SLB STK SMART,20150325,110723,82.99,1,0,0,0,0,0
SLB STK SMART,20150325,110739,82.98,1,0,0,0,0,0
SLB STK SMART,20150325,110757,83,1,0,0,0,0,0
SLB STK SMART,20150325,110808,83.01,1,0,0,0,0,0
SLB STK SMART,20150325,110829,83.01,1,0,0,0,0,0
SLB STK SMART,20150325,110831,83,1,0,0,0,0,0
SLB STK SMART,20150325,110858,82.94,1,0,0,0,0,0
SLB STK SMART,20150325,110910,82.93,1,0,0,0,0,0
SLB STK SMART,20150325,110915,82.96,1,0,0,0,0,0
SLB STK SMART,20150325,110934,82.97,1,0,0,0,0,0
SLB STK SMART,20150325,110958,83.01,1,0,0,0,0,0
SLB STK SMART,20150325,111008,83,1,0,0,0,0,0
SLB STK SMART,20150325,111019,82.98,1,0,0,0,0,0
SLB STK SMART,20150325,111028,82.96,1,0,0,0,0,0
SLB STK SMART,20150325,111048,82.92,1,0,0,0,0,0
SLB STK SMART,20150325,111054,82.93,1,0,0,0,0,0
SLB STK SMART,20150325,111126,82.91,1,0,0,0,0,0
SLB STK SMART,20150325,111149,82.93,1,0,0,0,0,0
SLB STK SMART,20150325,111200,82.94,1,0,0,0,0,0
SLB STK SMART,20150325,111210,82.96,1,0,0,0,0,0
SLB STK SMART,20150325,111221,82.97,1,0,0,0,0,0
SLB STK SMART,20150325,111253,83.03,1,0,0,0,0,0
SLB STK SMART,20150325,111309,83.04,1,0,0,0,0,0
SLB STK SMART,20150325,111319,83.04,1,0,0,0,0,0
SLB STK SMART,20150325,111359,83.07,1,0,0,0,0,0
SLB STK SMART,20150325,111408,83.07,1,0,0,0,0,0
SLB STK SMART,20150325,111414,83.05,1,0,0,0,0,0
SLB STK SMART,20150325,111430,83.03,1,0,0,0,0,0
SLB STK SMART,20150325,111435,83.02,1,0,0,0,0,0
SLB STK SMART,20150325,111453,83.01,1,0,0,0,0,0
SLB STK SMART,20150325,111506,83.02,1,0,0,0,0,0
SLB STK SMART,20150325,111511,83.04,1,0,0,0,0,0
SLB STK SMART,20150325,111541,83.05,1,0,0,0,0,0
SLB STK SMART,20150325,111551,83.06,1,0,0,0,0,0
SLB STK SMART,20150325,111609,83.05,1,0,0,0,0,0
SLB STK SMART,20150325,111619,83.03,1,0,0,0,0,0
SLB STK SMART,20150325,111629,82.94,1,0,0,0,0,0
SLB STK SMART,20150325,111634,82.96,1,0,0,0,0,0
SLB STK SMART,20150325,111650,82.94,1,0,0,0,0,0
SLB STK SMART,20150325,111657,82.93,1,0,0,0,0,0
SLB STK SMART,20150325,111704,82.91,1,0,0,0,0,0
SLB STK SMART,20150325,111713,82.92,1,0,0,0,0,0
SLB STK SMART,20150325,111725,82.94,1,0,0,0,0,0
SLB STK SMART,20150325,111740,82.97,1,0,0,0,0,0
SLB STK SMART,20150325,111754,82.96,1,0,0,0,0,0
SLB STK SMART,20150325,111802,82.93,1,0,0,0,0,0
SLB STK SMART,20150325,111819,82.88,1,0,0,0,0,0
SLB STK SMART,20150325,111826,82.85,1,0,0,0,0,0
SLB STK SMART,20150325,111838,82.85,1,0,0,0,0,0
SLB STK SMART,20150325,111856,82.84,1,0,0,0,0,0
SLB STK SMART,20150325,111909,82.86,1,0,0,0,0,0
SLB STK SMART,20150325,111912,82.88,1,0,0,0,0,0
SLB STK SMART,20150325,111926,82.87,1,0,0,0,0,0
SLB STK SMART,20150325,111933,82.86,1,0,0,0,0,0
SLB STK SMART,20150325,111946,82.82,1,0,0,0,0,0
SLB STK SMART,20150325,111954,82.83,1,0,0,0,0,0
SLB STK SMART,20150325,112009,82.81,1,0,0,0,0,0
SLB STK SMART,20150325,112020,82.82,1,0,0,0,0,0
SLB STK SMART,20150325,112031,82.8,1,0,0,0,0,0
SLB STK SMART,20150325,112058,82.8,1,0,0,0,0,0
SLB STK SMART,20150325,112118,82.81,1,0,0,0,0,0
SLB STK SMART,20150325,112125,82.8,1,0,0,0,0,0
SLB STK SMART,20150325,112133,82.79,1,0,0,0,0,0
SLB STK SMART,20150325,112150,82.8,1,0,0,0,0,0
SLB STK SMART,20150325,112152,82.81,1,0,0,0,0,0
SLB STK SMART,20150325,112209,82.83,1,0,0,0,0,0
SLB STK SMART,20150325,112219,82.84,1,0,0,0,0,0
SLB STK SMART,20150325,112230,82.75,1,0,0,0,0,0
SLB STK SMART,20150325,112248,82.76,1,0,0,0,0,0
SLB STK SMART,20150325,112304,82.81,1,0,0,0,0,0
SLB STK SMART,20150325,112314,82.81,1,0,0,0,0,0
SLB STK SMART,20150325,112326,82.77,1,0,0,0,0,0
SLB STK SMART,20150325,112340,82.75,1,0,0,0,0,0
SLB STK SMART,20150325,112407,82.78,1,0,0,0,0,0
SLB STK SMART,20150325,112416,82.79,1,0,0,0,0,0
SLB STK SMART,20150325,112425,82.8,1,0,0,0,0,0
SLB STK SMART,20150325,112441,82.78,1,0,0,0,0,0
SLB STK SMART,20150325,112445,82.77,1,0,0,0,0,0
SLB STK SMART,20150325,112507,82.8,1,0,0,0,0,0
SLB STK SMART,20150325,112522,82.82,1,0,0,0,0,0
SLB STK SMART,20150325,112537,82.81,1,0,0,0,0,0
SLB STK SMART,20150325,112550,82.82,1,0,0,0,0,0
SLB STK SMART,20150325,112601,82.85,1,0,0,0,0,0
SLB STK SMART,20150325,112605,82.85,1,0,0,0,0,0
SLB STK SMART,20150325,112613,82.83,1,0,0,0,0,0
SLB STK SMART,20150325,112631,82.82,2,0,0,0,0,0
SLB STK SMART,20150325,112638,82.82,1,0,0,0,0,0
SLB STK SMART,20150325,112655,82.79,1,0,0,0,0,0
SLB STK SMART,20150325,112709,82.82,1,0,0,0,0,0
SLB STK SMART,20150325,112716,82.8,1,0,0,0,0,0
SLB STK SMART,20150325,112734,82.79,1,0,0,0,0,0
SLB STK SMART,20150325,112746,82.78,1,0,0,0,0,0
SLB STK SMART,20150325,112809,82.78,1,0,0,0,0,0
SLB STK SMART,20150325,112828,82.79,1,0,0,0,0,0
SLB STK SMART,20150325,112851,82.77,1,0,0,0,0,0
SLB STK SMART,20150325,112921,82.79,1,0,0,0,0,0
SLB STK SMART,20150325,112929,82.78,1,0,0,0,0,0
SLB STK SMART,20150325,112938,82.79,1,0,0,0,0,0
SLB STK SMART,20150325,112944,82.8,1,0,0,0,0,0
SLB STK SMART,20150325,113001,82.8,1,0,0,0,0,0
SLB STK SMART,20150325,113011,82.8,1,0,0,0,0,0
SLB STK SMART,20150325,113020,82.76,1,0,0,0,0,0
SLB STK SMART,20150325,113026,82.78,1,0,0,0,0,0
SLB STK SMART,20150325,113038,82.79,1,0,0,0,0,0
SLB STK SMART,20150325,113056,82.8,1,0,0,0,0,0
SLB STK SMART,20150325,113110,82.74,1,0,0,0,0,0
SLB STK SMART,20150325,113119,82.72,1,0,0,0,0,0
SLB STK SMART,20150325,113129,82.7,1,0,0,0,0,0
SLB STK SMART,20150325,113141,82.68,1,0,0,0,0,0
SLB STK SMART,20150325,113146,82.72,1,0,0,0,0,0
SLB STK SMART,20150325,113201,82.74,1,0,0,0,0,0
SLB STK SMART,20150325,113205,82.76,1,0,0,0,0,0
SLB STK SMART,20150325,113241,82.76,1,0,0,0,0,0
SLB STK SMART,20150325,113248,82.78,1,0,0,0,0,0
SLB STK SMART,20150325,113256,82.78,1,0,0,0,0,0
SLB STK SMART,20150325,113321,82.79,1,0,0,0,0,0
SLB STK SMART,20150325,113331,82.77,1,0,0,0,0,0
SLB STK SMART,20150325,113342,82.76,1,0,0,0,0,0
SLB STK SMART,20150325,113350,82.73,1,0,0,0,0,0
SLB STK SMART,20150325,113401,82.75,1,0,0,0,0,0
SLB STK SMART,20150325,113412,82.72,1,0,0,0,0,0
SLB STK SMART,20150325,113420,82.73,2,0,0,0,0,0
SLB STK SMART,20150325,113432,82.71,2,0,0,0,0,0
SLB STK SMART,20150325,113441,82.75,1,0,0,0,0,0
SLB STK SMART,20150325,113449,82.74,1,0,0,0,0,0
SLB STK SMART,20150325,113506,82.76,1,0,0,0,0,0
SLB STK SMART,20150325,113519,82.78,1,0,0,0,0,0
SLB STK SMART,20150325,113531,82.78,1,0,0,0,0,0
SLB STK SMART,20150325,113535,82.79,1,0,0,0,0,0
SLB STK SMART,20150325,113551,82.75,1,0,0,0,0,0
SLB STK SMART,20150325,113558,82.77,1,0,0,0,0,0
SLB STK SMART,20150325,113609,82.78,1,0,0,0,0,0
SLB STK SMART,20150325,113621,82.81,1,0,0,0,0,0
SLB STK SMART,20150325,113630,82.82,1,0,0,0,0,0
SLB STK SMART,20150325,113639,82.82,1,0,0,0,0,0
SLB STK SMART,20150325,113704,82.84,1,0,0,0,0,0
SLB STK SMART,20150325,113715,82.83,1,0,0,0,0,0
SLB STK SMART,20150325,113727,82.86,1,0,0,0,0,0
SLB STK SMART,20150325,113815,82.86,1,0,0,0,0,0
SLB STK SMART,20150325,113830,82.83,1,0,0,0,0,0
SLB STK SMART,20150325,113839,82.76,1,0,0,0,0,0
SLB STK SMART,20150325,113859,82.75,1,0,0,0,0,0
SLB STK SMART,20150325,113906,82.75,1,0,0,0,0,0
SLB STK SMART,20150325,113920,82.7,1,0,0,0,0,0
SLB STK SMART,20150325,113930,82.72,1,0,0,0,0,0
SLB STK SMART,20150325,113941,82.72,1,0,0,0,0,0
SLB STK SMART,20150325,113947,82.76,1,0,0,0,0,0
SLB STK SMART,20150325,114006,82.77,1,0,0,0,0,0
SLB STK SMART,20150325,114016,82.78,1,0,0,0,0,0
SLB STK SMART,20150325,114023,82.76,1,0,0,0,0,0
SLB STK SMART,20150325,114037,82.78,1,0,0,0,0,0
SLB STK SMART,20150325,114049,82.75,1,0,0,0,0,0
SLB STK SMART,20150325,114059,82.77,1,0,0,0,0,0
SLB STK SMART,20150325,114103,82.76,1,0,0,0,0,0
SLB STK SMART,20150325,114121,82.69,1,0,0,0,0,0
SLB STK SMART,20150325,114130,82.67,1,0,0,0,0,0
SLB STK SMART,20150325,114141,82.73,1,0,0,0,0,0
SLB STK SMART,20150325,114146,82.72,1,0,0,0,0,0
SLB STK SMART,20150325,114201,82.72,1,0,0,0,0,0
SLB STK SMART,20150325,114210,82.72,1,0,0,0,0,0
SLB STK SMART,20150325,114221,82.73,1,0,0,0,0,0
SLB STK SMART,20150325,114229,82.76,1,0,0,0,0,0
SLB STK SMART,20150325,114242,82.75,1,0,0,0,0,0
SLB STK SMART,20150325,114311,82.74,1,0,0,0,0,0
SLB STK SMART,20150325,114325,82.75,1,0,0,0,0,0
SLB STK SMART,20150325,114340,82.77,1,0,0,0,0,0
SLB STK SMART,20150325,114349,82.74,1,0,0,0,0,0
SLB STK SMART,20150325,114359,82.74,1,0,0,0,0,0
SLB STK SMART,20150325,114417,82.73,1,0,0,0,0,0
SLB STK SMART,20150325,114426,82.74,1,0,0,0,0,0
SLB STK SMART,20150325,114438,82.75,1,0,0,0,0,0
SLB STK SMART,20150325,114450,82.76,1,0,0,0,0,0
SLB STK SMART,20150325,114459,82.72,1,0,0,0,0,0
SLB STK SMART,20150325,114509,82.72,1,0,0,0,0,0
SLB STK SMART,20150325,114521,82.7,1,0,0,0,0,0
SLB STK SMART,20150325,114536,82.74,3,0,0,0,0,0
SLB STK SMART,20150325,114545,82.75,1,0,0,0,0,0
SLB STK SMART,20150325,114600,82.75,1,0,0,0,0,0
SLB STK SMART,20150325,114608,82.76,1,0,0,0,0,0
SLB STK SMART,20150325,114622,82.76,1,0,0,0,0,0
SLB STK SMART,20150325,114628,82.74,1,0,0,0,0,0
SLB STK SMART,20150325,114639,82.75,1,0,0,0,0,0
SLB STK SMART,20150325,114651,82.75,1,0,0,0,0,0
SLB STK SMART,20150325,114657,82.77,1,0,0,0,0,0
SLB STK SMART,20150325,114708,82.76,1,0,0,0,0,0
SLB STK SMART,20150325,114716,82.76,1,0,0,0,0,0
SLB STK SMART,20150325,114732,82.82,1,0,0,0,0,0
SLB STK SMART,20150325,114742,82.86,1,0,0,0,0,0
SLB STK SMART,20150325,114747,82.85,1,0,0,0,0,0
SLB STK SMART,20150325,114759,82.83,1,0,0,0,0,0
SLB STK SMART,20150325,114812,82.83,1,0,0,0,0,0
SLB STK SMART,20150325,114818,82.85,1,0,0,0,0,0
SLB STK SMART,20150325,114823,82.87,1,0,0,0,0,0
SLB STK SMART,20150325,114841,82.86,1,0,0,0,0,0
SLB STK SMART,20150325,114850,82.87,1,0,0,0,0,0
SLB STK SMART,20150325,114912,82.9,1,0,0,0,0,0
SLB STK SMART,20150325,114922,82.91,1,0,0,0,0,0
SLB STK SMART,20150325,114923,82.9,1,0,0,0,0,0
SLB STK SMART,20150325,114936,82.89,1,0,0,0,0,0
SLB STK SMART,20150325,114956,82.88,1,0,0,0,0,0
SLB STK SMART,20150325,115012,82.93,2,0,0,0,0,0
SLB STK SMART,20150325,115014,82.94,1,0,0,0,0,0
SLB STK SMART,20150325,115026,82.9,1,0,0,0,0,0
SLB STK SMART,20150325,115041,82.93,1,0,0,0,0,0
SLB STK SMART,20150325,115050,82.95,1,0,0,0,0,0
SLB STK SMART,20150325,115102,82.96,1,0,0,0,0,0
SLB STK SMART,20150325,115113,82.97,1,0,0,0,0,0
SLB STK SMART,20150325,115140,82.97,1,0,0,0,0,0
SLB STK SMART,20150325,115147,82.95,1,0,0,0,0,0
SLB STK SMART,20150325,115156,82.94,1,0,0,0,0,0
SLB STK SMART,20150325,115206,82.95,1,0,0,0,0,0
SLB STK SMART,20150325,115222,82.96,1,0,0,0,0,0
SLB STK SMART,20150325,115244,82.95,1,0,0,0,0,0
SLB STK SMART,20150325,115300,82.96,1,0,0,0,0,0
SLB STK SMART,20150325,115330,82.94,1,0,0,0,0,0
SLB STK SMART,20150325,115350,82.95,1,0,0,0,0,0
SLB STK SMART,20150325,115357,82.97,1,0,0,0,0,0
SLB STK SMART,20150325,115407,82.98,1,0,0,0,0,0
SLB STK SMART,20150325,115422,83,1,0,0,0,0,0
SLB STK SMART,20150325,115431,82.97,1,0,0,0,0,0
SLB STK SMART,20150325,115440,82.99,1,0,0,0,0,0
SLB STK SMART,20150325,115448,82.99,1,0,0,0,0,0
SLB STK SMART,20150325,115502,83.02,1,0,0,0,0,0
SLB STK SMART,20150325,115505,83.04,2,0,0,0,0,0
SLB STK SMART,20150325,115521,83.04,1,0,0,0,0,0
SLB STK SMART,20150325,115532,82.98,1,0,0,0,0,0
SLB STK SMART,20150325,115536,82.99,1,0,0,0,0,0
SLB STK SMART,20150325,115551,82.96,1,0,0,0,0,0
SLB STK SMART,20150325,115555,82.97,1,0,0,0,0,0
SLB STK SMART,20150325,115610,82.96,1,0,0,0,0,0
SLB STK SMART,20150325,115617,82.94,1,0,0,0,0,0
SLB STK SMART,20150325,115632,82.96,1,0,0,0,0,0
SLB STK SMART,20150325,115637,82.96,1,0,0,0,0,0
SLB STK SMART,20150325,115701,82.91,1,0,0,0,0,0
SLB STK SMART,20150325,115706,82.93,1,0,0,0,0,0
SLB STK SMART,20150325,115731,82.96,1,0,0,0,0,0
SLB STK SMART,20150325,115750,82.94,1,0,0,0,0,0
SLB STK SMART,20150325,115755,82.96,1,0,0,0,0,0
SLB STK SMART,20150325,115811,82.97,1,0,0,0,0,0
SLB STK SMART,20150325,115816,82.96,1,0,0,0,0,0
SLB STK SMART,20150325,115840,82.97,1,0,0,0,0,0
SLB STK SMART,20150325,115843,82.98,1,0,0,0,0,0
SLB STK SMART,20150325,115903,82.99,1,0,0,0,0,0
SLB STK SMART,20150325,115912,82.98,1,0,0,0,0,0
SLB STK SMART,20150325,115919,82.99,1,0,0,0,0,0
SLB STK SMART,20150325,115926,82.98,1,0,0,0,0,0
SLB STK SMART,20150325,115941,82.99,1,0,0,0,0,0
SLB STK SMART,20150325,115953,83.03,1,0,0,0,0,0
SLB STK SMART,20150325,115953,83.02,1,0,0,0,0,0
SLB STK SMART,20150325,120003,83.03,1,0,0,0,0,0
SLB STK SMART,20150325,120019,83.08,1,0,0,0,0,0
SLB STK SMART,20150325,120031,83.08,1,0,0,0,0,0
SLB STK SMART,20150325,120040,83.04,1,0,0,0,0,0
SLB STK SMART,20150325,120051,83.03,1,0,0,0,0,0
SLB STK SMART,20150325,120100,83.04,1,0,0,0,0,0
SLB STK SMART,20150325,120115,83.03,1,0,0,0,0,0
SLB STK SMART,20150325,120142,83.05,1,0,0,0,0,0
SLB STK SMART,20150325,120156,83.07,1,0,0,0,0,0
SLB STK SMART,20150325,120219,83.08,1,0,0,0,0,0
SLB STK SMART,20150325,120239,83.06,1,0,0,0,0,0
SLB STK SMART,20150325,120252,82.99,1,0,0,0,0,0
SLB STK SMART,20150325,120259,83.02,1,0,0,0,0,0
SLB STK SMART,20150325,120308,83.01,1,0,0,0,0,0
SLB STK SMART,20150325,120323,82.98,1,0,0,0,0,0
SLB STK SMART,20150325,120328,83,1,0,0,0,0,0
SLB STK SMART,20150325,120402,82.98,1,0,0,0,0,0
SLB STK SMART,20150325,120410,82.99,1,0,0,0,0,0
SLB STK SMART,20150325,120419,83.01,1,0,0,0,0,0
SLB STK SMART,20150325,120425,83,1,0,0,0,0,0
SLB STK SMART,20150325,120438,83.02,1,0,0,0,0,0
SLB STK SMART,20150325,120458,83.05,1,0,0,0,0,0
SLB STK SMART,20150325,120504,83.04,1,0,0,0,0,0
SLB STK SMART,20150325,120552,83.06,1,0,0,0,0,0
SLB STK SMART,20150325,120558,83.05,1,0,0,0,0,0
SLB STK SMART,20150325,120606,83.06,1,0,0,0,0,0
SLB STK SMART,20150325,120616,83.05,1,0,0,0,0,0
SLB STK SMART,20150325,120624,83.06,1,0,0,0,0,0
SLB STK SMART,20150325,120636,83.07,1,0,0,0,0,0
SLB STK SMART,20150325,120700,83.09,1,0,0,0,0,0
SLB STK SMART,20150325,120720,83.13,1,0,0,0,0,0
SLB STK SMART,20150325,120733,83.17,1,0,0,0,0,0
SLB STK SMART,20150325,120748,83.18,1,0,0,0,0,0
SLB STK SMART,20150325,120803,83.15,1,0,0,0,0,0
SLB STK SMART,20150325,120823,83.16,1,0,0,0,0,0
SLB STK SMART,20150325,120832,83.13,5,0,0,0,0,0
SLB STK SMART,20150325,120838,83.13,1,0,0,0,0,0
SLB STK SMART,20150325,120850,83.1,1,0,0,0,0,0
SLB STK SMART,20150325,120902,83.06,1,0,0,0,0,0
SLB STK SMART,20150325,120908,83.07,1,0,0,0,0,0
SLB STK SMART,20150325,120922,83.03,2,0,0,0,0,0
SLB STK SMART,20150325,120928,83.03,1,0,0,0,0,0
SLB STK SMART,20150325,120941,83.07,1,0,0,0,0,0
SLB STK SMART,20150325,121002,83.08,1,0,0,0,0,0
SLB STK SMART,20150325,121013,83.11,1,0,0,0,0,0
SLB STK SMART,20150325,121022,83.11,1,0,0,0,0,0
SLB STK SMART,20150325,121034,83.11,1,0,0,0,0,0
SLB STK SMART,20150325,121042,83.13,1,0,0,0,0,0
SLB STK SMART,20150325,121103,83.15,1,0,0,0,0,0
SLB STK SMART,20150325,121133,83.18,1,0,0,0,0,0
SLB STK SMART,20150325,121150,83.14,1,0,0,0,0,0
SLB STK SMART,20150325,121201,83.17,1,0,0,0,0,0
SLB STK SMART,20150325,121213,83.18,1,0,0,0,0,0
SLB STK SMART,20150325,121229,83.17,1,0,0,0,0,0
SLB STK SMART,20150325,121255,83.19,1,0,0,0,0,0
SLB STK SMART,20150325,121316,83.18,1,0,0,0,0,0
SLB STK SMART,20150325,121325,83.19,1,0,0,0,0,0
SLB STK SMART,20150325,121400,83.2,1,0,0,0,0,0
SLB STK SMART,20150325,121412,83.22,1,0,0,0,0,0
SLB STK SMART,20150325,121431,83.2,1,0,0,0,0,0
SLB STK SMART,20150325,121438,83.22,1,0,0,0,0,0
SLB STK SMART,20150325,121449,83.2,1,0,0,0,0,0
SLB STK SMART,20150325,121457,83.21,1,0,0,0,0,0
SLB STK SMART,20150325,121510,83.2,1,0,0,0,0,0
SLB STK SMART,20150325,121553,83.2,1,0,0,0,0,0
SLB STK SMART,20150325,121613,83.21,1,0,0,0,0,0
SLB STK SMART,20150325,121618,83.2,1,0,0,0,0,0
SLB STK SMART,20150325,121641,83.25,1,0,0,0,0,0
SLB STK SMART,20150325,121649,83.25,1,0,0,0,0,0
SLB STK SMART,20150325,121701,83.27,1,0,0,0,0,0
SLB STK SMART,20150325,121711,83.33,1,0,0,0,0,0
SLB STK SMART,20150325,121723,83.33,1,0,0,0,0,0
SLB STK SMART,20150325,121734,83.34,1,0,0,0,0,0
SLB STK SMART,20150325,121740,83.36,1,0,0,0,0,0
SLB STK SMART,20150325,121754,83.38,1,0,0,0,0,0
SLB STK SMART,20150325,121758,83.39,1,0,0,0,0,0
SLB STK SMART,20150325,121813,83.36,1,0,0,0,0,0
SLB STK SMART,20150325,121820,83.35,1,0,0,0,0,0
SLB STK SMART,20150325,121843,83.35,1,0,0,0,0,0
SLB STK SMART,20150325,121854,83.37,1,0,0,0,0,0
SLB STK SMART,20150325,121903,83.39,1,0,0,0,0,0
SLB STK SMART,20150325,121913,83.41,1,0,0,0,0,0
SLB STK SMART,20150325,121923,83.41,1,0,0,0,0,0
SLB STK SMART,20150325,121926,83.42,1,0,0,0,0,0
SLB STK SMART,20150325,121939,83.44,1,0,0,0,0,0
SLB STK SMART,20150325,121952,83.42,1,0,0,0,0,0
SLB STK SMART,20150325,122004,83.4,1,0,0,0,0,0
SLB STK SMART,20150325,122014,83.32,1,0,0,0,0,0
SLB STK SMART,20150325,122018,83.33,1,0,0,0,0,0
SLB STK SMART,20150325,122034,83.35,1,0,0,0,0,0
SLB STK SMART,20150325,122042,83.34,1,0,0,0,0,0
SLB STK SMART,20150325,122053,83.35,2,0,0,0,0,0
SLB STK SMART,20150325,122059,83.35,1,0,0,0,0,0
SLB STK SMART,20150325,122116,83.36,1,0,0,0,0,0
SLB STK SMART,20150325,122133,83.36,1,0,0,0,0,0
SLB STK SMART,20150325,122144,83.35,1,0,0,0,0,0
SLB STK SMART,20150325,122151,83.31,1,0,0,0,0,0
SLB STK SMART,20150325,122157,83.32,1,0,0,0,0,0
SLB STK SMART,20150325,122212,83.34,1,0,0,0,0,0
SLB STK SMART,20150325,122223,83.3,1,0,0,0,0,0
SLB STK SMART,20150325,122228,83.28,1,0,0,0,0,0
SLB STK SMART,20150325,122243,83.31,1,0,0,0,0,0
SLB STK SMART,20150325,122253,83.29,1,0,0,0,0,0
SLB STK SMART,20150325,122255,83.3,1,0,0,0,0,0
SLB STK SMART,20150325,122313,83.29,1,0,0,0,0,0
SLB STK SMART,20150325,122324,83.3,1,0,0,0,0,0
SLB STK SMART,20150325,122331,83.28,1,0,0,0,0,0
SLB STK SMART,20150325,122350,83.24,1,0,0,0,0,0
SLB STK SMART,20150325,122359,83.27,1,0,0,0,0,0
SLB STK SMART,20150325,122423,83.27,1,0,0,0,0,0
SLB STK SMART,20150325,122443,83.27,1,0,0,0,0,0
SLB STK SMART,20150325,122502,83.26,1,0,0,0,0,0
SLB STK SMART,20150325,122509,83.27,1,0,0,0,0,0
SLB STK SMART,20150325,122534,83.32,1,0,0,0,0,0
SLB STK SMART,20150325,122539,83.31,1,0,0,0,0,0
SLB STK SMART,20150325,122554,83.31,2,0,0,0,0,0
SLB STK SMART,20150325,122603,83.34,1,0,0,0,0,0
SLB STK SMART,20150325,122607,83.33,1,0,0,0,0,0
SLB STK SMART,20150325,122617,83.34,1,0,0,0,0,0
SLB STK SMART,20150325,122634,83.35,1,0,0,0,0,0
SLB STK SMART,20150325,122643,83.35,1,0,0,0,0,0
SLB STK SMART,20150325,122651,83.36,1,0,0,0,0,0
SLB STK SMART,20150325,122709,83.35,1,0,0,0,0,0
SLB STK SMART,20150325,122721,83.35,1,0,0,0,0,0
SLB STK SMART,20150325,122735,83.37,1,0,0,0,0,0
SLB STK SMART,20150325,122752,83.39,1,0,0,0,0,0
SLB STK SMART,20150325,122759,83.38,1,0,0,0,0,0
SLB STK SMART,20150325,122821,83.39,1,0,0,0,0,0
SLB STK SMART,20150325,122828,83.39,1,0,0,0,0,0
SLB STK SMART,20150325,122854,83.42,1,0,0,0,0,0
SLB STK SMART,20150325,122904,83.4,1,0,0,0,0,0
SLB STK SMART,20150325,122906,83.4,1,0,0,0,0,0
SLB STK SMART,20150325,122920,83.42,1,0,0,0,0,0
SLB STK SMART,20150325,122930,83.43,1,0,0,0,0,0
SLB STK SMART,20150325,122941,83.41,1,0,0,0,0,0
SLB STK SMART,20150325,122949,83.37,1,0,0,0,0,0
SLB STK SMART,20150325,123002,83.38,1,0,0,0,0,0
SLB STK SMART,20150325,123011,83.37,3,0,0,0,0,0
SLB STK SMART,20150325,123021,83.36,1,0,0,0,0,0
SLB STK SMART,20150325,123034,83.33,1,0,0,0,0,0
SLB STK SMART,20150325,123043,83.32,1,0,0,0,0,0
SLB STK SMART,20150325,123051,83.35,1,0,0,0,0,0
SLB STK SMART,20150325,123101,83.36,1,0,0,0,0,0
SLB STK SMART,20150325,123105,83.35,1,0,0,0,0,0
SLB STK SMART,20150325,123124,83.34,1,0,0,0,0,0
SLB STK SMART,20150325,123129,83.35,1,0,0,0,0,0
SLB STK SMART,20150325,123144,83.36,1,0,0,0,0,0
SLB STK SMART,20150325,123201,83.36,1,0,0,0,0,0
SLB STK SMART,20150325,123206,83.38,1,0,0,0,0,0
SLB STK SMART,20150325,123224,83.38,1,0,0,0,0,0
SLB STK SMART,20150325,123233,83.37,1,0,0,0,0,0
SLB STK SMART,20150325,123252,83.38,1,0,0,0,0,0
SLB STK SMART,20150325,123259,83.39,6,0,0,0,0,0
SLB STK SMART,20150325,123311,83.39,1,0,0,0,0,0
SLB STK SMART,20150325,123322,83.37,1,0,0,0,0,0
SLB STK SMART,20150325,123329,83.36,1,0,0,0,0,0
SLB STK SMART,20150325,123340,83.36,1,0,0,0,0,0
SLB STK SMART,20150325,123354,83.36,1,0,0,0,0,0
SLB STK SMART,20150325,123404,83.4,1,0,0,0,0,0
SLB STK SMART,20150325,123413,83.4,2,0,0,0,0,0
SLB STK SMART,20150325,123420,83.41,1,0,0,0,0,0
SLB STK SMART,20150325,123434,83.39,1,0,0,0,0,0
SLB STK SMART,20150325,123442,83.38,1,0,0,0,0,0
SLB STK SMART,20150325,123512,83.39,1,0,0,0,0,0
SLB STK SMART,20150325,123515,83.38,1,0,0,0,0,0
SLB STK SMART,20150325,123533,83.36,1,0,0,0,0,0
SLB STK SMART,20150325,123544,83.34,1,0,0,0,0,0
SLB STK SMART,20150325,123547,83.35,1,0,0,0,0,0
SLB STK SMART,20150325,123559,83.36,1,0,0,0,0,0
SLB STK SMART,20150325,123608,83.34,1,0,0,0,0,0
SLB STK SMART,20150325,123625,83.36,2,0,0,0,0,0
SLB STK SMART,20150325,123631,83.39,1,0,0,0,0,0
SLB STK SMART,20150325,123647,83.4,2,0,0,0,0,0
SLB STK SMART,20150325,123705,83.42,1,0,0,0,0,0
SLB STK SMART,20150325,123707,83.41,1,0,0,0,0,0
SLB STK SMART,20150325,123724,83.43,1,0,0,0,0,0
SLB STK SMART,20150325,123734,83.39,1,0,0,0,0,0
SLB STK SMART,20150325,123743,83.38,1,0,0,0,0,0
SLB STK SMART,20150325,123748,83.4,1,0,0,0,0,0
SLB STK SMART,20150325,123803,83.43,1,0,0,0,0,0
SLB STK SMART,20150325,123813,83.45,1,0,0,0,0,0
SLB STK SMART,20150325,123825,83.43,1,0,0,0,0,0
SLB STK SMART,20150325,123834,83.47,1,0,0,0,0,0
SLB STK SMART,20150325,123843,83.5,1,0,0,0,0,0
SLB STK SMART,20150325,123851,83.48,1,0,0,0,0,0
SLB STK SMART,20150325,123905,83.48,1,0,0,0,0,0
SLB STK SMART,20150325,123912,83.48,1,0,0,0,0,0
SLB STK SMART,20150325,123941,83.46,1,0,0,0,0,0
SLB STK SMART,20150325,123950,83.44,2,0,0,0,0,0
SLB STK SMART,20150325,124003,83.43,1,0,0,0,0,0
SLB STK SMART,20150325,124011,83.42,1,0,0,0,0,0
SLB STK SMART,20150325,124023,83.43,1,0,0,0,0,0
SLB STK SMART,20150325,124032,83.41,1,0,0,0,0,0
SLB STK SMART,20150325,124039,83.42,1,0,0,0,0,0
SLB STK SMART,20150325,124055,83.41,5,0,0,0,0,0
SLB STK SMART,20150325,124105,83.41,1,0,0,0,0,0
SLB STK SMART,20150325,124109,83.4,1,0,0,0,0,0
SLB STK SMART,20150325,124125,83.38,1,0,0,0,0,0
SLB STK SMART,20150325,124133,83.37,1,0,0,0,0,0
SLB STK SMART,20150325,124155,83.36,5,0,0,0,0,0
SLB STK SMART,20150325,124205,83.37,1,0,0,0,0,0
SLB STK SMART,20150325,124223,83.32,1,0,0,0,0,0
SLB STK SMART,20150325,124234,83.32,1,0,0,0,0,0
SLB STK SMART,20150325,124241,83.31,2,0,0,0,0,0
SLB STK SMART,20150325,124249,83.32,1,0,0,0,0,0
SLB STK SMART,20150325,124315,83.33,1,0,0,0,0,0
SLB STK SMART,20150325,124324,83.3,1,0,0,0,0,0
SLB STK SMART,20150325,124348,83.3,1,0,0,0,0,0
SLB STK SMART,20150325,124400,83.29,1,0,0,0,0,0
SLB STK SMART,20150325,124412,83.3,1,0,0,0,0,0
SLB STK SMART,20150325,124427,83.31,1,0,0,0,0,0
SLB STK SMART,20150325,124441,83.34,1,0,0,0,0,0
SLB STK SMART,20150325,124449,83.34,1,0,0,0,0,0
SLB STK SMART,20150325,124503,83.36,1,0,0,0,0,0
SLB STK SMART,20150325,124515,83.38,1,0,0,0,0,0
SLB STK SMART,20150325,124517,83.34,1,0,0,0,0,0
SLB STK SMART,20150325,124554,83.33,1,0,0,0,0,0
SLB STK SMART,20150325,124614,83.34,1,0,0,0,0,0
SLB STK SMART,20150325,124624,83.33,1,0,0,0,0,0
SLB STK SMART,20150325,124636,83.36,1,0,0,0,0,0
SLB STK SMART,20150325,124652,83.37,1,0,0,0,0,0
SLB STK SMART,20150325,124715,83.39,1,0,0,0,0,0
SLB STK SMART,20150325,124725,83.4,1,0,0,0,0,0
SLB STK SMART,20150325,124733,83.41,1,0,0,0,0,0
SLB STK SMART,20150325,124754,83.41,1,0,0,0,0,0
SLB STK SMART,20150325,124758,83.41,1,0,0,0,0,0
SLB STK SMART,20150325,124814,83.4,3,0,0,0,0,0
SLB STK SMART,20150325,124833,83.38,2,0,0,0,0,0
SLB STK SMART,20150325,124840,83.37,1,0,0,0,0,0
SLB STK SMART,20150325,124852,83.38,1,0,0,0,0,0
SLB STK SMART,20150325,124902,83.4,1,0,0,0,0,0
SLB STK SMART,20150325,124910,83.39,1,0,0,0,0,0
SLB STK SMART,20150325,124927,83.41,1,0,0,0,0,0
SLB STK SMART,20150325,124943,83.41,1,0,0,0,0,0
SLB STK SMART,20150325,124953,83.41,1,0,0,0,0,0
SLB STK SMART,20150325,125000,83.42,1,0,0,0,0,0
SLB STK SMART,20150325,125011,83.42,1,0,0,0,0,0
SLB STK SMART,20150325,125042,83.46,1,0,0,0,0,0
SLB STK SMART,20150325,125048,83.47,1,0,0,0,0,0
SLB STK SMART,20150325,125105,83.44,1,0,0,0,0,0
SLB STK SMART,20150325,125120,83.45,1,0,0,0,0,0
SLB STK SMART,20150325,125134,83.46,1,0,0,0,0,0
SLB STK SMART,20150325,125142,83.46,1,0,0,0,0,0
SLB STK SMART,20150325,125151,83.46,1,0,0,0,0,0
SLB STK SMART,20150325,125201,83.44,1,0,0,0,0,0
SLB STK SMART,20150325,125209,83.43,1,0,0,0,0,0
SLB STK SMART,20150325,125219,83.42,1,0,0,0,0,0
SLB STK SMART,20150325,125232,83.43,2,0,0,0,0,0
SLB STK SMART,20150325,125237,83.44,1,0,0,0,0,0
SLB STK SMART,20150325,125258,83.45,1,0,0,0,0,0
SLB STK SMART,20150325,125315,83.45,1,0,0,0,0,0
SLB STK SMART,20150325,125321,83.46,1,0,0,0,0,0
SLB STK SMART,20150325,125326,83.47,1,0,0,0,0,0
SLB STK SMART,20150325,125355,83.49,1,0,0,0,0,0
SLB STK SMART,20150325,125411,83.49,1,0,0,0,0,0
SLB STK SMART,20150325,125440,83.47,1,0,0,0,0,0
SLB STK SMART,20150325,125447,83.49,2,0,0,0,0,0
SLB STK SMART,20150325,125515,83.53,1,0,0,0,0,0
SLB STK SMART,20150325,125522,83.53,1,0,0,0,0,0
SLB STK SMART,20150325,125527,83.52,1,0,0,0,0,0
SLB STK SMART,20150325,125548,83.53,1,0,0,0,0,0
SLB STK SMART,20150325,125603,83.54,1,0,0,0,0,0
SLB STK SMART,20150325,125618,83.53,1,0,0,0,0,0
SLB STK SMART,20150325,125633,83.54,1,0,0,0,0,0
SLB STK SMART,20150325,125653,83.55,1,0,0,0,0,0
SLB STK SMART,20150325,125706,83.54,1,0,0,0,0,0
SLB STK SMART,20150325,125741,83.56,1,0,0,0,0,0
SLB STK SMART,20150325,125804,83.57,1,0,0,0,0,0
SLB STK SMART,20150325,125812,83.58,1,0,0,0,0,0
SLB STK SMART,20150325,125824,83.59,1,0,0,0,0,0
SLB STK SMART,20150325,125835,83.62,9,0,0,0,0,0
SLB STK SMART,20150325,125844,83.6,1,0,0,0,0,0
SLB STK SMART,20150325,125856,83.59,1,0,0,0,0,0
SLB STK SMART,20150325,125902,83.6,1,0,0,0,0,0
SLB STK SMART,20150325,125915,83.6,1,0,0,0,0,0
SLB STK SMART,20150325,125935,83.59,1,0,0,0,0,0
SLB STK SMART,20150325,125945,83.57,2,0,0,0,0,0
SLB STK SMART,20150325,125948,83.58,1,0,0,0,0,0
SLB STK SMART,20150325,130010,83.59,1,0,0,0,0,0
SLB STK SMART,20150325,130020,83.59,1,0,0,0,0,0
SLB STK SMART,20150325,130032,83.58,1,0,0,0,0,0
SLB STK SMART,20150325,130045,83.6,1,0,0,0,0,0
SLB STK SMART,20150325,130055,83.58,1,0,0,0,0,0
SLB STK SMART,20150325,130106,83.56,10,0,0,0,0,0
SLB STK SMART,20150325,130112,83.54,1,0,0,0,0,0
SLB STK SMART,20150325,130132,83.52,1,0,0,0,0,0
SLB STK SMART,20150325,130147,83.51,1,0,0,0,0,0
SLB STK SMART,20150325,130203,83.56,1,0,0,0,0,0
SLB STK SMART,20150325,130209,83.57,1,0,0,0,0,0
SLB STK SMART,20150325,130226,83.58,1,0,0,0,0,0
SLB STK SMART,20150325,130227,83.57,1,0,0,0,0,0
SLB STK SMART,20150325,130245,83.59,1,0,0,0,0,0
SLB STK SMART,20150325,130252,83.61,1,0,0,0,0,0
SLB STK SMART,20150325,130322,83.6,1,0,0,0,0,0
SLB STK SMART,20150325,130332,83.64,1,0,0,0,0,0
SLB STK SMART,20150325,130343,83.65,1,0,0,0,0,0
SLB STK SMART,20150325,130353,83.66,1,0,0,0,0,0
SLB STK SMART,20150325,130401,83.65,1,0,0,0,0,0
SLB STK SMART,20150325,130422,83.67,1,0,0,0,0,0
SLB STK SMART,20150325,130432,83.69,1,0,0,0,0,0
SLB STK SMART,20150325,130442,83.68,1,0,0,0,0,0
SLB STK SMART,20150325,130454,83.65,1,0,0,0,0,0
SLB STK SMART,20150325,130505,83.62,1,0,0,0,0,0
SLB STK SMART,20150325,130508,83.61,1,0,0,0,0,0
SLB STK SMART,20150325,130525,83.63,1,0,0,0,0,0
SLB STK SMART,20150325,130541,83.64,1,0,0,0,0,0
SLB STK SMART,20150325,130552,83.62,1,0,0,0,0,0
SLB STK SMART,20150325,130644,83.63,1,0,0,0,0,0
SLB STK SMART,20150325,130704,83.64,1,0,0,0,0,0
SLB STK SMART,20150325,130722,83.65,1,0,0,0,0,0
SLB STK SMART,20150325,130729,83.63,1,0,0,0,0,0
SLB STK SMART,20150325,130746,83.62,1,0,0,0,0,0
SLB STK SMART,20150325,130756,83.64,1,0,0,0,0,0
SLB STK SMART,20150325,130851,83.66,1,0,0,0,0,0
SLB STK SMART,20150325,130916,83.65,1,0,0,0,0,0
SLB STK SMART,20150325,130918,83.64,1,0,0,0,0,0
SLB STK SMART,20150325,130928,83.63,1,0,0,0,0,0
SLB STK SMART,20150325,130940,83.62,1,0,0,0,0,0
SLB STK SMART,20150325,130955,83.61,1,0,0,0,0,0
SLB STK SMART,20150325,131002,83.62,1,0,0,0,0,0
SLB STK SMART,20150325,131009,83.61,1,0,0,0,0,0
SLB STK SMART,20150325,131044,83.61,1,0,0,0,0,0
SLB STK SMART,20150325,131053,83.61,1,0,0,0,0,0
SLB STK SMART,20150325,131125,83.6,1,0,0,0,0,0
SLB STK SMART,20150325,131136,83.57,1,0,0,0,0,0
SLB STK SMART,20150325,131143,83.57,1,0,0,0,0,0
SLB STK SMART,20150325,131156,83.56,1,0,0,0,0,0
SLB STK SMART,20150325,131204,83.55,1,0,0,0,0,0
SLB STK SMART,20150325,131214,83.56,1,0,0,0,0,0
SLB STK SMART,20150325,131218,83.57,1,0,0,0,0,0
SLB STK SMART,20150325,131232,83.56,1,0,0,0,0,0
SLB STK SMART,20150325,131251,83.57,1,0,0,0,0,0
SLB STK SMART,20150325,131302,83.58,1,0,0,0,0,0
SLB STK SMART,20150325,131316,83.57,1,0,0,0,0,0
SLB STK SMART,20150325,131323,83.53,1,0,0,0,0,0
SLB STK SMART,20150325,131336,83.55,1,0,0,0,0,0
SLB STK SMART,20150325,131346,83.56,1,0,0,0,0,0
SLB STK SMART,20150325,131352,83.57,1,0,0,0,0,0
SLB STK SMART,20150325,131404,83.58,1,0,0,0,0,0
SLB STK SMART,20150325,131433,83.57,1,0,0,0,0,0
SLB STK SMART,20150325,131502,83.56,1,0,0,0,0,0
SLB STK SMART,20150325,131516,83.53,1,0,0,0,0,0
SLB STK SMART,20150325,131525,83.54,1,0,0,0,0,0
SLB STK SMART,20150325,131529,83.55,1,0,0,0,0,0
SLB STK SMART,20150325,131547,83.54,1,0,0,0,0,0
SLB STK SMART,20150325,131558,83.53,1,0,0,0,0,0
SLB STK SMART,20150325,131615,83.51,1,0,0,0,0,0
SLB STK SMART,20150325,131621,83.51,1,0,0,0,0,0
SLB STK SMART,20150325,131637,83.54,2,0,0,0,0,0
SLB STK SMART,20150325,131638,83.56,1,0,0,0,0,0
SLB STK SMART,20150325,131659,83.54,1,0,0,0,0,0
SLB STK SMART,20150325,131722,83.55,2,0,0,0,0,0
SLB STK SMART,20150325,131733,83.56,1,0,0,0,0,0
SLB STK SMART,20150325,131744,83.56,1,0,0,0,0,0
SLB STK SMART,20150325,131756,83.55,1,0,0,0,0,0
SLB STK SMART,20150325,131807,83.56,1,0,0,0,0,0
SLB STK SMART,20150325,131816,83.53,1,0,0,0,0,0
SLB STK SMART,20150325,131827,83.55,1,0,0,0,0,0
SLB STK SMART,20150325,131833,83.57,1,0,0,0,0,0
SLB STK SMART,20150325,131845,83.58,1,0,0,0,0,0
SLB STK SMART,20150325,131858,83.59,1,0,0,0,0,0
SLB STK SMART,20150325,131914,83.58,1,0,0,0,0,0
SLB STK SMART,20150325,131921,83.59,1,0,0,0,0,0
SLB STK SMART,20150325,131945,83.57,5,0,0,0,0,0
SLB STK SMART,20150325,131959,83.59,1,0,0,0,0,0
SLB STK SMART,20150325,132016,83.58,1,0,0,0,0,0
SLB STK SMART,20150325,132023,83.6,1,0,0,0,0,0
SLB STK SMART,20150325,132034,83.64,1,0,0,0,0,0
SLB STK SMART,20150325,132044,83.64,2,0,0,0,0,0
SLB STK SMART,20150325,132106,83.65,1,0,0,0,0,0
SLB STK SMART,20150325,132117,83.66,1,0,0,0,0,0
SLB STK SMART,20150325,132122,83.66,1,0,0,0,0,0
SLB STK SMART,20150325,132145,83.64,1,0,0,0,0,0
SLB STK SMART,20150325,132151,83.62,1,0,0,0,0,0
SLB STK SMART,20150325,132204,83.63,1,0,0,0,0,0
SLB STK SMART,20150325,132211,83.64,1,0,0,0,0,0
SLB STK SMART,20150325,132243,83.68,1,0,0,0,0,0
SLB STK SMART,20150325,132257,83.7,1,0,0,0,0,0
SLB STK SMART,20150325,132303,83.72,1,0,0,0,0,0
SLB STK SMART,20150325,132317,83.72,1,0,0,0,0,0
SLB STK SMART,20150325,132318,83.7,1,0,0,0,0,0
SLB STK SMART,20150325,132336,83.7,1,0,0,0,0,0
SLB STK SMART,20150325,132347,83.73,1,0,0,0,0,0
SLB STK SMART,20150325,132406,83.73,1,0,0,0,0,0
SLB STK SMART,20150325,132415,83.75,3,0,0,0,0,0
SLB STK SMART,20150325,132425,83.79,10,0,0,0,0,0
SLB STK SMART,20150325,132431,83.78,1,0,0,0,0,0
SLB STK SMART,20150325,132456,83.8,1,0,0,0,0,0
SLB STK SMART,20150325,132516,83.82,1,0,0,0,0,0
SLB STK SMART,20150325,132525,83.84,1,0,0,0,0,0
SLB STK SMART,20150325,132529,83.83,1,0,0,0,0,0
SLB STK SMART,20150325,132541,83.84,1,0,0,0,0,0
SLB STK SMART,20150325,132554,83.83,1,0,0,0,0,0
SLB STK SMART,20150325,132604,83.82,1,0,0,0,0,0
SLB STK SMART,20150325,132611,83.84,1,0,0,0,0,0
SLB STK SMART,20150325,132625,83.86,1,0,0,0,0,0
SLB STK SMART,20150325,132656,83.86,1,0,0,0,0,0
SLB STK SMART,20150325,132705,83.85,2,0,0,0,0,0
SLB STK SMART,20150325,132715,83.85,1,0,0,0,0,0
SLB STK SMART,20150325,132725,83.87,1,0,0,0,0,0
SLB STK SMART,20150325,132735,83.88,1,0,0,0,0,0
SLB STK SMART,20150325,132742,83.87,1,0,0,0,0,0
SLB STK SMART,20150325,132756,83.89,1,0,0,0,0,0
SLB STK SMART,20150325,132802,83.9,1,0,0,0,0,0
SLB STK SMART,20150325,132822,83.91,1,0,0,0,0,0
SLB STK SMART,20150325,132834,83.91,1,0,0,0,0,0
SLB STK SMART,20150325,132917,83.9,1,0,0,0,0,0
SLB STK SMART,20150325,132926,83.88,2,0,0,0,0,0
SLB STK SMART,20150325,132936,83.89,1,0,0,0,0,0
SLB STK SMART,20150325,132946,83.87,1,0,0,0,0,0
SLB STK SMART,20150325,132957,83.9,1,0,0,0,0,0
SLB STK SMART,20150325,133007,83.9,1,0,0,0,0,0
SLB STK SMART,20150325,133014,83.9,1,0,0,0,0,0
SLB STK SMART,20150325,133025,83.9,2,0,0,0,0,0
SLB STK SMART,20150325,133029,83.89,1,0,0,0,0,0
SLB STK SMART,20150325,133052,83.9,1,0,0,0,0,0
SLB STK SMART,20150325,133106,83.91,1,0,0,0,0,0
SLB STK SMART,20150325,133117,83.9,1,0,0,0,0,0
SLB STK SMART,20150325,133127,83.91,1,0,0,0,0,0
SLB STK SMART,20150325,133128,83.9,1,0,0,0,0,0
SLB STK SMART,20150325,133141,83.88,1,0,0,0,0,0
SLB STK SMART,20150325,133200,83.87,1,0,0,0,0,0
SLB STK SMART,20150325,133224,83.86,1,0,0,0,0,0
SLB STK SMART,20150325,133233,83.86,1,0,0,0,0,0
SLB STK SMART,20150325,133241,83.85,1,0,0,0,0,0
SLB STK SMART,20150325,133258,83.84,1,0,0,0,0,0
SLB STK SMART,20150325,133303,83.81,1,0,0,0,0,0
SLB STK SMART,20150325,133322,83.82,2,0,0,0,0,0
SLB STK SMART,20150325,133334,83.83,1,0,0,0,0,0
SLB STK SMART,20150325,133349,83.82,1,0,0,0,0,0
SLB STK SMART,20150325,133402,83.85,1,0,0,0,0,0
SLB STK SMART,20150325,133409,83.85,1,0,0,0,0,0
SLB STK SMART,20150325,133425,83.87,1,0,0,0,0,0
SLB STK SMART,20150325,133432,83.86,1,0,0,0,0,0
SLB STK SMART,20150325,133444,83.86,1,0,0,0,0,0
SLB STK SMART,20150325,133457,83.86,1,0,0,0,0,0
SLB STK SMART,20150325,133511,83.85,1,0,0,0,0,0
SLB STK SMART,20150325,133539,83.86,1,0,0,0,0,0
SLB STK SMART,20150325,133558,83.83,1,0,0,0,0,0
SLB STK SMART,20150325,133621,83.83,1,0,0,0,0,0
SLB STK SMART,20150325,133635,83.82,1,0,0,0,0,0
SLB STK SMART,20150325,133651,83.81,1,0,0,0,0,0
SLB STK SMART,20150325,133703,83.82,1,0,0,0,0,0
SLB STK SMART,20150325,133715,83.8,1,0,0,0,0,0
SLB STK SMART,20150325,133725,83.81,1,0,0,0,0,0
SLB STK SMART,20150325,133732,83.82,1,0,0,0,0,0
SLB STK SMART,20150325,133742,83.84,1,0,0,0,0,0
SLB STK SMART,20150325,133753,83.86,1,0,0,0,0,0
SLB STK SMART,20150325,133805,83.88,1,0,0,0,0,0
SLB STK SMART,20150325,133818,83.93,1,0,0,0,0,0
SLB STK SMART,20150325,133827,83.92,1,0,0,0,0,0
SLB STK SMART,20150325,133835,83.92,1,0,0,0,0,0
SLB STK SMART,20150325,133847,83.91,1,0,0,0,0,0
SLB STK SMART,20150325,133921,83.88,1,0,0,0,0,0
SLB STK SMART,20150325,133937,83.87,1,0,0,0,0,0
SLB STK SMART,20150325,133946,83.85,1,0,0,0,0,0
SLB STK SMART,20150325,133955,83.85,1,0,0,0,0,0
SLB STK SMART,20150325,134003,83.87,1,0,0,0,0,0
SLB STK SMART,20150325,134017,83.86,1,0,0,0,0,0
SLB STK SMART,20150325,134029,83.87,1,0,0,0,0,0
SLB STK SMART,20150325,134048,83.85,1,0,0,0,0,0
SLB STK SMART,20150325,134055,83.87,1,0,0,0,0,0
SLB STK SMART,20150325,134104,83.86,1,0,0,0,0,0
SLB STK SMART,20150325,134135,83.87,1,0,0,0,0,0
SLB STK SMART,20150325,134156,83.87,2,0,0,0,0,0
SLB STK SMART,20150325,134214,83.87,1,0,0,0,0,0
SLB STK SMART,20150325,134228,83.89,1,0,0,0,0,0
SLB STK SMART,20150325,134237,83.9,1,0,0,0,0,0
SLB STK SMART,20150325,134247,83.89,1,0,0,0,0,0
SLB STK SMART,20150325,134255,83.89,1,0,0,0,0,0
SLB STK SMART,20150325,134301,83.91,1,0,0,0,0,0
SLB STK SMART,20150325,134318,83.89,1,0,0,0,0,0
SLB STK SMART,20150325,134330,83.88,1,0,0,0,0,0
SLB STK SMART,20150325,134346,83.91,1,0,0,0,0,0
SLB STK SMART,20150325,134355,83.93,1,0,0,0,0,0
SLB STK SMART,20150325,134407,83.89,1,0,0,0,0,0
SLB STK SMART,20150325,134409,83.9,1,0,0,0,0,0
SLB STK SMART,20150325,134422,83.91,1,0,0,0,0,0
SLB STK SMART,20150325,134435,83.91,1,0,0,0,0,0
SLB STK SMART,20150325,134448,83.92,1,0,0,0,0,0
SLB STK SMART,20150325,134506,83.92,1,0,0,0,0,0
SLB STK SMART,20150325,134533,83.91,1,0,0,0,0,0
SLB STK SMART,20150325,134548,83.91,1,0,0,0,0,0
SLB STK SMART,20150325,134558,83.92,1,0,0,0,0,0
SLB STK SMART,20150325,134604,83.91,1,0,0,0,0,0
SLB STK SMART,20150325,134618,83.93,1,0,0,0,0,0
SLB STK SMART,20150325,134626,83.91,1,0,0,0,0,0
SLB STK SMART,20150325,134631,83.92,1,0,0,0,0,0
SLB STK SMART,20150325,134647,83.92,1,0,0,0,0,0
SLB STK SMART,20150325,134656,83.88,1,0,0,0,0,0
SLB STK SMART,20150325,134704,83.89,1,0,0,0,0,0
SLB STK SMART,20150325,134710,83.9,1,0,0,0,0,0
SLB STK SMART,20150325,134746,83.89,1,0,0,0,0,0
SLB STK SMART,20150325,134755,83.91,1,0,0,0,0,0
SLB STK SMART,20150325,134807,83.93,1,0,0,0,0,0
SLB STK SMART,20150325,134811,83.95,1,0,0,0,0,0
SLB STK SMART,20150325,134819,83.94,1,0,0,0,0,0
SLB STK SMART,20150325,134838,83.93,1,0,0,0,0,0
SLB STK SMART,20150325,134905,83.92,1,0,0,0,0,0
SLB STK SMART,20150325,134919,83.91,1,0,0,0,0,0
SLB STK SMART,20150325,134923,83.93,1,0,0,0,0,0
SLB STK SMART,20150325,134937,83.93,1,0,0,0,0,0
SLB STK SMART,20150325,134948,83.9,1,0,0,0,0,0
SLB STK SMART,20150325,135013,83.89,1,0,0,0,0,0
SLB STK SMART,20150325,135026,83.85,1,0,0,0,0,0
SLB STK SMART,20150325,135035,83.86,1,0,0,0,0,0
SLB STK SMART,20150325,135047,83.87,1,0,0,0,0,0
SLB STK SMART,20150325,135058,83.87,1,0,0,0,0,0
SLB STK SMART,20150325,135118,83.88,1,0,0,0,0,0
SLB STK SMART,20150325,135132,83.89,1,0,0,0,0,0
SLB STK SMART,20150325,135146,83.9,1,0,0,0,0,0
SLB STK SMART,20150325,135155,83.9,1,0,0,0,0,0
SLB STK SMART,20150325,135215,83.92,1,0,0,0,0,0
SLB STK SMART,20150325,135220,83.93,1,0,0,0,0,0
SLB STK SMART,20150325,135235,83.91,1,0,0,0,0,0
SLB STK SMART,20150325,135248,83.95,1,0,0,0,0,0
SLB STK SMART,20150325,135257,83.95,1,0,0,0,0,0
SLB STK SMART,20150325,135300,83.95,1,0,0,0,0,0
SLB STK SMART,20150325,135315,83.94,1,0,0,0,0,0
SLB STK SMART,20150325,135326,83.95,1,0,0,0,0,0
SLB STK SMART,20150325,135335,83.96,1,0,0,0,0,0
SLB STK SMART,20150325,135345,83.98,1,0,0,0,0,0
SLB STK SMART,20150325,135356,83.95,1,0,0,0,0,0
SLB STK SMART,20150325,135400,83.94,1,0,0,0,0,0
SLB STK SMART,20150325,135418,83.96,1,0,0,0,0,0
SLB STK SMART,20150325,135436,83.95,1,0,0,0,0,0
SLB STK SMART,20150325,135448,83.96,1,0,0,0,0,0
SLB STK SMART,20150325,135457,83.95,1,0,0,0,0,0
SLB STK SMART,20150325,135500,83.94,1,0,0,0,0,0
SLB STK SMART,20150325,135514,83.93,1,0,0,0,0,0
SLB STK SMART,20150325,135548,83.92,1,0,0,0,0,0
SLB STK SMART,20150325,135556,83.91,1,0,0,0,0,0
SLB STK SMART,20150325,135605,83.91,1,0,0,0,0,0
SLB STK SMART,20150325,135622,83.9,1,0,0,0,0,0
SLB STK SMART,20150325,135635,83.91,1,0,0,0,0,0
SLB STK SMART,20150325,135646,83.92,1,0,0,0,0,0
SLB STK SMART,20150325,135656,83.94,1,0,0,0,0,0
SLB STK SMART,20150325,135705,83.93,1,0,0,0,0,0
SLB STK SMART,20150325,135710,83.93,1,0,0,0,0,0
SLB STK SMART,20150325,135730,83.94,1,0,0,0,0,0
SLB STK SMART,20150325,135753,83.93,1,0,0,0,0,0
SLB STK SMART,20150325,135804,83.92,1,0,0,0,0,0
SLB STK SMART,20150325,135814,83.91,1,0,0,0,0,0
SLB STK SMART,20150325,135827,83.91,1,0,0,0,0,0
SLB STK SMART,20150325,135849,83.94,1,0,0,0,0,0
SLB STK SMART,20150325,135851,83.95,1,0,0,0,0,0
SLB STK SMART,20150325,135908,83.98,1,0,0,0,0,0
SLB STK SMART,20150325,135927,83.95,1,0,0,0,0,0
SLB STK SMART,20150325,135936,83.91,1,0,0,0,0,0
SLB STK SMART,20150325,135947,83.87,1,0,0,0,0,0
SLB STK SMART,20150325,135953,83.88,1,0,0,0,0,0
SLB STK SMART,20150325,140017,83.87,1,0,0,0,0,0
SLB STK SMART,20150325,140049,83.87,1,0,0,0,0,0
SLB STK SMART,20150325,140058,83.86,1,0,0,0,0,0
SLB STK SMART,20150325,140109,83.87,1,0,0,0,0,0
SLB STK SMART,20150325,140118,83.89,1,0,0,0,0,0
SLB STK SMART,20150325,140119,83.9,1,0,0,0,0,0
SLB STK SMART,20150325,140132,83.89,1,0,0,0,0,0
SLB STK SMART,20150325,140141,83.88,1,0,0,0,0,0
SLB STK SMART,20150325,140154,83.87,1,0,0,0,0,0
SLB STK SMART,20150325,140201,83.88,1,0,0,0,0,0
SLB STK SMART,20150325,140220,83.89,1,0,0,0,0,0
SLB STK SMART,20150325,140248,83.89,1,0,0,0,0,0
SLB STK SMART,20150325,140251,83.87,1,0,0,0,0,0
SLB STK SMART,20150325,140314,83.9,1,0,0,0,0,0
SLB STK SMART,20150325,140331,83.89,1,0,0,0,0,0
SLB STK SMART,20150325,140349,83.92,1,0,0,0,0,0
SLB STK SMART,20150325,140352,83.9,1,0,0,0,0,0
SLB STK SMART,20150325,140417,83.91,1,0,0,0,0,0
SLB STK SMART,20150325,140434,83.9,1,0,0,0,0,0
SLB STK SMART,20150325,140452,83.88,1,0,0,0,0,0
SLB STK SMART,20150325,140508,83.89,1,0,0,0,0,0
SLB STK SMART,20150325,140528,83.9,1,0,0,0,0,0
SLB STK SMART,20150325,140547,83.94,1,0,0,0,0,0
SLB STK SMART,20150325,140556,83.94,1,0,0,0,0,0
SLB STK SMART,20150325,140619,83.92,1,0,0,0,0,0
SLB STK SMART,20150325,140635,83.95,1,0,0,0,0,0
SLB STK SMART,20150325,140648,83.95,1,0,0,0,0,0
SLB STK SMART,20150325,140651,83.94,1,0,0,0,0,0
SLB STK SMART,20150325,140704,83.94,1,0,0,0,0,0
SLB STK SMART,20150325,140720,83.95,1,0,0,0,0,0
SLB STK SMART,20150325,140747,83.94,1,0,0,0,0,0
SLB STK SMART,20150325,140800,83.95,1,0,0,0,0,0
SLB STK SMART,20150325,140817,83.96,1,0,0,0,0,0
SLB STK SMART,20150325,140829,83.97,1,0,0,0,0,0
SLB STK SMART,20150325,140834,83.96,1,0,0,0,0,0
SLB STK SMART,20150325,140841,83.95,1,0,0,0,0,0
SLB STK SMART,20150325,140859,83.96,1,0,0,0,0,0
SLB STK SMART,20150325,140906,83.96,1,0,0,0,0,0
SLB STK SMART,20150325,140910,83.95,1,0,0,0,0,0
SLB STK SMART,20150325,140947,83.96,1,0,0,0,0,0
SLB STK SMART,20150325,140958,83.97,1,0,0,0,0,0
SLB STK SMART,20150325,141009,83.98,1,0,0,0,0,0
SLB STK SMART,20150325,141010,83.97,1,0,0,0,0,0
SLB STK SMART,20150325,141056,83.98,1,0,0,0,0,0
SLB STK SMART,20150325,141109,83.99,2,0,0,0,0,0
SLB STK SMART,20150325,141114,83.98,1,0,0,0,0,0
SLB STK SMART,20150325,141120,83.99,1,0,0,0,0,0
SLB STK SMART,20150325,141148,83.94,1,0,0,0,0,0
SLB STK SMART,20150325,141158,83.95,1,0,0,0,0,0
SLB STK SMART,20150325,141220,83.96,1,0,0,0,0,0
SLB STK SMART,20150325,141248,83.91,1,0,0,0,0,0
SLB STK SMART,20150325,141250,83.92,1,0,0,0,0,0
SLB STK SMART,20150325,141303,83.92,2,0,0,0,0,0
SLB STK SMART,20150325,141311,83.94,1,0,0,0,0,0
SLB STK SMART,20150325,141348,83.93,1,0,0,0,0,0
SLB STK SMART,20150325,141407,83.92,1,0,0,0,0,0
SLB STK SMART,20150325,141413,83.92,1,0,0,0,0,0
SLB STK SMART,20150325,141420,83.91,1,0,0,0,0,0
SLB STK SMART,20150325,141448,83.89,1,0,0,0,0,0
SLB STK SMART,20150325,141455,83.88,1,0,0,0,0,0
SLB STK SMART,20150325,141513,83.89,1,0,0,0,0,0
SLB STK SMART,20150325,141527,83.89,1,0,0,0,0,0
SLB STK SMART,20150325,141537,83.9,1,0,0,0,0,0
SLB STK SMART,20150325,141549,83.9,1,0,0,0,0,0
SLB STK SMART,20150325,141617,83.91,1,0,0,0,0,0
SLB STK SMART,20150325,141624,83.92,1,0,0,0,0,0
SLB STK SMART,20150325,141636,83.94,1,0,0,0,0,0
SLB STK SMART,20150325,141645,83.92,1,0,0,0,0,0
SLB STK SMART,20150325,141659,83.93,1,0,0,0,0,0
SLB STK SMART,20150325,141704,83.91,1,0,0,0,0,0
SLB STK SMART,20150325,141732,83.94,1,0,0,0,0,0
SLB STK SMART,20150325,141747,83.92,1,0,0,0,0,0
SLB STK SMART,20150325,141755,83.93,1,0,0,0,0,0
SLB STK SMART,20150325,141805,83.94,1,0,0,0,0,0
SLB STK SMART,20150325,141819,83.92,1,0,0,0,0,0
SLB STK SMART,20150325,141834,83.91,1,0,0,0,0,0
SLB STK SMART,20150325,141857,83.93,1,0,0,0,0,0
SLB STK SMART,20150325,141914,83.94,1,0,0,0,0,0
SLB STK SMART,20150325,141940,83.94,1,0,0,0,0,0
SLB STK SMART,20150325,141950,83.93,1,0,0,0,0,0
SLB STK SMART,20150325,142018,83.89,1,0,0,0,0,0
SLB STK SMART,20150325,142038,83.88,1,0,0,0,0,0
SLB STK SMART,20150325,142048,83.88,1,0,0,0,0,0
SLB STK SMART,20150325,142110,83.9,1,0,0,0,0,0
SLB STK SMART,20150325,142120,83.91,1,0,0,0,0,0
SLB STK SMART,20150325,142135,83.92,1,0,0,0,0,0
SLB STK SMART,20150325,142141,83.93,1,0,0,0,0,0
SLB STK SMART,20150325,142200,83.92,1,0,0,0,0,0
SLB STK SMART,20150325,142248,83.93,1,0,0,0,0,0
SLB STK SMART,20150325,142300,83.93,1,0,0,0,0,0
SLB STK SMART,20150325,142303,83.91,1,0,0,0,0,0
SLB STK SMART,20150325,142316,83.93,1,0,0,0,0,0
SLB STK SMART,20150325,142348,83.92,1,0,0,0,0,0
SLB STK SMART,20150325,142358,83.93,1,0,0,0,0,0
SLB STK SMART,20150325,142417,83.94,1,0,0,0,0,0
SLB STK SMART,20150325,142424,83.94,1,0,0,0,0,0
SLB STK SMART,20150325,142440,83.92,1,0,0,0,0,0
SLB STK SMART,20150325,142450,83.9,1,0,0,0,0,0
SLB STK SMART,20150325,142506,83.88,1,0,0,0,0,0
SLB STK SMART,20150325,142519,83.85,1,0,0,0,0,0
SLB STK SMART,20150325,142529,83.85,1,0,0,0,0,0
SLB STK SMART,20150325,142531,83.84,1,0,0,0,0,0
SLB STK SMART,20150325,142544,83.87,1,0,0,0,0,0
SLB STK SMART,20150325,142627,83.85,1,0,0,0,0,0
SLB STK SMART,20150325,142638,83.86,1,0,0,0,0,0
SLB STK SMART,20150325,142646,83.88,1,0,0,0,0,0
SLB STK SMART,20150325,142700,83.87,1,0,0,0,0,0
SLB STK SMART,20150325,142710,83.84,1,0,0,0,0,0
SLB STK SMART,20150325,142725,83.85,1,0,0,0,0,0
SLB STK SMART,20150325,142739,83.86,1,0,0,0,0,0
SLB STK SMART,20150325,142748,83.86,2,0,0,0,0,0
SLB STK SMART,20150325,142752,83.86,1,0,0,0,0,0
SLB STK SMART,20150325,142802,83.85,1,0,0,0,0,0
SLB STK SMART,20150325,142812,83.85,1,0,0,0,0,0
SLB STK SMART,20150325,142826,83.86,1,0,0,0,0,0
SLB STK SMART,20150325,142840,83.87,1,0,0,0,0,0
SLB STK SMART,20150325,142845,83.89,1,0,0,0,0,0
SLB STK SMART,20150325,142856,83.92,1,0,0,0,0,0
SLB STK SMART,20150325,142901,83.93,1,0,0,0,0,0
SLB STK SMART,20150325,142920,83.95,1,0,0,0,0,0
SLB STK SMART,20150325,142926,83.94,1,0,0,0,0,0
SLB STK SMART,20150325,142941,83.96,1,0,0,0,0,0
SLB STK SMART,20150325,143000,83.95,1,0,0,0,0,0
SLB STK SMART,20150325,143020,83.96,1,0,0,0,0,0
SLB STK SMART,20150325,143029,83.94,1,0,0,0,0,0
SLB STK SMART,20150325,143052,83.93,1,0,0,0,0,0
SLB STK SMART,20150325,143102,83.94,1,0,0,0,0,0
SLB STK SMART,20150325,143117,83.95,1,0,0,0,0,0
SLB STK SMART,20150325,143135,83.96,1,0,0,0,0,0
SLB STK SMART,20150325,143156,83.97,1,0,0,0,0,0
SLB STK SMART,20150325,143208,83.95,1,0,0,0,0,0
SLB STK SMART,20150325,143227,83.92,1,0,0,0,0,0
SLB STK SMART,20150325,143236,83.9,1,0,0,0,0,0
SLB STK SMART,20150325,143257,83.91,1,0,0,0,0,0
SLB STK SMART,20150325,143307,83.9,1,0,0,0,0,0
SLB STK SMART,20150325,143329,83.9,1,0,0,0,0,0
SLB STK SMART,20150325,143356,83.91,1,0,0,0,0,0
SLB STK SMART,20150325,143406,83.9,1,0,0,0,0,0
SLB STK SMART,20150325,143419,83.91,1,0,0,0,0,0
SLB STK SMART,20150325,143422,83.91,1,0,0,0,0,0
SLB STK SMART,20150325,143431,83.9,1,0,0,0,0,0
SLB STK SMART,20150325,143456,83.91,1,0,0,0,0,0
SLB STK SMART,20150325,143514,83.93,1,0,0,0,0,0
SLB STK SMART,20150325,143530,83.95,1,0,0,0,0,0
SLB STK SMART,20150325,143556,83.96,1,0,0,0,0,0
SLB STK SMART,20150325,143624,83.96,1,0,0,0,0,0
SLB STK SMART,20150325,143643,83.95,1,0,0,0,0,0
SLB STK SMART,20150325,143657,83.94,1,0,0,0,0,0
SLB STK SMART,20150325,143732,83.94,3,0,0,0,0,0
SLB STK SMART,20150325,143751,83.98,1,0,0,0,0,0
SLB STK SMART,20150325,143812,83.99,1,0,0,0,0,0
SLB STK SMART,20150325,143904,84,1,0,0,0,0,0
SLB STK SMART,20150325,143915,84,1,0,0,0,0,0
SLB STK SMART,20150325,143931,83.98,1,0,0,0,0,0
SLB STK SMART,20150325,143941,83.98,1,0,0,0,0,0
SLB STK SMART,20150325,143941,83.97,1,0,0,0,0,0
SLB STK SMART,20150325,143959,83.98,1,0,0,0,0,0
SLB STK SMART,20150325,144024,83.99,2,0,0,0,0,0
SLB STK SMART,20150325,144050,83.99,1,0,0,0,0,0
SLB STK SMART,20150325,144058,83.99,1,0,0,0,0,0
SLB STK SMART,20150325,144116,84,1,0,0,0,0,0
SLB STK SMART,20150325,144126,83.99,1,0,0,0,0,0
SLB STK SMART,20150325,144151,83.99,1,0,0,0,0,0
SLB STK SMART,20150325,144155,84,1,0,0,0,0,0
SLB STK SMART,20150325,144228,83.99,1,0,0,0,0,0
SLB STK SMART,20150325,144234,83.97,1,0,0,0,0,0
SLB STK SMART,20150325,144305,83.96,1,0,0,0,0,0
SLB STK SMART,20150325,144319,83.97,1,0,0,0,0,0
SLB STK SMART,20150325,144327,83.96,1,0,0,0,0,0
SLB STK SMART,20150325,144346,83.97,1,0,0,0,0,0
SLB STK SMART,20150325,144421,83.89,1,0,0,0,0,0
SLB STK SMART,20150325,144425,83.88,1,0,0,0,0,0
SLB STK SMART,20150325,144444,83.87,1,0,0,0,0,0
SLB STK SMART,20150325,144459,83.9,1,0,0,0,0,0
SLB STK SMART,20150325,144520,83.89,1,0,0,0,0,0
SLB STK SMART,20150325,144605,83.89,1,0,0,0,0,0
SLB STK SMART,20150325,144620,83.9,1,0,0,0,0,0
SLB STK SMART,20150325,144631,83.89,1,0,0,0,0,0
SLB STK SMART,20150325,144633,83.89,2,0,0,0,0,0
SLB STK SMART,20150325,144647,83.91,1,0,0,0,0,0
SLB STK SMART,20150325,144714,83.92,1,0,0,0,0,0
SLB STK SMART,20150325,144738,83.93,1,0,0,0,0,0
SLB STK SMART,20150325,144759,83.95,1,0,0,0,0,0
SLB STK SMART,20150325,144808,83.94,1,0,0,0,0,0
SLB STK SMART,20150325,144836,83.91,1,0,0,0,0,0
SLB STK SMART,20150325,144846,83.92,1,0,0,0,0,0
SLB STK SMART,20150325,144900,83.92,2,0,0,0,0,0
SLB STK SMART,20150325,144907,83.92,1,0,0,0,0,0
SLB STK SMART,20150325,144920,83.93,1,0,0,0,0,0
SLB STK SMART,20150325,144924,83.92,1,0,0,0,0,0
SLB STK SMART,20150325,144937,83.91,1,0,0,0,0,0
SLB STK SMART,20150325,144957,83.9,1,0,0,0,0,0
SLB STK SMART,20150325,145011,83.9,1,0,0,0,0,0
SLB STK SMART,20150325,145030,83.92,1,0,0,0,0,0
SLB STK SMART,20150325,145051,83.91,3,0,0,0,0,0
SLB STK SMART,20150325,145101,83.93,1,0,0,0,0,0
SLB STK SMART,20150325,145110,83.95,1,0,0,0,0,0
SLB STK SMART,20150325,145120,83.97,2,0,0,0,0,0
SLB STK SMART,20150325,145126,83.99,1,0,0,0,0,0
SLB STK SMART,20150325,145150,83.99,1,0,0,0,0,0
SLB STK SMART,20150325,145156,84,1,0,0,0,0,0
SLB STK SMART,20150325,145208,84.02,2,0,0,0,0,0
SLB STK SMART,20150325,145213,84.02,1,0,0,0,0,0
SLB STK SMART,20150325,145224,84.03,1,0,0,0,0,0
SLB STK SMART,20150325,145238,84.05,1,0,0,0,0,0
SLB STK SMART,20150325,145312,84.06,2,0,0,0,0,0
SLB STK SMART,20150325,145321,84.06,2,0,0,0,0,0
SLB STK SMART,20150325,145326,84.07,1,0,0,0,0,0
SLB STK SMART,20150325,145339,84.08,1,0,0,0,0,0
SLB STK SMART,20150325,145358,84.11,1,0,0,0,0,0
SLB STK SMART,20150325,145440,84.1,1,0,0,0,0,0
SLB STK SMART,20150325,145528,84.08,1,0,0,0,0,0
SLB STK SMART,20150325,145537,84.08,1,0,0,0,0,0
SLB STK SMART,20150325,145547,84.07,1,0,0,0,0,0
SLB STK SMART,20150325,145558,84.08,1,0,0,0,0,0
SLB STK SMART,20150325,145606,84.08,2,0,0,0,0,0
SLB STK SMART,20150325,145614,84.07,1,0,0,0,0,0
SLB STK SMART,20150325,145647,84.06,1,0,0,0,0,0
SLB STK SMART,20150325,145704,84.07,1,0,0,0,0,0
SLB STK SMART,20150325,145712,84.09,1,0,0,0,0,0
SLB STK SMART,20150325,145739,84.08,2,0,0,0,0,0
SLB STK SMART,20150325,145742,84.08,1,0,0,0,0,0
SLB STK SMART,20150325,145756,84.07,1,0,0,0,0,0
SLB STK SMART,20150325,145815,84.03,1,0,0,0,0,0
SLB STK SMART,20150325,145825,84.03,1,0,0,0,0,0
SLB STK SMART,20150325,145847,84.04,1,0,0,0,0,0
SLB STK SMART,20150325,145901,84.06,1,0,0,0,0,0
SLB STK SMART,20150325,145906,84.01,1,0,0,0,0,0
SLB STK SMART,20150325,145915,84,1,0,0,0,0,0
SLB STK SMART,20150325,145925,84.01,2,0,0,0,0,0
SLB STK SMART,20150325,145950,83.93,1,0,0,0,0,0
SLB STK SMART,20150325,145955,83.91,1,0,0,0,0,0
SLB STK SMART,20150325,150021,83.89,1,0,0,0,0,0
SLB STK SMART,20150325,150030,83.89,1,0,0,0,0,0
SLB STK SMART,20150325,150042,83.86,1,0,0,0,0,0
SLB STK SMART,20150325,150048,83.86,1,0,0,0,0,0
SLB STK SMART,20150325,150058,83.88,1,0,0,0,0,0
SLB STK SMART,20150325,150107,83.91,1,0,0,0,0,0
SLB STK SMART,20150325,150115,83.92,1,0,0,0,0,0
SLB STK SMART,20150325,150124,83.91,2,0,0,0,0,0
SLB STK SMART,20150325,150134,83.91,1,0,0,0,0,0
SLB STK SMART,20150325,150150,83.92,1,0,0,0,0,0
SLB STK SMART,20150325,150217,83.89,1,0,0,0,0,0
SLB STK SMART,20150325,150235,83.87,1,0,0,0,0,0
SLB STK SMART,20150325,150255,83.86,1,0,0,0,0,0
SLB STK SMART,20150325,150309,83.86,1,0,0,0,0,0
SLB STK SMART,20150325,150321,83.84,1,0,0,0,0,0
SLB STK SMART,20150325,150332,83.84,2,0,0,0,0,0
SLB STK SMART,20150325,150336,83.83,1,0,0,0,0,0
SLB STK SMART,20150325,150402,83.84,1,0,0,0,0,0
SLB STK SMART,20150325,150411,83.82,1,0,0,0,0,0
SLB STK SMART,20150325,150432,83.82,1,0,0,0,0,0
SLB STK SMART,20150325,150438,83.83,1,0,0,0,0,0
SLB STK SMART,20150325,150449,83.81,1,0,0,0,0,0
SLB STK SMART,20150325,150502,83.8,1,0,0,0,0,0
SLB STK SMART,20150325,150508,83.76,1,0,0,0,0,0
SLB STK SMART,20150325,150516,83.78,1,0,0,0,0,0
SLB STK SMART,20150325,150523,83.79,1,0,0,0,0,0
SLB STK SMART,20150325,150537,83.79,1,0,0,0,0,0
SLB STK SMART,20150325,150550,83.8,1,0,0,0,0,0
SLB STK SMART,20150325,150601,83.83,1,0,0,0,0,0
SLB STK SMART,20150325,150610,83.85,1,0,0,0,0,0
SLB STK SMART,20150325,150619,83.85,2,0,0,0,0,0
SLB STK SMART,20150325,150632,83.83,1,0,0,0,0,0
SLB STK SMART,20150325,150637,83.84,1,0,0,0,0,0
SLB STK SMART,20150325,150702,83.82,1,0,0,0,0,0
SLB STK SMART,20150325,150719,83.8,1,0,0,0,0,0
SLB STK SMART,20150325,150730,83.81,1,0,0,0,0,0
SLB STK SMART,20150325,150740,83.79,1,0,0,0,0,0
SLB STK SMART,20150325,150752,83.77,1,0,0,0,0,0
SLB STK SMART,20150325,150802,83.73,1,0,0,0,0,0
SLB STK SMART,20150325,150810,83.71,1,0,0,0,0,0
SLB STK SMART,20150325,150836,83.72,1,0,0,0,0,0
SLB STK SMART,20150325,150851,83.71,1,0,0,0,0,0
SLB STK SMART,20150325,150901,83.74,2,0,0,0,0,0
SLB STK SMART,20150325,150921,83.75,1,0,0,0,0,0
SLB STK SMART,20150325,150932,83.73,1,0,0,0,0,0
SLB STK SMART,20150325,150940,83.71,1,0,0,0,0,0
SLB STK SMART,20150325,150945,83.69,1,0,0,0,0,0
SLB STK SMART,20150325,151002,83.7,1,0,0,0,0,0
SLB STK SMART,20150325,151008,83.73,1,0,0,0,0,0
SLB STK SMART,20150325,151024,83.75,1,0,0,0,0,0
SLB STK SMART,20150325,151048,83.76,1,0,0,0,0,0
SLB STK SMART,20150325,151100,83.77,1,0,0,0,0,0
SLB STK SMART,20150325,151111,83.78,1,0,0,0,0,0
SLB STK SMART,20150325,151121,83.81,1,0,0,0,0,0
SLB STK SMART,20150325,151128,83.79,1,0,0,0,0,0
SLB STK SMART,20150325,151135,83.8,1,0,0,0,0,0
SLB STK SMART,20150325,151152,83.83,1,0,0,0,0,0
SLB STK SMART,20150325,151157,83.85,1,0,0,0,0,0
SLB STK SMART,20150325,151211,83.82,1,0,0,0,0,0
SLB STK SMART,20150325,151220,83.82,1,0,0,0,0,0
SLB STK SMART,20150325,151227,83.8,1,0,0,0,0,0
SLB STK SMART,20150325,151240,83.79,1,0,0,0,0,0
SLB STK SMART,20150325,151250,83.81,1,0,0,0,0,0
SLB STK SMART,20150325,151301,83.82,1,0,0,0,0,0
SLB STK SMART,20150325,151320,83.83,1,0,0,0,0,0
SLB STK SMART,20150325,151331,83.83,1,0,0,0,0,0
SLB STK SMART,20150325,151339,83.83,1,0,0,0,0,0
SLB STK SMART,20150325,151400,83.82,1,0,0,0,0,0
SLB STK SMART,20150325,151408,83.82,1,0,0,0,0,0
SLB STK SMART,20150325,151419,83.83,1,0,0,0,0,0
SLB STK SMART,20150325,151424,83.83,1,0,0,0,0,0
SLB STK SMART,20150325,151434,83.82,1,0,0,0,0,0
SLB STK SMART,20150325,151452,83.8,1,0,0,0,0,0
SLB STK SMART,20150325,151455,83.81,1,0,0,0,0,0
SLB STK SMART,20150325,151506,83.8,1,0,0,0,0,0
SLB STK SMART,20150325,151518,83.81,1,0,0,0,0,0
SLB STK SMART,20150325,151525,83.8,1,0,0,0,0,0
SLB STK SMART,20150325,151535,83.8,2,0,0,0,0,0
SLB STK SMART,20150325,151553,83.76,1,0,0,0,0,0
SLB STK SMART,20150325,151602,83.76,1,0,0,0,0,0
SLB STK SMART,20150325,151609,83.77,1,0,0,0,0,0
SLB STK SMART,20150325,151622,83.77,2,0,0,0,0,0
SLB STK SMART,20150325,151632,83.79,2,0,0,0,0,0
SLB STK SMART,20150325,151641,83.78,1,0,0,0,0,0
SLB STK SMART,20150325,151700,83.78,1,0,0,0,0,0
SLB STK SMART,20150325,151711,83.76,1,0,0,0,0,0
SLB STK SMART,20150325,151722,83.73,1,0,0,0,0,0
SLB STK SMART,20150325,151730,83.73,1,0,0,0,0,0
SLB STK SMART,20150325,151748,83.74,1,0,0,0,0,0
SLB STK SMART,20150325,151801,83.71,1,0,0,0,0,0
SLB STK SMART,20150325,151818,83.72,1,0,0,0,0,0
SLB STK SMART,20150325,151838,83.71,1,0,0,0,0,0
SLB STK SMART,20150325,151844,83.72,1,0,0,0,0,0
SLB STK SMART,20150325,151910,83.7,1,0,0,0,0,0
SLB STK SMART,20150325,151922,83.7,1,0,0,0,0,0
SLB STK SMART,20150325,151933,83.7,2,0,0,0,0,0
SLB STK SMART,20150325,151936,83.68,1,0,0,0,0,0
SLB STK SMART,20150325,151945,83.69,1,0,0,0,0,0
SLB STK SMART,20150325,152000,83.67,2,0,0,0,0,0
SLB STK SMART,20150325,152008,83.67,1,0,0,0,0,0
SLB STK SMART,20150325,152021,83.67,1,0,0,0,0,0
SLB STK SMART,20150325,152028,83.68,1,0,0,0,0,0
SLB STK SMART,20150325,152043,83.67,1,0,0,0,0,0
SLB STK SMART,20150325,152052,83.68,1,0,0,0,0,0
SLB STK SMART,20150325,152109,83.68,1,0,0,0,0,0
SLB STK SMART,20150325,152130,83.65,1,0,0,0,0,0
SLB STK SMART,20150325,152140,83.6,1,0,0,0,0,0
SLB STK SMART,20150325,152153,83.57,1,0,0,0,0,0
SLB STK SMART,20150325,152200,83.55,1,0,0,0,0,0
SLB STK SMART,20150325,152205,83.55,1,0,0,0,0,0
SLB STK SMART,20150325,152218,83.56,1,0,0,0,0,0
SLB STK SMART,20150325,152225,83.55,1,0,0,0,0,0
SLB STK SMART,20150325,152240,83.51,1,0,0,0,0,0
SLB STK SMART,20150325,152258,83.5,1,0,0,0,0,0
SLB STK SMART,20150325,152309,83.53,1,0,0,0,0,0
SLB STK SMART,20150325,152341,83.51,1,0,0,0,0,0
SLB STK SMART,20150325,152358,83.54,1,0,0,0,0,0
SLB STK SMART,20150325,152406,83.54,1,0,0,0,0,0
SLB STK SMART,20150325,152429,83.54,1,0,0,0,0,0
SLB STK SMART,20150325,152443,83.53,2,0,0,0,0,0
SLB STK SMART,20150325,152447,83.51,1,0,0,0,0,0
SLB STK SMART,20150325,152500,83.52,1,0,0,0,0,0
SLB STK SMART,20150325,152510,83.52,1,0,0,0,0,0
SLB STK SMART,20150325,152528,83.53,1,0,0,0,0,0
SLB STK SMART,20150325,152553,83.52,1,0,0,0,0,0
SLB STK SMART,20150325,152557,83.51,1,0,0,0,0,0
SLB STK SMART,20150325,152614,83.5,1,0,0,0,0,0
SLB STK SMART,20150325,152632,83.52,1,0,0,0,0,0
SLB STK SMART,20150325,152639,83.52,1,0,0,0,0,0
SLB STK SMART,20150325,152651,83.53,1,0,0,0,0,0
SLB STK SMART,20150325,152710,83.54,1,0,0,0,0,0
SLB STK SMART,20150325,152717,83.53,2,0,0,0,0,0
SLB STK SMART,20150325,152730,83.52,1,0,0,0,0,0
SLB STK SMART,20150325,152734,83.5,1,0,0,0,0,0
SLB STK SMART,20150325,152758,83.52,1,0,0,0,0,0
SLB STK SMART,20150325,152807,83.53,1,0,0,0,0,0
SLB STK SMART,20150325,152824,83.52,1,0,0,0,0,0
SLB STK SMART,20150325,152830,83.53,1,0,0,0,0,0
SLB STK SMART,20150325,152840,83.53,1,0,0,0,0,0
SLB STK SMART,20150325,152853,83.51,1,0,0,0,0,0
SLB STK SMART,20150325,152900,83.51,1,0,0,0,0,0
SLB STK SMART,20150325,152920,83.52,1,0,0,0,0,0
SLB STK SMART,20150325,152927,83.52,1,0,0,0,0,0
SLB STK SMART,20150325,152941,83.51,2,0,0,0,0,0
SLB STK SMART,20150325,153003,83.51,1,0,0,0,0,0
SLB STK SMART,20150325,153011,83.5,1,0,0,0,0,0
SLB STK SMART,20150325,153023,83.52,1,0,0,0,0,0
SLB STK SMART,20150325,153030,83.53,1,0,0,0,0,0
SLB STK SMART,20150325,153050,83.54,1,0,0,0,0,0
SLB STK SMART,20150325,153102,83.57,1,0,0,0,0,0
SLB STK SMART,20150325,153104,83.58,1,0,0,0,0,0
SLB STK SMART,20150325,153118,83.57,1,0,0,0,0,0
SLB STK SMART,20150325,153133,83.55,1,0,0,0,0,0
SLB STK SMART,20150325,153147,83.53,1,0,0,0,0,0
SLB STK SMART,20150325,153201,83.53,2,0,0,0,0,0
SLB STK SMART,20150325,153206,83.53,1,0,0,0,0,0
SLB STK SMART,20150325,153218,83.49,1,0,0,0,0,0
SLB STK SMART,20150325,153236,83.48,1,0,0,0,0,0
SLB STK SMART,20150325,153251,83.47,1,0,0,0,0,0
SLB STK SMART,20150325,153303,83.45,2,0,0,0,0,0
SLB STK SMART,20150325,153313,83.43,1,0,0,0,0,0
SLB STK SMART,20150325,153321,83.46,2,0,0,0,0,0
SLB STK SMART,20150325,153328,83.46,1,0,0,0,0,0
SLB STK SMART,20150325,153344,83.47,1,0,0,0,0,0
SLB STK SMART,20150325,153401,83.47,1,0,0,0,0,0
SLB STK SMART,20150325,153409,83.47,2,0,0,0,0,0
SLB STK SMART,20150325,153422,83.5,1,0,0,0,0,0
SLB STK SMART,20150325,153435,83.49,1,0,0,0,0,0
SLB STK SMART,20150325,153453,83.47,1,0,0,0,0,0
SLB STK SMART,20150325,153457,83.46,1,0,0,0,0,0
SLB STK SMART,20150325,153512,83.43,1,0,0,0,0,0
SLB STK SMART,20150325,153530,83.45,2,0,0,0,0,0
SLB STK SMART,20150325,153541,83.47,1,0,0,0,0,0
SLB STK SMART,20150325,153551,83.46,1,0,0,0,0,0
SLB STK SMART,20150325,153556,83.47,1,0,0,0,0,0
SLB STK SMART,20150325,153614,83.46,1,0,0,0,0,0
SLB STK SMART,20150325,153620,83.46,1,0,0,0,0,0
SLB STK SMART,20150325,153640,83.48,1,0,0,0,0,0
SLB STK SMART,20150325,153653,83.49,1,0,0,0,0,0
SLB STK SMART,20150325,153704,83.49,1,0,0,0,0,0
SLB STK SMART,20150325,153711,83.5,1,0,0,0,0,0
SLB STK SMART,20150325,153716,83.51,1,0,0,0,0,0
SLB STK SMART,20150325,153732,83.5,1,0,0,0,0,0
SLB STK SMART,20150325,153742,83.51,1,0,0,0,0,0
SLB STK SMART,20150325,153751,83.5,1,0,0,0,0,0
SLB STK SMART,20150325,153803,83.5,1,0,0,0,0,0
SLB STK SMART,20150325,153806,83.49,1,0,0,0,0,0
SLB STK SMART,20150325,153824,83.49,1,0,0,0,0,0
SLB STK SMART,20150325,153832,83.49,1,0,0,0,0,0
SLB STK SMART,20150325,153838,83.49,1,0,0,0,0,0
SLB STK SMART,20150325,153909,83.48,1,0,0,0,0,0
SLB STK SMART,20150325,153917,83.46,1,0,0,0,0,0
SLB STK SMART,20150325,153934,83.43,1,0,0,0,0,0
SLB STK SMART,20150325,154003,83.43,1,0,0,0,0,0
SLB STK SMART,20150325,154010,83.42,1,0,0,0,0,0
SLB STK SMART,20150325,154022,83.44,1,0,0,0,0,0
SLB STK SMART,20150325,154028,83.43,1,0,0,0,0,0
SLB STK SMART,20150325,154039,83.44,1,0,0,0,0,0
SLB STK SMART,20150325,154054,83.44,2,0,0,0,0,0
SLB STK SMART,20150325,154103,83.42,1,0,0,0,0,0
SLB STK SMART,20150325,154120,83.39,1,0,0,0,0,0
SLB STK SMART,20150325,154134,83.39,1,0,0,0,0,0
SLB STK SMART,20150325,154138,83.37,1,0,0,0,0,0
SLB STK SMART,20150325,154153,83.38,1,0,0,0,0,0
SLB STK SMART,20150325,154157,83.4,1,0,0,0,0,0
SLB STK SMART,20150325,154213,83.4,1,0,0,0,0,0
SLB STK SMART,20150325,154216,83.42,1,0,0,0,0,0
SLB STK SMART,20150325,154244,83.43,1,0,0,0,0,0
SLB STK SMART,20150325,154249,83.43,1,0,0,0,0,0
SLB STK SMART,20150325,154301,83.43,2,0,0,0,0,0
SLB STK SMART,20150325,154307,83.42,1,0,0,0,0,0
SLB STK SMART,20150325,154324,83.44,1,0,0,0,0,0
SLB STK SMART,20150325,154343,83.47,1,0,0,0,0,0
SLB STK SMART,20150325,154354,83.49,1,0,0,0,0,0
SLB STK SMART,20150325,154403,83.5,1,0,0,0,0,0
SLB STK SMART,20150325,154433,83.44,2,0,0,0,0,0
SLB STK SMART,20150325,154444,83.37,1,0,0,0,0,0
SLB STK SMART,20150325,154450,83.36,1,0,0,0,0,0
SLB STK SMART,20150325,154504,83.37,1,0,0,0,0,0
SLB STK SMART,20150325,154506,83.36,1,0,0,0,0,0
SLB STK SMART,20150325,154541,83.35,1,0,0,0,0,0
SLB STK SMART,20150325,154552,83.35,1,0,0,0,0,0
SLB STK SMART,20150325,154603,83.35,1,0,0,0,0,0
SLB STK SMART,20150325,154609,83.36,1,0,0,0,0,0
SLB STK SMART,20150325,154622,83.35,1,0,0,0,0,0
SLB STK SMART,20150325,154633,83.35,1,0,0,0,0,0
SLB STK SMART,20150325,154641,83.34,1,0,0,0,0,0
SLB STK SMART,20150325,154653,83.35,1,0,0,0,0,0
SLB STK SMART,20150325,154659,83.34,1,0,0,0,0,0
SLB STK SMART,20150325,154712,83.34,1,0,0,0,0,0
SLB STK SMART,20150325,154720,83.35,1,0,0,0,0,0
SLB STK SMART,20150325,154734,83.36,2,0,0,0,0,0
SLB STK SMART,20150325,154744,83.37,2,0,0,0,0,0
SLB STK SMART,20150325,154749,83.37,1,0,0,0,0,0
SLB STK SMART,20150325,154800,83.37,1,0,0,0,0,0
SLB STK SMART,20150325,154824,83.4,1,0,0,0,0,0
SLB STK SMART,20150325,154832,83.4,1,0,0,0,0,0
SLB STK SMART,20150325,154839,83.4,1,0,0,0,0,0
SLB STK SMART,20150325,154851,83.43,1,0,0,0,0,0
SLB STK SMART,20150325,154909,83.43,1,0,0,0,0,0
SLB STK SMART,20150325,154925,83.43,1,0,0,0,0,0
SLB STK SMART,20150325,154928,83.43,1,0,0,0,0,0
SLB STK SMART,20150325,154944,83.42,1,0,0,0,0,0
SLB STK SMART,20150325,154952,83.39,1,0,0,0,0,0
SLB STK SMART,20150325,155004,83.4,1,0,0,0,0,0
SLB STK SMART,20150325,155013,83.39,2,0,0,0,0,0
SLB STK SMART,20150325,155021,83.39,2,0,0,0,0,0
SLB STK SMART,20150325,155035,83.38,1,0,0,0,0,0
SLB STK SMART,20150325,155039,83.38,1,0,0,0,0,0
SLB STK SMART,20150325,155053,83.38,1,0,0,0,0,0
SLB STK SMART,20150325,155105,83.39,2,0,0,0,0,0
SLB STK SMART,20150325,155107,83.38,1,0,0,0,0,0
SLB STK SMART,20150325,155125,83.4,1,0,0,0,0,0
SLB STK SMART,20150325,155134,83.39,2,0,0,0,0,0
SLB STK SMART,20150325,155143,83.38,1,0,0,0,0,0
SLB STK SMART,20150325,155151,83.39,1,0,0,0,0,0
SLB STK SMART,20150325,155201,83.4,1,0,0,0,0,0
SLB STK SMART,20150325,155209,83.39,1,0,0,0,0,0
SLB STK SMART,20150325,155217,83.4,1,0,0,0,0,0
SLB STK SMART,20150325,155233,83.37,1,0,0,0,0,0
SLB STK SMART,20150325,155241,83.35,1,0,0,0,0,0
SLB STK SMART,20150325,155252,83.36,1,0,0,0,0,0
SLB STK SMART,20150325,155303,83.35,1,0,0,0,0,0
SLB STK SMART,20150325,155314,83.36,2,0,0,0,0,0
SLB STK SMART,20150325,155315,83.36,1,0,0,0,0,0
SLB STK SMART,20150325,155332,83.33,2,0,0,0,0,0
SLB STK SMART,20150325,155339,83.33,1,0,0,0,0,0
SLB STK SMART,20150325,155350,83.33,1,0,0,0,0,0
SLB STK SMART,20150325,155359,83.33,1,0,0,0,0,0
SLB STK SMART,20150325,155415,83.33,2,0,0,0,0,0
SLB STK SMART,20150325,155425,83.34,4,0,0,0,0,0
SLB STK SMART,20150325,155434,83.34,1,0,0,0,0,0
SLB STK SMART,20150325,155437,83.33,1,0,0,0,0,0
SLB STK SMART,20150325,155445,83.34,1,0,0,0,0,0
SLB STK SMART,20150325,155505,83.36,1,0,0,0,0,0
SLB STK SMART,20150325,155513,83.36,1,0,0,0,0,0
SLB STK SMART,20150325,155519,83.38,1,0,0,0,0,0
SLB STK SMART,20150325,155526,83.37,1,0,0,0,0,0
SLB STK SMART,20150325,155539,83.37,1,0,0,0,0,0
SLB STK SMART,20150325,155547,83.37,1,0,0,0,0,0
SLB STK SMART,20150325,155604,83.39,2,0,0,0,0,0
SLB STK SMART,20150325,155605,83.39,1,0,0,0,0,0
SLB STK SMART,20150325,155623,83.41,1,0,0,0,0,0
SLB STK SMART,20150325,155632,83.41,1,0,0,0,0,0
SLB STK SMART,20150325,155644,83.4,1,0,0,0,0,0
SLB STK SMART,20150325,155652,83.4,1,0,0,0,0,0
SLB STK SMART,20150325,155703,83.41,1,0,0,0,0,0
SLB STK SMART,20150325,155708,83.41,1,0,0,0,0,0
SLB STK SMART,20150325,155724,83.41,1,0,0,0,0,0
SLB STK SMART,20150325,155732,83.41,1,0,0,0,0,0
SLB STK SMART,20150325,155744,83.4,1,0,0,0,0,0
SLB STK SMART,20150325,155755,83.38,1,0,0,0,0,0
SLB STK SMART,20150325,155804,83.35,1,0,0,0,0,0
SLB STK SMART,20150325,155814,83.34,1,0,0,0,0,0
SLB STK SMART,20150325,155825,83.36,1,0,0,0,0,0
SLB STK SMART,20150325,155835,83.39,1,0,0,0,0,0
SLB STK SMART,20150325,155845,83.4,1,0,0,0,0,0
SLB STK SMART,20150325,155855,83.33,1,0,0,0,0,0
SLB STK SMART,20150325,155905,83.33,1,0,0,0,0,0
SLB STK SMART,20150325,155915,83.31,1,0,0,0,0,0
SLB STK SMART,20150325,155923,83.3,1,0,0,0,0,0
