1563                
XLU STK SMART,20150325,81448,44.5,4,0,0,0,0,0
XLU STK SMART,20150325,92932,44.59,2,0,0,0,0,0
XLU STK SMART,20150325,92941,44.61,2,0,0,0,0,0
XLU STK SMART,20150325,92946,44.61,1,0,0,0,0,0
XLU STK SMART,20150325,92958,44.63,1,0,0,0,0,0
XLU STK SMART,20150325,93005,44.64,1,0,0,0,0,0
XLU STK SMART,20150325,93018,44.65,1,0,0,0,0,0
XLU STK SMART,20150325,93030,44.65,1,0,0,0,0,0
XLU STK SMART,20150325,93038,44.68,1,0,0,0,0,0
XLU STK SMART,20150325,93044,44.69,1,0,0,0,0,0
XLU STK SMART,20150325,93057,44.7,4,0,0,0,0,0
XLU STK SMART,20150325,93109,44.69,1,0,0,0,0,0
XLU STK SMART,20150325,93114,44.7,1,0,0,0,0,0
XLU STK SMART,20150325,93127,44.7,1,0,0,0,0,0
XLU STK SMART,20150325,93149,44.68,1,0,0,0,0,0
XLU STK SMART,20150325,93159,44.69,3,0,0,0,0,0
XLU STK SMART,20150325,93212,44.7,1,0,0,0,0,0
XLU STK SMART,20150325,93220,44.72,1,0,0,0,0,0
XLU STK SMART,20150325,93230,44.68,1,0,0,0,0,0
XLU STK SMART,20150325,93239,44.67,1,0,0,0,0,0
XLU STK SMART,20150325,93301,44.71,2,0,0,0,0,0
XLU STK SMART,20150325,93311,44.69,1,0,0,0,0,0
XLU STK SMART,20150325,93321,44.72,1,0,0,0,0,0
XLU STK SMART,20150325,93327,44.74,2,0,0,0,0,0
XLU STK SMART,20150325,93334,44.73,1,0,0,0,0,0
XLU STK SMART,20150325,93351,44.76,3,0,0,0,0,0
XLU STK SMART,20150325,93400,44.74,1,0,0,0,0,0
XLU STK SMART,20150325,93405,44.75,1,0,0,0,0,0
XLU STK SMART,20150325,93431,44.71,1,0,0,0,0,0
XLU STK SMART,20150325,93442,44.65,3,0,0,0,0,0
XLU STK SMART,20150325,93445,44.65,2,0,0,0,0,0
XLU STK SMART,20150325,93502,44.66,2,0,0,0,0,0
XLU STK SMART,20150325,93506,44.65,1,0,0,0,0,0
XLU STK SMART,20150325,93520,44.63,2,0,0,0,0,0
XLU STK SMART,20150325,93525,44.63,1,0,0,0,0,0
XLU STK SMART,20150325,93538,44.67,1,0,0,0,0,0
XLU STK SMART,20150325,93552,44.71,1,0,0,0,0,0
XLU STK SMART,20150325,93558,44.71,1,0,0,0,0,0
XLU STK SMART,20150325,93603,44.71,1,0,0,0,0,0
XLU STK SMART,20150325,93619,44.73,1,0,0,0,0,0
XLU STK SMART,20150325,93624,44.74,3,0,0,0,0,0
XLU STK SMART,20150325,93639,44.76,1,0,0,0,0,0
XLU STK SMART,20150325,93648,44.76,1,0,0,0,0,0
XLU STK SMART,20150325,93709,44.78,2,0,0,0,0,0
XLU STK SMART,20150325,93719,44.78,1,0,0,0,0,0
XLU STK SMART,20150325,93731,44.79,1,0,0,0,0,0
XLU STK SMART,20150325,93752,44.78,4,0,0,0,0,0
XLU STK SMART,20150325,93802,44.78,1,0,0,0,0,0
XLU STK SMART,20150325,93819,44.79,1,0,0,0,0,0
XLU STK SMART,20150325,93827,44.79,1,0,0,0,0,0
XLU STK SMART,20150325,93842,44.81,2,0,0,0,0,0
XLU STK SMART,20150325,93851,44.81,1,0,0,0,0,0
XLU STK SMART,20150325,93901,44.8,1,0,0,0,0,0
XLU STK SMART,20150325,93922,44.79,1,0,0,0,0,0
XLU STK SMART,20150325,93927,44.8,1,0,0,0,0,0
XLU STK SMART,20150325,93941,44.78,1,0,0,0,0,0
XLU STK SMART,20150325,93946,44.77,1,0,0,0,0,0
XLU STK SMART,20150325,94002,44.76,2,0,0,0,0,0
XLU STK SMART,20150325,94004,44.75,5,0,0,0,0,0
XLU STK SMART,20150325,94020,44.74,3,0,0,0,0,0
XLU STK SMART,20150325,94031,44.73,1,0,0,0,0,0
XLU STK SMART,20150325,94041,44.73,1,0,0,0,0,0
XLU STK SMART,20150325,94047,44.67,2,0,0,0,0,0
XLU STK SMART,20150325,94102,44.69,2,0,0,0,0,0
XLU STK SMART,20150325,94112,44.7,2,0,0,0,0,0
XLU STK SMART,20150325,94116,44.71,1,0,0,0,0,0
XLU STK SMART,20150325,94126,44.71,4,0,0,0,0,0
XLU STK SMART,20150325,94141,44.67,2,0,0,0,0,0
XLU STK SMART,20150325,94152,44.69,2,0,0,0,0,0
XLU STK SMART,20150325,94200,44.68,2,0,0,0,0,0
XLU STK SMART,20150325,94210,44.71,1,0,0,0,0,0
XLU STK SMART,20150325,94221,44.72,1,0,0,0,0,0
XLU STK SMART,20150325,94230,44.72,1,0,0,0,0,0
XLU STK SMART,20150325,94241,44.72,1,0,0,0,0,0
XLU STK SMART,20150325,94243,44.71,2,0,0,0,0,0
XLU STK SMART,20150325,94259,44.72,1,0,0,0,0,0
XLU STK SMART,20150325,94320,44.65,1,0,0,0,0,0
XLU STK SMART,20150325,94330,44.65,4,0,0,0,0,0
XLU STK SMART,20150325,94337,44.65,1,0,0,0,0,0
XLU STK SMART,20150325,94352,44.66,1,0,0,0,0,0
XLU STK SMART,20150325,94356,44.68,1,0,0,0,0,0
XLU STK SMART,20150325,94410,44.68,1,0,0,0,0,0
XLU STK SMART,20150325,94417,44.67,1,0,0,0,0,0
XLU STK SMART,20150325,94438,44.69,1,0,0,0,0,0
XLU STK SMART,20150325,94443,44.68,1,0,0,0,0,0
XLU STK SMART,20150325,94501,44.62,1,0,0,0,0,0
XLU STK SMART,20150325,94512,44.62,1,0,0,0,0,0
XLU STK SMART,20150325,94522,44.63,2,0,0,0,0,0
XLU STK SMART,20150325,94532,44.6,1,0,0,0,0,0
XLU STK SMART,20150325,94538,44.57,2,0,0,0,0,0
XLU STK SMART,20150325,94548,44.58,1,0,0,0,0,0
XLU STK SMART,20150325,94601,44.58,1,0,0,0,0,0
XLU STK SMART,20150325,94612,44.56,5,0,0,0,0,0
XLU STK SMART,20150325,94622,44.58,2,0,0,0,0,0
XLU STK SMART,20150325,94631,44.58,2,0,0,0,0,0
XLU STK SMART,20150325,94638,44.58,1,0,0,0,0,0
XLU STK SMART,20150325,94648,44.58,1,0,0,0,0,0
XLU STK SMART,20150325,94715,44.58,2,0,0,0,0,0
XLU STK SMART,20150325,94724,44.58,1,0,0,0,0,0
XLU STK SMART,20150325,94733,44.58,2,0,0,0,0,0
XLU STK SMART,20150325,94752,44.57,2,0,0,0,0,0
XLU STK SMART,20150325,94754,44.57,5,0,0,0,0,0
XLU STK SMART,20150325,94811,44.52,4,0,0,0,0,0
XLU STK SMART,20150325,94820,44.5,2,0,0,0,0,0
XLU STK SMART,20150325,94830,44.49,3,0,0,0,0,0
XLU STK SMART,20150325,94836,44.49,2,0,0,0,0,0
XLU STK SMART,20150325,94850,44.49,1,0,0,0,0,0
XLU STK SMART,20150325,94902,44.54,1,0,0,0,0,0
XLU STK SMART,20150325,94912,44.53,1,0,0,0,0,0
XLU STK SMART,20150325,94917,44.52,2,0,0,0,0,0
XLU STK SMART,20150325,94932,44.51,2,0,0,0,0,0
XLU STK SMART,20150325,94940,44.51,2,0,0,0,0,0
XLU STK SMART,20150325,94952,44.51,2,0,0,0,0,0
XLU STK SMART,20150325,95022,44.5,4,0,0,0,0,0
XLU STK SMART,20150325,95025,44.51,1,0,0,0,0,0
XLU STK SMART,20150325,95038,44.52,1,0,0,0,0,0
XLU STK SMART,20150325,95052,44.54,2,0,0,0,0,0
XLU STK SMART,20150325,95101,44.54,2,0,0,0,0,0
XLU STK SMART,20150325,95108,44.54,2,0,0,0,0,0
XLU STK SMART,20150325,95121,44.54,1,0,0,0,0,0
XLU STK SMART,20150325,95127,44.54,1,0,0,0,0,0
XLU STK SMART,20150325,95140,44.54,2,0,0,0,0,0
XLU STK SMART,20150325,95152,44.54,4,0,0,0,0,0
XLU STK SMART,20150325,95207,44.53,1,0,0,0,0,0
XLU STK SMART,20150325,95222,44.54,1,0,0,0,0,0
XLU STK SMART,20150325,95241,44.55,1,0,0,0,0,0
XLU STK SMART,20150325,95301,44.54,1,0,0,0,0,0
XLU STK SMART,20150325,95311,44.54,1,0,0,0,0,0
XLU STK SMART,20150325,95321,44.52,2,0,0,0,0,0
XLU STK SMART,20150325,95331,44.52,1,0,0,0,0,0
XLU STK SMART,20150325,95353,44.52,1,0,0,0,0,0
XLU STK SMART,20150325,95401,44.52,1,0,0,0,0,0
XLU STK SMART,20150325,95408,44.52,1,0,0,0,0,0
XLU STK SMART,20150325,95419,44.53,2,0,0,0,0,0
XLU STK SMART,20150325,95442,44.55,2,0,0,0,0,0
XLU STK SMART,20150325,95453,44.55,2,0,0,0,0,0
XLU STK SMART,20150325,95515,44.55,1,0,0,0,0,0
XLU STK SMART,20150325,95530,44.56,1,0,0,0,0,0
XLU STK SMART,20150325,95537,44.57,2,0,0,0,0,0
XLU STK SMART,20150325,95547,44.56,3,0,0,0,0,0
XLU STK SMART,20150325,95601,44.56,2,0,0,0,0,0
XLU STK SMART,20150325,95613,44.56,4,0,0,0,0,0
XLU STK SMART,20150325,95623,44.57,3,0,0,0,0,0
XLU STK SMART,20150325,95633,44.58,4,0,0,0,0,0
XLU STK SMART,20150325,95639,44.58,1,0,0,0,0,0
XLU STK SMART,20150325,95649,44.58,1,0,0,0,0,0
XLU STK SMART,20150325,95659,44.58,1,0,0,0,0,0
XLU STK SMART,20150325,95714,44.59,1,0,0,0,0,0
XLU STK SMART,20150325,95741,44.58,1,0,0,0,0,0
XLU STK SMART,20150325,95750,44.59,1,0,0,0,0,0
XLU STK SMART,20150325,95833,44.61,1,0,0,0,0,0
XLU STK SMART,20150325,95842,44.62,1,0,0,0,0,0
XLU STK SMART,20150325,95903,44.64,1,0,0,0,0,0
XLU STK SMART,20150325,95912,44.63,1,0,0,0,0,0
XLU STK SMART,20150325,95921,44.61,1,0,0,0,0,0
XLU STK SMART,20150325,95932,44.63,2,0,0,0,0,0
XLU STK SMART,20150325,95938,44.62,1,0,0,0,0,0
XLU STK SMART,20150325,95949,44.62,1,0,0,0,0,0
XLU STK SMART,20150325,100001,44.63,1,0,0,0,0,0
XLU STK SMART,20150325,100013,44.63,1,0,0,0,0,0
XLU STK SMART,20150325,100033,44.64,1,0,0,0,0,0
XLU STK SMART,20150325,100043,44.64,2,0,0,0,0,0
XLU STK SMART,20150325,100053,44.63,6,0,0,0,0,0
XLU STK SMART,20150325,100059,44.63,1,0,0,0,0,0
XLU STK SMART,20150325,100112,44.63,1,0,0,0,0,0
XLU STK SMART,20150325,100121,44.63,1,0,0,0,0,0
XLU STK SMART,20150325,100130,44.64,1,0,0,0,0,0
XLU STK SMART,20150325,100142,44.67,1,0,0,0,0,0
XLU STK SMART,20150325,100147,44.66,1,0,0,0,0,0
XLU STK SMART,20150325,100203,44.65,1,0,0,0,0,0
XLU STK SMART,20150325,100213,44.64,2,0,0,0,0,0
XLU STK SMART,20150325,100218,44.63,1,0,0,0,0,0
XLU STK SMART,20150325,100225,44.62,2,0,0,0,0,0
XLU STK SMART,20150325,100251,44.65,1,0,0,0,0,0
XLU STK SMART,20150325,100303,44.63,2,0,0,0,0,0
XLU STK SMART,20150325,100306,44.64,1,0,0,0,0,0
XLU STK SMART,20150325,100323,44.63,2,0,0,0,0,0
XLU STK SMART,20150325,100327,44.63,1,0,0,0,0,0
XLU STK SMART,20150325,100337,44.63,1,0,0,0,0,0
XLU STK SMART,20150325,100348,44.64,1,0,0,0,0,0
XLU STK SMART,20150325,100413,44.63,1,0,0,0,0,0
XLU STK SMART,20150325,100423,44.63,1,0,0,0,0,0
XLU STK SMART,20150325,100441,44.64,1,0,0,0,0,0
XLU STK SMART,20150325,100503,44.62,2,0,0,0,0,0
XLU STK SMART,20150325,100504,44.6,13,0,0,0,0,0
XLU STK SMART,20150325,100540,44.62,1,0,0,0,0,0
XLU STK SMART,20150325,100546,44.62,1,0,0,0,0,0
XLU STK SMART,20150325,100653,44.62,4,0,0,0,0,0
XLU STK SMART,20150325,100702,44.62,1,0,0,0,0,0
XLU STK SMART,20150325,100732,44.62,1,0,0,0,0,0
XLU STK SMART,20150325,100743,44.62,3,0,0,0,0,0
XLU STK SMART,20150325,100747,44.63,1,0,0,0,0,0
XLU STK SMART,20150325,100900,44.64,1,0,0,0,0,0
XLU STK SMART,20150325,101012,44.66,2,0,0,0,0,0
XLU STK SMART,20150325,101015,44.66,1,0,0,0,0,0
XLU STK SMART,20150325,101026,44.66,1,0,0,0,0,0
XLU STK SMART,20150325,101051,44.66,3,0,0,0,0,0
XLU STK SMART,20150325,101101,44.66,1,0,0,0,0,0
XLU STK SMART,20150325,101110,44.66,1,0,0,0,0,0
XLU STK SMART,20150325,101124,44.65,3,0,0,0,0,0
XLU STK SMART,20150325,101124,44.65,2,0,0,0,0,0
XLU STK SMART,20150325,101143,44.66,2,0,0,0,0,0
XLU STK SMART,20150325,101145,44.66,3,0,0,0,0,0
XLU STK SMART,20150325,101158,44.65,1,0,0,0,0,0
XLU STK SMART,20150325,101210,44.62,1,0,0,0,0,0
XLU STK SMART,20150325,101240,44.62,2,0,0,0,0,0
XLU STK SMART,20150325,101252,44.63,1,0,0,0,0,0
XLU STK SMART,20150325,101259,44.63,3,0,0,0,0,0
XLU STK SMART,20150325,101336,44.62,1,0,0,0,0,0
XLU STK SMART,20150325,101351,44.61,4,0,0,0,0,0
XLU STK SMART,20150325,101425,44.62,1,0,0,0,0,0
XLU STK SMART,20150325,101448,44.62,1,0,0,0,0,0
XLU STK SMART,20150325,101518,44.61,3,0,0,0,0,0
XLU STK SMART,20150325,101602,44.62,5,0,0,0,0,0
XLU STK SMART,20150325,101604,44.62,1,0,0,0,0,0
XLU STK SMART,20150325,101620,44.62,3,0,0,0,0,0
XLU STK SMART,20150325,101625,44.62,1,0,0,0,0,0
XLU STK SMART,20150325,101725,44.61,2,0,0,0,0,0
XLU STK SMART,20150325,101751,44.62,2,0,0,0,0,0
XLU STK SMART,20150325,101803,44.62,5,0,0,0,0,0
XLU STK SMART,20150325,101823,44.62,1,0,0,0,0,0
XLU STK SMART,20150325,101843,44.61,2,0,0,0,0,0
XLU STK SMART,20150325,101923,44.6,1,0,0,0,0,0
XLU STK SMART,20150325,101939,44.61,1,0,0,0,0,0
XLU STK SMART,20150325,102003,44.63,1,0,0,0,0,0
XLU STK SMART,20150325,102011,44.62,1,0,0,0,0,0
XLU STK SMART,20150325,102041,44.63,5,0,0,0,0,0
XLU STK SMART,20150325,102051,44.65,1,0,0,0,0,0
XLU STK SMART,20150325,102106,44.64,1,0,0,0,0,0
XLU STK SMART,20150325,102132,44.63,1,0,0,0,0,0
XLU STK SMART,20150325,102253,44.63,1,0,0,0,0,0
XLU STK SMART,20150325,102333,44.63,2,0,0,0,0,0
XLU STK SMART,20150325,102335,44.63,1,0,0,0,0,0
XLU STK SMART,20150325,102431,44.63,1,0,0,0,0,0
XLU STK SMART,20150325,102511,44.63,1,0,0,0,0,0
XLU STK SMART,20150325,102541,44.62,1,0,0,0,0,0
XLU STK SMART,20150325,102551,44.62,1,0,0,0,0,0
XLU STK SMART,20150325,102604,44.63,2,0,0,0,0,0
XLU STK SMART,20150325,102617,44.63,5,0,0,0,0,0
XLU STK SMART,20150325,102634,44.62,1,0,0,0,0,0
XLU STK SMART,20150325,102642,44.62,1,0,0,0,0,0
XLU STK SMART,20150325,102715,44.63,1,0,0,0,0,0
XLU STK SMART,20150325,102752,44.63,1,0,0,0,0,0
XLU STK SMART,20150325,102859,44.63,1,0,0,0,0,0
XLU STK SMART,20150325,102910,44.63,2,0,0,0,0,0
XLU STK SMART,20150325,102924,44.63,3,0,0,0,0,0
XLU STK SMART,20150325,102927,44.62,2,0,0,0,0,0
XLU STK SMART,20150325,102945,44.62,1,0,0,0,0,0
XLU STK SMART,20150325,103006,44.63,1,0,0,0,0,0
XLU STK SMART,20150325,103022,44.63,8,0,0,0,0,0
XLU STK SMART,20150325,103051,44.62,1,0,0,0,0,0
XLU STK SMART,20150325,103104,44.61,2,0,0,0,0,0
XLU STK SMART,20150325,103108,44.61,1,0,0,0,0,0
XLU STK SMART,20150325,103122,44.61,1,0,0,0,0,0
XLU STK SMART,20150325,103140,44.61,1,0,0,0,0,0
XLU STK SMART,20150325,103200,44.6,1,0,0,0,0,0
XLU STK SMART,20150325,103213,44.6,1,0,0,0,0,0
XLU STK SMART,20150325,103217,44.59,5,0,0,0,0,0
XLU STK SMART,20150325,103303,44.59,1,0,0,0,0,0
XLU STK SMART,20150325,103312,44.6,1,0,0,0,0,0
XLU STK SMART,20150325,103330,44.59,1,0,0,0,0,0
XLU STK SMART,20150325,103359,44.59,1,0,0,0,0,0
XLU STK SMART,20150325,103500,44.58,1,0,0,0,0,0
XLU STK SMART,20150325,103523,44.58,4,0,0,0,0,0
XLU STK SMART,20150325,103529,44.57,2,0,0,0,0,0
XLU STK SMART,20150325,103540,44.57,1,0,0,0,0,0
XLU STK SMART,20150325,103553,44.57,2,0,0,0,0,0
XLU STK SMART,20150325,103619,44.57,1,0,0,0,0,0
XLU STK SMART,20150325,103626,44.58,1,0,0,0,0,0
XLU STK SMART,20150325,103652,44.56,1,0,0,0,0,0
XLU STK SMART,20150325,103702,44.56,2,0,0,0,0,0
XLU STK SMART,20150325,103715,44.57,2,0,0,0,0,0
XLU STK SMART,20150325,103717,44.58,2,0,0,0,0,0
XLU STK SMART,20150325,103735,44.57,1,0,0,0,0,0
XLU STK SMART,20150325,103741,44.57,3,0,0,0,0,0
XLU STK SMART,20150325,103746,44.58,1,0,0,0,0,0
XLU STK SMART,20150325,103806,44.58,3,0,0,0,0,0
XLU STK SMART,20150325,103826,44.58,1,0,0,0,0,0
XLU STK SMART,20150325,103842,44.56,1,0,0,0,0,0
XLU STK SMART,20150325,103850,44.57,1,0,0,0,0,0
XLU STK SMART,20150325,103901,44.56,1,0,0,0,0,0
XLU STK SMART,20150325,103913,44.56,2,0,0,0,0,0
XLU STK SMART,20150325,103925,44.56,2,0,0,0,0,0
XLU STK SMART,20150325,103933,44.55,3,0,0,0,0,0
XLU STK SMART,20150325,103936,44.55,2,0,0,0,0,0
XLU STK SMART,20150325,103948,44.54,6,0,0,0,0,0
XLU STK SMART,20150325,104005,44.53,2,0,0,0,0,0
XLU STK SMART,20150325,104005,44.53,3,0,0,0,0,0
XLU STK SMART,20150325,104034,44.53,1,0,0,0,0,0
XLU STK SMART,20150325,104047,44.54,4,0,0,0,0,0
XLU STK SMART,20150325,104101,44.53,1,0,0,0,0,0
XLU STK SMART,20150325,104121,44.51,10,0,0,0,0,0
XLU STK SMART,20150325,104131,44.51,1,0,0,0,0,0
XLU STK SMART,20150325,104143,44.51,1,0,0,0,0,0
XLU STK SMART,20150325,104159,44.51,2,0,0,0,0,0
XLU STK SMART,20150325,104215,44.52,5,0,0,0,0,0
XLU STK SMART,20150325,104215,44.52,1,0,0,0,0,0
XLU STK SMART,20150325,104229,44.51,1,0,0,0,0,0
XLU STK SMART,20150325,104238,44.51,1,0,0,0,0,0
XLU STK SMART,20150325,104256,44.52,2,0,0,0,0,0
XLU STK SMART,20150325,104318,44.53,1,0,0,0,0,0
XLU STK SMART,20150325,104335,44.52,11,0,0,0,0,0
XLU STK SMART,20150325,104336,44.52,1,0,0,0,0,0
XLU STK SMART,20150325,104348,44.53,2,0,0,0,0,0
XLU STK SMART,20150325,104357,44.53,2,0,0,0,0,0
XLU STK SMART,20150325,104414,44.53,1,0,0,0,0,0
XLU STK SMART,20150325,104427,44.53,1,0,0,0,0,0
XLU STK SMART,20150325,104443,44.52,1,0,0,0,0,0
XLU STK SMART,20150325,104515,44.52,2,0,0,0,0,0
XLU STK SMART,20150325,104525,44.51,9,0,0,0,0,0
XLU STK SMART,20150325,104535,44.51,1,0,0,0,0,0
XLU STK SMART,20150325,104541,44.5,1,0,0,0,0,0
XLU STK SMART,20150325,104552,44.51,1,0,0,0,0,0
XLU STK SMART,20150325,104601,44.52,1,0,0,0,0,0
XLU STK SMART,20150325,104624,44.52,1,0,0,0,0,0
XLU STK SMART,20150325,104631,44.51,1,0,0,0,0,0
XLU STK SMART,20150325,104655,44.51,1,0,0,0,0,0
XLU STK SMART,20150325,104704,44.5,1,0,0,0,0,0
XLU STK SMART,20150325,104726,44.5,4,0,0,0,0,0
XLU STK SMART,20150325,104743,44.49,1,0,0,0,0,0
XLU STK SMART,20150325,104749,44.49,1,0,0,0,0,0
XLU STK SMART,20150325,104802,44.5,1,0,0,0,0,0
XLU STK SMART,20150325,104816,44.5,2,0,0,0,0,0
XLU STK SMART,20150325,104833,44.49,1,0,0,0,0,0
XLU STK SMART,20150325,104854,44.49,3,0,0,0,0,0
XLU STK SMART,20150325,104903,44.48,1,0,0,0,0,0
XLU STK SMART,20150325,104907,44.48,14,0,0,0,0,0
XLU STK SMART,20150325,104938,44.47,1,0,0,0,0,0
XLU STK SMART,20150325,104951,44.46,2,0,0,0,0,0
XLU STK SMART,20150325,105005,44.45,1,0,0,0,0,0
XLU STK SMART,20150325,105015,44.45,2,0,0,0,0,0
XLU STK SMART,20150325,105024,44.46,9,0,0,0,0,0
XLU STK SMART,20150325,105032,44.46,1,0,0,0,0,0
XLU STK SMART,20150325,105043,44.45,1,0,0,0,0,0
XLU STK SMART,20150325,105114,44.45,2,0,0,0,0,0
XLU STK SMART,20150325,105125,44.45,2,0,0,0,0,0
XLU STK SMART,20150325,105134,44.45,10,0,0,0,0,0
XLU STK SMART,20150325,105140,44.44,1,0,0,0,0,0
XLU STK SMART,20150325,105154,44.45,4,0,0,0,0,0
XLU STK SMART,20150325,105216,44.46,1,0,0,0,0,0
XLU STK SMART,20150325,105251,44.46,4,0,0,0,0,0
XLU STK SMART,20150325,105306,44.47,1,0,0,0,0,0
XLU STK SMART,20150325,105315,44.49,2,0,0,0,0,0
XLU STK SMART,20150325,105321,44.49,1,0,0,0,0,0
XLU STK SMART,20150325,105331,44.5,1,0,0,0,0,0
XLU STK SMART,20150325,105343,44.51,1,0,0,0,0,0
XLU STK SMART,20150325,105355,44.51,2,0,0,0,0,0
XLU STK SMART,20150325,105420,44.51,5,0,0,0,0,0
XLU STK SMART,20150325,105431,44.53,1,0,0,0,0,0
XLU STK SMART,20150325,105436,44.52,1,0,0,0,0,0
XLU STK SMART,20150325,105457,44.53,2,0,0,0,0,0
XLU STK SMART,20150325,105538,44.53,5,0,0,0,0,0
XLU STK SMART,20150325,105556,44.55,2,0,0,0,0,0
XLU STK SMART,20150325,105604,44.53,2,0,0,0,0,0
XLU STK SMART,20150325,105611,44.54,4,0,0,0,0,0
XLU STK SMART,20150325,105636,44.54,1,0,0,0,0,0
XLU STK SMART,20150325,105636,44.54,2,0,0,0,0,0
XLU STK SMART,20150325,105706,44.55,1,0,0,0,0,0
XLU STK SMART,20150325,105707,44.56,1,0,0,0,0,0
XLU STK SMART,20150325,105725,44.53,6,0,0,0,0,0
XLU STK SMART,20150325,105735,44.54,1,0,0,0,0,0
XLU STK SMART,20150325,105751,44.55,1,0,0,0,0,0
XLU STK SMART,20150325,105809,44.57,1,0,0,0,0,0
XLU STK SMART,20150325,105838,44.57,4,0,0,0,0,0
XLU STK SMART,20150325,105850,44.57,2,0,0,0,0,0
XLU STK SMART,20150325,105857,44.58,4,0,0,0,0,0
XLU STK SMART,20150325,105915,44.58,1,0,0,0,0,0
XLU STK SMART,20150325,105926,44.59,2,0,0,0,0,0
XLU STK SMART,20150325,105935,44.59,1,0,0,0,0,0
XLU STK SMART,20150325,105944,44.59,7,0,0,0,0,0
XLU STK SMART,20150325,105949,44.58,3,0,0,0,0,0
XLU STK SMART,20150325,110003,44.58,1,0,0,0,0,0
XLU STK SMART,20150325,110015,44.58,2,0,0,0,0,0
XLU STK SMART,20150325,110033,44.58,1,0,0,0,0,0
XLU STK SMART,20150325,110040,44.58,4,0,0,0,0,0
XLU STK SMART,20150325,110053,44.58,1,0,0,0,0,0
XLU STK SMART,20150325,110113,44.58,1,0,0,0,0,0
XLU STK SMART,20150325,110212,44.59,1,0,0,0,0,0
XLU STK SMART,20150325,110225,44.6,1,0,0,0,0,0
XLU STK SMART,20150325,110233,44.6,5,0,0,0,0,0
XLU STK SMART,20150325,110237,44.6,2,0,0,0,0,0
XLU STK SMART,20150325,110305,44.62,2,0,0,0,0,0
XLU STK SMART,20150325,110306,44.61,1,0,0,0,0,0
XLU STK SMART,20150325,110323,44.63,1,0,0,0,0,0
XLU STK SMART,20150325,110341,44.63,3,0,0,0,0,0
XLU STK SMART,20150325,110349,44.62,4,0,0,0,0,0
XLU STK SMART,20150325,110358,44.61,1,0,0,0,0,0
XLU STK SMART,20150325,110445,44.62,3,0,0,0,0,0
XLU STK SMART,20150325,110606,44.61,4,0,0,0,0,0
XLU STK SMART,20150325,110614,44.6,2,0,0,0,0,0
XLU STK SMART,20150325,110620,44.6,1,0,0,0,0,0
XLU STK SMART,20150325,110655,44.6,5,0,0,0,0,0
XLU STK SMART,20150325,110712,44.59,5,0,0,0,0,0
XLU STK SMART,20150325,110725,44.6,1,0,0,0,0,0
XLU STK SMART,20150325,110739,44.59,2,0,0,0,0,0
XLU STK SMART,20150325,110830,44.58,1,0,0,0,0,0
XLU STK SMART,20150325,110852,44.57,1,0,0,0,0,0
XLU STK SMART,20150325,110903,44.56,1,0,0,0,0,0
XLU STK SMART,20150325,110935,44.55,1,0,0,0,0,0
XLU STK SMART,20150325,110941,44.55,2,0,0,0,0,0
XLU STK SMART,20150325,110956,44.54,1,0,0,0,0,0
XLU STK SMART,20150325,111020,44.53,1,0,0,0,0,0
XLU STK SMART,20150325,111036,44.52,1,0,0,0,0,0
XLU STK SMART,20150325,111044,44.52,2,0,0,0,0,0
XLU STK SMART,20150325,111056,44.51,1,0,0,0,0,0
XLU STK SMART,20150325,111108,44.51,7,0,0,0,0,0
XLU STK SMART,20150325,111127,44.51,1,0,0,0,0,0
XLU STK SMART,20150325,111144,44.52,1,0,0,0,0,0
XLU STK SMART,20150325,111157,44.52,1,0,0,0,0,0
XLU STK SMART,20150325,111217,44.52,1,0,0,0,0,0
XLU STK SMART,20150325,111221,44.52,2,0,0,0,0,0
XLU STK SMART,20150325,111255,44.52,4,0,0,0,0,0
XLU STK SMART,20150325,111309,44.52,1,0,0,0,0,0
XLU STK SMART,20150325,111401,44.51,1,0,0,0,0,0
XLU STK SMART,20150325,111413,44.5,1,0,0,0,0,0
XLU STK SMART,20150325,111436,44.51,1,0,0,0,0,0
XLU STK SMART,20150325,111453,44.5,1,0,0,0,0,0
XLU STK SMART,20150325,111616,44.49,2,0,0,0,0,0
XLU STK SMART,20150325,111624,44.48,1,0,0,0,0,0
XLU STK SMART,20150325,111636,44.47,1,0,0,0,0,0
XLU STK SMART,20150325,111702,44.46,1,0,0,0,0,0
XLU STK SMART,20150325,111709,44.47,1,0,0,0,0,0
XLU STK SMART,20150325,111734,44.47,1,0,0,0,0,0
XLU STK SMART,20150325,111750,44.48,3,0,0,0,0,0
XLU STK SMART,20150325,111806,44.47,1,0,0,0,0,0
XLU STK SMART,20150325,111857,44.45,3,0,0,0,0,0
XLU STK SMART,20150325,111902,44.46,1,0,0,0,0,0
XLU STK SMART,20150325,111909,44.47,1,0,0,0,0,0
XLU STK SMART,20150325,111922,44.47,6,0,0,0,0,0
XLU STK SMART,20150325,111929,44.48,1,0,0,0,0,0
XLU STK SMART,20150325,111943,44.47,1,0,0,0,0,0
XLU STK SMART,20150325,112040,44.46,2,0,0,0,0,0
XLU STK SMART,20150325,112055,44.47,4,0,0,0,0,0
XLU STK SMART,20150325,112121,44.47,1,0,0,0,0,0
XLU STK SMART,20150325,112151,44.47,3,0,0,0,0,0
XLU STK SMART,20150325,112205,44.47,1,0,0,0,0,0
XLU STK SMART,20150325,112217,44.47,1,0,0,0,0,0
XLU STK SMART,20150325,112223,44.47,4,0,0,0,0,0
XLU STK SMART,20150325,112241,44.47,1,0,0,0,0,0
XLU STK SMART,20150325,112302,44.47,4,0,0,0,0,0
XLU STK SMART,20150325,112314,44.48,2,0,0,0,0,0
XLU STK SMART,20150325,112332,44.48,4,0,0,0,0,0
XLU STK SMART,20150325,112347,44.48,1,0,0,0,0,0
XLU STK SMART,20150325,112407,44.5,4,0,0,0,0,0
XLU STK SMART,20150325,112416,44.51,1,0,0,0,0,0
XLU STK SMART,20150325,112427,44.53,1,0,0,0,0,0
XLU STK SMART,20150325,112444,44.54,1,0,0,0,0,0
XLU STK SMART,20150325,112448,44.54,7,0,0,0,0,0
XLU STK SMART,20150325,112516,44.56,1,0,0,0,0,0
XLU STK SMART,20150325,112527,44.54,1,0,0,0,0,0
XLU STK SMART,20150325,112534,44.55,1,0,0,0,0,0
XLU STK SMART,20150325,112606,44.57,2,0,0,0,0,0
XLU STK SMART,20150325,112615,44.56,1,0,0,0,0,0
XLU STK SMART,20150325,112636,44.58,1,0,0,0,0,0
XLU STK SMART,20150325,112646,44.58,1,0,0,0,0,0
XLU STK SMART,20150325,112709,44.57,2,0,0,0,0,0
XLU STK SMART,20150325,112726,44.58,5,0,0,0,0,0
XLU STK SMART,20150325,112803,44.58,1,0,0,0,0,0
XLU STK SMART,20150325,112845,44.58,4,0,0,0,0,0
XLU STK SMART,20150325,112850,44.58,1,0,0,0,0,0
XLU STK SMART,20150325,112937,44.57,2,0,0,0,0,0
XLU STK SMART,20150325,112947,44.58,2,0,0,0,0,0
XLU STK SMART,20150325,112956,44.58,1,0,0,0,0,0
XLU STK SMART,20150325,113016,44.57,2,0,0,0,0,0
XLU STK SMART,20150325,113026,44.57,1,0,0,0,0,0
XLU STK SMART,20150325,113047,44.57,2,0,0,0,0,0
XLU STK SMART,20150325,113056,44.57,13,0,0,0,0,0
XLU STK SMART,20150325,113106,44.54,1,0,0,0,0,0
XLU STK SMART,20150325,113126,44.51,1,0,0,0,0,0
XLU STK SMART,20150325,113132,44.52,2,0,0,0,0,0
XLU STK SMART,20150325,113157,44.52,1,0,0,0,0,0
XLU STK SMART,20150325,113159,44.52,2,0,0,0,0,0
XLU STK SMART,20150325,113213,44.52,1,0,0,0,0,0
XLU STK SMART,20150325,113233,44.51,2,0,0,0,0,0
XLU STK SMART,20150325,113241,44.51,1,0,0,0,0,0
XLU STK SMART,20150325,113255,44.52,2,0,0,0,0,0
XLU STK SMART,20150325,113306,44.51,1,0,0,0,0,0
XLU STK SMART,20150325,113324,44.51,1,0,0,0,0,0
XLU STK SMART,20150325,113335,44.51,3,0,0,0,0,0
XLU STK SMART,20150325,113346,44.48,1,0,0,0,0,0
XLU STK SMART,20150325,113358,44.5,3,0,0,0,0,0
XLU STK SMART,20150325,113359,44.5,1,0,0,0,0,0
XLU STK SMART,20150325,113434,44.49,1,0,0,0,0,0
XLU STK SMART,20150325,113451,44.49,4,0,0,0,0,0
XLU STK SMART,20150325,113501,44.5,1,0,0,0,0,0
XLU STK SMART,20150325,113510,44.49,1,0,0,0,0,0
XLU STK SMART,20150325,113538,44.49,1,0,0,0,0,0
XLU STK SMART,20150325,113550,44.48,1,0,0,0,0,0
XLU STK SMART,20150325,113607,44.49,1,0,0,0,0,0
XLU STK SMART,20150325,113610,44.49,1,0,0,0,0,0
XLU STK SMART,20150325,113624,44.49,2,0,0,0,0,0
XLU STK SMART,20150325,113635,44.47,1,0,0,0,0,0
XLU STK SMART,20150325,113648,44.46,2,0,0,0,0,0
XLU STK SMART,20150325,113700,44.46,1,0,0,0,0,0
XLU STK SMART,20150325,113714,44.45,1,0,0,0,0,0
XLU STK SMART,20150325,113737,44.45,4,0,0,0,0,0
XLU STK SMART,20150325,113744,44.44,1,0,0,0,0,0
XLU STK SMART,20150325,113816,44.43,3,0,0,0,0,0
XLU STK SMART,20150325,113825,44.42,3,0,0,0,0,0
XLU STK SMART,20150325,113836,44.4,10,0,0,0,0,0
XLU STK SMART,20150325,113841,44.4,3,0,0,0,0,0
XLU STK SMART,20150325,113849,44.39,1,0,0,0,0,0
XLU STK SMART,20150325,113918,44.38,2,0,0,0,0,0
XLU STK SMART,20150325,113928,44.37,1,0,0,0,0,0
XLU STK SMART,20150325,113938,44.37,1,0,0,0,0,0
XLU STK SMART,20150325,113948,44.36,1,0,0,0,0,0
XLU STK SMART,20150325,114006,44.37,3,0,0,0,0,0
XLU STK SMART,20150325,114016,44.35,1,0,0,0,0,0
XLU STK SMART,20150325,114027,44.35,1,0,0,0,0,0
XLU STK SMART,20150325,114029,44.34,1,0,0,0,0,0
XLU STK SMART,20150325,114040,44.32,3,0,0,0,0,0
XLU STK SMART,20150325,114107,44.31,1,0,0,0,0,0
XLU STK SMART,20150325,114118,44.28,3,0,0,0,0,0
XLU STK SMART,20150325,114128,44.28,1,0,0,0,0,0
XLU STK SMART,20150325,114138,44.29,1,0,0,0,0,0
XLU STK SMART,20150325,114146,44.29,1,0,0,0,0,0
XLU STK SMART,20150325,114155,44.3,1,0,0,0,0,0
XLU STK SMART,20150325,114203,44.31,1,0,0,0,0,0
XLU STK SMART,20150325,114244,44.3,9,0,0,0,0,0
XLU STK SMART,20150325,114255,44.31,1,0,0,0,0,0
XLU STK SMART,20150325,114305,44.32,2,0,0,0,0,0
XLU STK SMART,20150325,114321,44.32,2,0,0,0,0,0
XLU STK SMART,20150325,114348,44.32,4,0,0,0,0,0
XLU STK SMART,20150325,114353,44.32,2,0,0,0,0,0
XLU STK SMART,20150325,114401,44.34,1,0,0,0,0,0
XLU STK SMART,20150325,114425,44.35,2,0,0,0,0,0
XLU STK SMART,20150325,114434,44.35,2,0,0,0,0,0
XLU STK SMART,20150325,114444,44.35,3,0,0,0,0,0
XLU STK SMART,20150325,114458,44.34,5,0,0,0,0,0
XLU STK SMART,20150325,114459,44.34,1,0,0,0,0,0
XLU STK SMART,20150325,114514,44.32,2,0,0,0,0,0
XLU STK SMART,20150325,114529,44.32,1,0,0,0,0,0
XLU STK SMART,20150325,114541,44.33,1,0,0,0,0,0
XLU STK SMART,20150325,114616,44.31,2,0,0,0,0,0
XLU STK SMART,20150325,114628,44.3,1,0,0,0,0,0
XLU STK SMART,20150325,114629,44.3,2,0,0,0,0,0
XLU STK SMART,20150325,114646,44.32,1,0,0,0,0,0
XLU STK SMART,20150325,114716,44.32,1,0,0,0,0,0
XLU STK SMART,20150325,114725,44.31,1,0,0,0,0,0
XLU STK SMART,20150325,114731,44.32,2,0,0,0,0,0
XLU STK SMART,20150325,114747,44.32,1,0,0,0,0,0
XLU STK SMART,20150325,114804,44.32,2,0,0,0,0,0
XLU STK SMART,20150325,114818,44.32,1,0,0,0,0,0
XLU STK SMART,20150325,114838,44.32,1,0,0,0,0,0
XLU STK SMART,20150325,114844,44.32,4,0,0,0,0,0
XLU STK SMART,20150325,114936,44.3,4,0,0,0,0,0
XLU STK SMART,20150325,114946,44.29,1,0,0,0,0,0
XLU STK SMART,20150325,114958,44.28,1,0,0,0,0,0
XLU STK SMART,20150325,115007,44.28,6,0,0,0,0,0
XLU STK SMART,20150325,115009,44.28,2,0,0,0,0,0
XLU STK SMART,20150325,115026,44.28,1,0,0,0,0,0
XLU STK SMART,20150325,115038,44.27,1,0,0,0,0,0
XLU STK SMART,20150325,115048,44.29,2,0,0,0,0,0
XLU STK SMART,20150325,115051,44.28,1,0,0,0,0,0
XLU STK SMART,20150325,115127,44.27,1,0,0,0,0,0
XLU STK SMART,20150325,115148,44.27,2,0,0,0,0,0
XLU STK SMART,20150325,115149,44.27,1,0,0,0,0,0
XLU STK SMART,20150325,115224,44.28,3,0,0,0,0,0
XLU STK SMART,20150325,115244,44.27,1,0,0,0,0,0
XLU STK SMART,20150325,115253,44.26,1,0,0,0,0,0
XLU STK SMART,20150325,115319,44.27,1,0,0,0,0,0
XLU STK SMART,20150325,115327,44.26,1,0,0,0,0,0
XLU STK SMART,20150325,115336,44.26,1,0,0,0,0,0
XLU STK SMART,20150325,115405,44.24,1,0,0,0,0,0
XLU STK SMART,20150325,115418,44.26,3,0,0,0,0,0
XLU STK SMART,20150325,115420,44.26,1,0,0,0,0,0
XLU STK SMART,20150325,115436,44.24,1,0,0,0,0,0
XLU STK SMART,20150325,115441,44.23,1,0,0,0,0,0
XLU STK SMART,20150325,115454,44.23,4,0,0,0,0,0
XLU STK SMART,20150325,115515,44.22,1,0,0,0,0,0
XLU STK SMART,20150325,115531,44.22,2,0,0,0,0,0
XLU STK SMART,20150325,115543,44.21,4,0,0,0,0,0
XLU STK SMART,20150325,115558,44.19,1,0,0,0,0,0
XLU STK SMART,20150325,115559,44.18,1,0,0,0,0,0
XLU STK SMART,20150325,115614,44.19,2,0,0,0,0,0
XLU STK SMART,20150325,115623,44.19,1,0,0,0,0,0
XLU STK SMART,20150325,115636,44.19,1,0,0,0,0,0
XLU STK SMART,20150325,115647,44.17,1,0,0,0,0,0
XLU STK SMART,20150325,115709,44.18,3,0,0,0,0,0
XLU STK SMART,20150325,115718,44.18,1,0,0,0,0,0
XLU STK SMART,20150325,115721,44.19,1,0,0,0,0,0
XLU STK SMART,20150325,115735,44.2,1,0,0,0,0,0
XLU STK SMART,20150325,115758,44.2,1,0,0,0,0,0
XLU STK SMART,20150325,115819,44.19,1,0,0,0,0,0
XLU STK SMART,20150325,115829,44.2,2,0,0,0,0,0
XLU STK SMART,20150325,115834,44.23,7,0,0,0,0,0
XLU STK SMART,20150325,115851,44.22,1,0,0,0,0,0
XLU STK SMART,20150325,115907,44.22,3,0,0,0,0,0
XLU STK SMART,20150325,115911,44.23,1,0,0,0,0,0
XLU STK SMART,20150325,115939,44.23,1,0,0,0,0,0
XLU STK SMART,20150325,115949,44.24,3,0,0,0,0,0
XLU STK SMART,20150325,115955,44.23,1,0,0,0,0,0
XLU STK SMART,20150325,120051,44.24,1,0,0,0,0,0
XLU STK SMART,20150325,120109,44.25,1,0,0,0,0,0
XLU STK SMART,20150325,120123,44.26,1,0,0,0,0,0
XLU STK SMART,20150325,120135,44.25,3,0,0,0,0,0
XLU STK SMART,20150325,120147,44.25,5,0,0,0,0,0
XLU STK SMART,20150325,120204,44.25,1,0,0,0,0,0
XLU STK SMART,20150325,120219,44.25,1,0,0,0,0,0
XLU STK SMART,20150325,120229,44.26,1,0,0,0,0,0
XLU STK SMART,20150325,120239,44.27,2,0,0,0,0,0
XLU STK SMART,20150325,120248,44.25,1,0,0,0,0,0
XLU STK SMART,20150325,120257,44.25,6,0,0,0,0,0
XLU STK SMART,20150325,120316,44.25,1,0,0,0,0,0
XLU STK SMART,20150325,120326,44.24,4,0,0,0,0,0
XLU STK SMART,20150325,120332,44.24,1,0,0,0,0,0
XLU STK SMART,20150325,120343,44.25,1,0,0,0,0,0
XLU STK SMART,20150325,120350,44.24,1,0,0,0,0,0
XLU STK SMART,20150325,120403,44.25,1,0,0,0,0,0
XLU STK SMART,20150325,120419,44.26,1,0,0,0,0,0
XLU STK SMART,20150325,120433,44.27,1,0,0,0,0,0
XLU STK SMART,20150325,120449,44.27,1,0,0,0,0,0
XLU STK SMART,20150325,120509,44.3,2,0,0,0,0,0
XLU STK SMART,20150325,120513,44.3,2,0,0,0,0,0
XLU STK SMART,20150325,120527,44.3,3,0,0,0,0,0
XLU STK SMART,20150325,120533,44.29,2,0,0,0,0,0
XLU STK SMART,20150325,120544,44.3,1,0,0,0,0,0
XLU STK SMART,20150325,120609,44.3,2,0,0,0,0,0
XLU STK SMART,20150325,120617,44.3,1,0,0,0,0,0
XLU STK SMART,20150325,120633,44.31,1,0,0,0,0,0
XLU STK SMART,20150325,120729,44.32,1,0,0,0,0,0
XLU STK SMART,20150325,120739,44.32,4,0,0,0,0,0
XLU STK SMART,20150325,120748,44.31,4,0,0,0,0,0
XLU STK SMART,20150325,120808,44.31,1,0,0,0,0,0
XLU STK SMART,20150325,120814,44.31,1,0,0,0,0,0
XLU STK SMART,20150325,120829,44.29,2,0,0,0,0,0
XLU STK SMART,20150325,120836,44.28,1,0,0,0,0,0
XLU STK SMART,20150325,120856,44.28,1,0,0,0,0,0
XLU STK SMART,20150325,120901,44.28,4,0,0,0,0,0
XLU STK SMART,20150325,120919,44.27,1,0,0,0,0,0
XLU STK SMART,20150325,120936,44.24,1,0,0,0,0,0
XLU STK SMART,20150325,120944,44.23,1,0,0,0,0,0
XLU STK SMART,20150325,120951,44.24,2,0,0,0,0,0
XLU STK SMART,20150325,121008,44.22,1,0,0,0,0,0
XLU STK SMART,20150325,121016,44.23,5,0,0,0,0,0
XLU STK SMART,20150325,121024,44.23,1,0,0,0,0,0
XLU STK SMART,20150325,121039,44.22,4,0,0,0,0,0
XLU STK SMART,20150325,121048,44.22,9,0,0,0,0,0
XLU STK SMART,20150325,121059,44.21,20,0,0,0,0,0
XLU STK SMART,20150325,121104,44.21,2,0,0,0,0,0
XLU STK SMART,20150325,121114,44.21,1,0,0,0,0,0
XLU STK SMART,20150325,121129,44.22,1,0,0,0,0,0
XLU STK SMART,20150325,121130,44.22,3,0,0,0,0,0
XLU STK SMART,20150325,121151,44.21,3,0,0,0,0,0
XLU STK SMART,20150325,121201,44.22,1,0,0,0,0,0
XLU STK SMART,20150325,121227,44.21,1,0,0,0,0,0
XLU STK SMART,20150325,121239,44.2,2,0,0,0,0,0
XLU STK SMART,20150325,121240,44.2,1,0,0,0,0,0
XLU STK SMART,20150325,121252,44.21,1,0,0,0,0,0
XLU STK SMART,20150325,121310,44.22,1,0,0,0,0,0
XLU STK SMART,20150325,121328,44.22,2,0,0,0,0,0
XLU STK SMART,20150325,121340,44.21,1,0,0,0,0,0
XLU STK SMART,20150325,121343,44.21,2,0,0,0,0,0
XLU STK SMART,20150325,121351,44.2,6,0,0,0,0,0
XLU STK SMART,20150325,121418,44.2,1,0,0,0,0,0
XLU STK SMART,20150325,121433,44.19,2,0,0,0,0,0
XLU STK SMART,20150325,121449,44.19,1,0,0,0,0,0
XLU STK SMART,20150325,121523,44.19,2,0,0,0,0,0
XLU STK SMART,20150325,121534,44.2,1,0,0,0,0,0
XLU STK SMART,20150325,121542,44.19,1,0,0,0,0,0
XLU STK SMART,20150325,121655,44.18,7,0,0,0,0,0
XLU STK SMART,20150325,121703,44.19,1,0,0,0,0,0
XLU STK SMART,20150325,121718,44.17,1,0,0,0,0,0
XLU STK SMART,20150325,121726,44.18,3,0,0,0,0,0
XLU STK SMART,20150325,121737,44.19,1,0,0,0,0,0
XLU STK SMART,20150325,121750,44.18,4,0,0,0,0,0
XLU STK SMART,20150325,121759,44.19,5,0,0,0,0,0
XLU STK SMART,20150325,121839,44.19,1,0,0,0,0,0
XLU STK SMART,20150325,121848,44.2,2,0,0,0,0,0
XLU STK SMART,20150325,121900,44.19,5,0,0,0,0,0
XLU STK SMART,20150325,121910,44.2,2,0,0,0,0,0
XLU STK SMART,20150325,121914,44.21,1,0,0,0,0,0
XLU STK SMART,20150325,121921,44.21,3,0,0,0,0,0
XLU STK SMART,20150325,121933,44.22,1,0,0,0,0,0
XLU STK SMART,20150325,122000,44.21,5,0,0,0,0,0
XLU STK SMART,20150325,122009,44.19,20,0,0,0,0,0
XLU STK SMART,20150325,122018,44.18,3,0,0,0,0,0
XLU STK SMART,20150325,122037,44.18,2,0,0,0,0,0
XLU STK SMART,20150325,122100,44.19,1,0,0,0,0,0
XLU STK SMART,20150325,122102,44.19,2,0,0,0,0,0
XLU STK SMART,20150325,122114,44.2,2,0,0,0,0,0
XLU STK SMART,20150325,122127,44.21,1,0,0,0,0,0
XLU STK SMART,20150325,122147,44.18,2,0,0,0,0,0
XLU STK SMART,20150325,122151,44.18,1,0,0,0,0,0
XLU STK SMART,20150325,122208,44.19,3,0,0,0,0,0
XLU STK SMART,20150325,122220,44.15,1,0,0,0,0,0
XLU STK SMART,20150325,122230,44.15,3,0,0,0,0,0
XLU STK SMART,20150325,122240,44.13,1,0,0,0,0,0
XLU STK SMART,20150325,122246,44.13,1,0,0,0,0,0
XLU STK SMART,20150325,122256,44.12,1,0,0,0,0,0
XLU STK SMART,20150325,122308,44.14,5,0,0,0,0,0
XLU STK SMART,20150325,122320,44.14,1,0,0,0,0,0
XLU STK SMART,20150325,122327,44.14,5,0,0,0,0,0
XLU STK SMART,20150325,122336,44.13,2,0,0,0,0,0
XLU STK SMART,20150325,122350,44.13,1,0,0,0,0,0
XLU STK SMART,20150325,122359,44.12,2,0,0,0,0,0
XLU STK SMART,20150325,122405,44.13,9,0,0,0,0,0
XLU STK SMART,20150325,122419,44.13,1,0,0,0,0,0
XLU STK SMART,20150325,122425,44.12,1,0,0,0,0,0
XLU STK SMART,20150325,122506,44.12,1,0,0,0,0,0
XLU STK SMART,20150325,122520,44.13,2,0,0,0,0,0
XLU STK SMART,20150325,122530,44.13,3,0,0,0,0,0
XLU STK SMART,20150325,122538,44.13,4,0,0,0,0,0
XLU STK SMART,20150325,122541,44.13,1,0,0,0,0,0
XLU STK SMART,20150325,122559,44.14,5,0,0,0,0,0
XLU STK SMART,20150325,122610,44.15,1,0,0,0,0,0
XLU STK SMART,20150325,122617,44.15,1,0,0,0,0,0
XLU STK SMART,20150325,122626,44.15,2,0,0,0,0,0
XLU STK SMART,20150325,122647,44.15,2,0,0,0,0,0
XLU STK SMART,20150325,122658,44.17,6,0,0,0,0,0
XLU STK SMART,20150325,122706,44.17,1,0,0,0,0,0
XLU STK SMART,20150325,122716,44.17,20,0,0,0,0,0
XLU STK SMART,20150325,122730,44.17,5,0,0,0,0,0
XLU STK SMART,20150325,122739,44.17,2,0,0,0,0,0
XLU STK SMART,20150325,122750,44.17,3,0,0,0,0,0
XLU STK SMART,20150325,122800,44.18,1,0,0,0,0,0
XLU STK SMART,20150325,122808,44.18,2,0,0,0,0,0
XLU STK SMART,20150325,122818,44.19,1,0,0,0,0,0
XLU STK SMART,20150325,122827,44.19,2,0,0,0,0,0
XLU STK SMART,20150325,122836,44.2,1,0,0,0,0,0
XLU STK SMART,20150325,122850,44.2,2,0,0,0,0,0
XLU STK SMART,20150325,122906,44.19,10,0,0,0,0,0
XLU STK SMART,20150325,122917,44.19,4,0,0,0,0,0
XLU STK SMART,20150325,122931,44.18,3,0,0,0,0,0
XLU STK SMART,20150325,122936,44.18,2,0,0,0,0,0
XLU STK SMART,20150325,122950,44.18,1,0,0,0,0,0
XLU STK SMART,20150325,123008,44.19,1,0,0,0,0,0
XLU STK SMART,20150325,123018,44.19,2,0,0,0,0,0
XLU STK SMART,20150325,123035,44.17,2,0,0,0,0,0
XLU STK SMART,20150325,123048,44.18,1,0,0,0,0,0
XLU STK SMART,20150325,123108,44.17,1,0,0,0,0,0
XLU STK SMART,20150325,123130,44.17,1,0,0,0,0,0
XLU STK SMART,20150325,123138,44.2,1,0,0,0,0,0
XLU STK SMART,20150325,123150,44.19,1,0,0,0,0,0
XLU STK SMART,20150325,123155,44.17,1,0,0,0,0,0
XLU STK SMART,20150325,123209,44.19,1,0,0,0,0,0
XLU STK SMART,20150325,123220,44.18,2,0,0,0,0,0
XLU STK SMART,20150325,123241,44.18,4,0,0,0,0,0
XLU STK SMART,20150325,123244,44.19,1,0,0,0,0,0
XLU STK SMART,20150325,123300,44.17,9,0,0,0,0,0
XLU STK SMART,20150325,123328,44.15,1,0,0,0,0,0
XLU STK SMART,20150325,123340,44.13,2,0,0,0,0,0
XLU STK SMART,20150325,123350,44.14,5,0,0,0,0,0
XLU STK SMART,20150325,123354,44.14,2,0,0,0,0,0
XLU STK SMART,20150325,123408,44.14,2,0,0,0,0,0
XLU STK SMART,20150325,123417,44.16,3,0,0,0,0,0
XLU STK SMART,20150325,123431,44.15,1,0,0,0,0,0
XLU STK SMART,20150325,123441,44.14,1,0,0,0,0,0
XLU STK SMART,20150325,123501,44.14,1,0,0,0,0,0
XLU STK SMART,20150325,123520,44.15,3,0,0,0,0,0
XLU STK SMART,20150325,123540,44.13,1,0,0,0,0,0
XLU STK SMART,20150325,123549,44.13,1,0,0,0,0,0
XLU STK SMART,20150325,123605,44.14,2,0,0,0,0,0
XLU STK SMART,20150325,123612,44.13,3,0,0,0,0,0
XLU STK SMART,20150325,123628,44.13,1,0,0,0,0,0
XLU STK SMART,20150325,123707,44.12,1,0,0,0,0,0
XLU STK SMART,20150325,123728,44.12,1,0,0,0,0,0
XLU STK SMART,20150325,123743,44.12,1,0,0,0,0,0
XLU STK SMART,20150325,123806,44.13,1,0,0,0,0,0
XLU STK SMART,20150325,123817,44.15,1,0,0,0,0,0
XLU STK SMART,20150325,123826,44.15,1,0,0,0,0,0
XLU STK SMART,20150325,123919,44.14,2,0,0,0,0,0
XLU STK SMART,20150325,123924,44.14,1,0,0,0,0,0
XLU STK SMART,20150325,123936,44.14,2,0,0,0,0,0
XLU STK SMART,20150325,123948,44.13,5,0,0,0,0,0
XLU STK SMART,20150325,124001,44.13,1,0,0,0,0,0
XLU STK SMART,20150325,124011,44.13,1,0,0,0,0,0
XLU STK SMART,20150325,124031,44.13,1,0,0,0,0,0
XLU STK SMART,20150325,124036,44.11,1,0,0,0,0,0
XLU STK SMART,20150325,124101,44.11,4,0,0,0,0,0
XLU STK SMART,20150325,124108,44.13,4,0,0,0,0,0
XLU STK SMART,20150325,124118,44.13,2,0,0,0,0,0
XLU STK SMART,20150325,124130,44.15,1,0,0,0,0,0
XLU STK SMART,20150325,124149,44.15,1,0,0,0,0,0
XLU STK SMART,20150325,124154,44.14,1,0,0,0,0,0
XLU STK SMART,20150325,124211,44.15,1,0,0,0,0,0
XLU STK SMART,20150325,124231,44.14,1,0,0,0,0,0
XLU STK SMART,20150325,124233,44.13,3,0,0,0,0,0
XLU STK SMART,20150325,124301,44.14,1,0,0,0,0,0
XLU STK SMART,20150325,124308,44.13,1,0,0,0,0,0
XLU STK SMART,20150325,124316,44.13,5,0,0,0,0,0
XLU STK SMART,20150325,124328,44.13,1,0,0,0,0,0
XLU STK SMART,20150325,124338,44.12,1,0,0,0,0,0
XLU STK SMART,20150325,124350,44.13,1,0,0,0,0,0
XLU STK SMART,20150325,124401,44.12,2,0,0,0,0,0
XLU STK SMART,20150325,124405,44.13,1,0,0,0,0,0
XLU STK SMART,20150325,124430,44.13,1,0,0,0,0,0
XLU STK SMART,20150325,124436,44.14,1,0,0,0,0,0
XLU STK SMART,20150325,124451,44.15,1,0,0,0,0,0
XLU STK SMART,20150325,124459,44.15,2,0,0,0,0,0
XLU STK SMART,20150325,124511,44.16,3,0,0,0,0,0
XLU STK SMART,20150325,124518,44.15,2,0,0,0,0,0
XLU STK SMART,20150325,124525,44.15,1,0,0,0,0,0
XLU STK SMART,20150325,124541,44.14,1,0,0,0,0,0
XLU STK SMART,20150325,124550,44.13,10,0,0,0,0,0
XLU STK SMART,20150325,124559,44.13,1,0,0,0,0,0
XLU STK SMART,20150325,124610,44.14,1,0,0,0,0,0
XLU STK SMART,20150325,124612,44.15,1,0,0,0,0,0
XLU STK SMART,20150325,124622,44.14,2,0,0,0,0,0
XLU STK SMART,20150325,124639,44.14,4,0,0,0,0,0
XLU STK SMART,20150325,124701,44.15,1,0,0,0,0,0
XLU STK SMART,20150325,124708,44.16,2,0,0,0,0,0
XLU STK SMART,20150325,124725,44.17,1,0,0,0,0,0
XLU STK SMART,20150325,124742,44.17,1,0,0,0,0,0
XLU STK SMART,20150325,124743,44.17,2,0,0,0,0,0
XLU STK SMART,20150325,124806,44.17,1,0,0,0,0,0
XLU STK SMART,20150325,124821,44.16,2,0,0,0,0,0
XLU STK SMART,20150325,124836,44.16,1,0,0,0,0,0
XLU STK SMART,20150325,124851,44.16,2,0,0,0,0,0
XLU STK SMART,20150325,124900,44.17,1,0,0,0,0,0
XLU STK SMART,20150325,124938,44.17,2,0,0,0,0,0
XLU STK SMART,20150325,124950,44.15,1,0,0,0,0,0
XLU STK SMART,20150325,124953,44.16,1,0,0,0,0,0
XLU STK SMART,20150325,125019,44.17,1,0,0,0,0,0
XLU STK SMART,20150325,125025,44.18,1,0,0,0,0,0
XLU STK SMART,20150325,125039,44.18,5,0,0,0,0,0
XLU STK SMART,20150325,125043,44.17,2,0,0,0,0,0
XLU STK SMART,20150325,125052,44.17,1,0,0,0,0,0
XLU STK SMART,20150325,125105,44.17,2,0,0,0,0,0
XLU STK SMART,20150325,125121,44.17,1,0,0,0,0,0
XLU STK SMART,20150325,125126,44.18,1,0,0,0,0,0
XLU STK SMART,20150325,125201,44.15,2,0,0,0,0,0
XLU STK SMART,20150325,125224,44.15,1,0,0,0,0,0
XLU STK SMART,20150325,125239,44.14,3,0,0,0,0,0
XLU STK SMART,20150325,125250,44.15,1,0,0,0,0,0
XLU STK SMART,20150325,125321,44.16,1,0,0,0,0,0
XLU STK SMART,20150325,125333,44.16,5,0,0,0,0,0
XLU STK SMART,20150325,125347,44.15,1,0,0,0,0,0
XLU STK SMART,20150325,125359,44.16,2,0,0,0,0,0
XLU STK SMART,20150325,125411,44.15,2,0,0,0,0,0
XLU STK SMART,20150325,125426,44.15,1,0,0,0,0,0
XLU STK SMART,20150325,125435,44.15,7,0,0,0,0,0
XLU STK SMART,20150325,125511,44.15,3,0,0,0,0,0
XLU STK SMART,20150325,125541,44.14,1,0,0,0,0,0
XLU STK SMART,20150325,125548,44.13,1,0,0,0,0,0
XLU STK SMART,20150325,125603,44.14,3,0,0,0,0,0
XLU STK SMART,20150325,125651,44.14,5,0,0,0,0,0
XLU STK SMART,20150325,125715,44.15,2,0,0,0,0,0
XLU STK SMART,20150325,125801,44.14,3,0,0,0,0,0
XLU STK SMART,20150325,125827,44.16,4,0,0,0,0,0
XLU STK SMART,20150325,125842,44.14,1,0,0,0,0,0
XLU STK SMART,20150325,125842,44.15,2,0,0,0,0,0
XLU STK SMART,20150325,125858,44.14,2,0,0,0,0,0
XLU STK SMART,20150325,125928,44.14,4,0,0,0,0,0
XLU STK SMART,20150325,125947,44.14,1,0,0,0,0,0
XLU STK SMART,20150325,130003,44.15,1,0,0,0,0,0
XLU STK SMART,20150325,130032,44.13,1,0,0,0,0,0
XLU STK SMART,20150325,130035,44.15,1,0,0,0,0,0
XLU STK SMART,20150325,130114,44.14,1,0,0,0,0,0
XLU STK SMART,20150325,130146,44.13,2,0,0,0,0,0
XLU STK SMART,20150325,130200,44.14,1,0,0,0,0,0
XLU STK SMART,20150325,130212,44.13,1,0,0,0,0,0
XLU STK SMART,20150325,130242,44.15,1,0,0,0,0,0
XLU STK SMART,20150325,130251,44.16,1,0,0,0,0,0
XLU STK SMART,20150325,130256,44.16,3,0,0,0,0,0
XLU STK SMART,20150325,130307,44.17,1,0,0,0,0,0
XLU STK SMART,20150325,130331,44.16,1,0,0,0,0,0
XLU STK SMART,20150325,130333,44.15,1,0,0,0,0,0
XLU STK SMART,20150325,130355,44.16,1,0,0,0,0,0
XLU STK SMART,20150325,130521,44.16,1,0,0,0,0,0
XLU STK SMART,20150325,130539,44.16,5,0,0,0,0,0
XLU STK SMART,20150325,130550,44.15,1,0,0,0,0,0
XLU STK SMART,20150325,130557,44.15,5,0,0,0,0,0
XLU STK SMART,20150325,130617,44.16,2,0,0,0,0,0
XLU STK SMART,20150325,130632,44.16,3,0,0,0,0,0
XLU STK SMART,20150325,130649,44.16,2,0,0,0,0,0
XLU STK SMART,20150325,130655,44.15,1,0,0,0,0,0
XLU STK SMART,20150325,130703,44.15,2,0,0,0,0,0
XLU STK SMART,20150325,130730,44.15,3,0,0,0,0,0
XLU STK SMART,20150325,130742,44.15,2,0,0,0,0,0
XLU STK SMART,20150325,130748,44.15,1,0,0,0,0,0
XLU STK SMART,20150325,130758,44.17,1,0,0,0,0,0
XLU STK SMART,20150325,130809,44.18,1,0,0,0,0,0
XLU STK SMART,20150325,130819,44.17,1,0,0,0,0,0
XLU STK SMART,20150325,130905,44.18,1,0,0,0,0,0
XLU STK SMART,20150325,130922,44.17,2,0,0,0,0,0
XLU STK SMART,20150325,130947,44.17,1,0,0,0,0,0
XLU STK SMART,20150325,130955,44.16,2,0,0,0,0,0
XLU STK SMART,20150325,131004,44.16,1,0,0,0,0,0
XLU STK SMART,20150325,131019,44.15,1,0,0,0,0,0
XLU STK SMART,20150325,131052,44.15,2,0,0,0,0,0
XLU STK SMART,20150325,131053,44.15,1,0,0,0,0,0
XLU STK SMART,20150325,131132,44.14,2,0,0,0,0,0
XLU STK SMART,20150325,131139,44.14,2,0,0,0,0,0
XLU STK SMART,20150325,131157,44.12,1,0,0,0,0,0
XLU STK SMART,20150325,131204,44.12,2,0,0,0,0,0
XLU STK SMART,20150325,131213,44.12,1,0,0,0,0,0
XLU STK SMART,20150325,131241,44.12,1,0,0,0,0,0
XLU STK SMART,20150325,131250,44.13,1,0,0,0,0,0
XLU STK SMART,20150325,131320,44.11,4,0,0,0,0,0
XLU STK SMART,20150325,131332,44.09,3,0,0,0,0,0
XLU STK SMART,20150325,131341,44.12,3,0,0,0,0,0
XLU STK SMART,20150325,131346,44.12,1,0,0,0,0,0
XLU STK SMART,20150325,131450,44.11,2,0,0,0,0,0
XLU STK SMART,20150325,131508,44.12,1,0,0,0,0,0
XLU STK SMART,20150325,131515,44.12,1,0,0,0,0,0
XLU STK SMART,20150325,131527,44.12,1,0,0,0,0,0
XLU STK SMART,20150325,131604,44.11,1,0,0,0,0,0
XLU STK SMART,20150325,131618,44.11,2,0,0,0,0,0
XLU STK SMART,20150325,131631,44.12,1,0,0,0,0,0
XLU STK SMART,20150325,131637,44.11,1,0,0,0,0,0
XLU STK SMART,20150325,131648,44.11,1,0,0,0,0,0
XLU STK SMART,20150325,131712,44.11,1,0,0,0,0,0
XLU STK SMART,20150325,131733,44.1,1,0,0,0,0,0
XLU STK SMART,20150325,131741,44.11,1,0,0,0,0,0
XLU STK SMART,20150325,131746,44.11,3,0,0,0,0,0
XLU STK SMART,20150325,131759,44.11,1,0,0,0,0,0
XLU STK SMART,20150325,131822,44.1,1,0,0,0,0,0
XLU STK SMART,20150325,131831,44.11,2,0,0,0,0,0
XLU STK SMART,20150325,131834,44.11,1,0,0,0,0,0
XLU STK SMART,20150325,131848,44.12,1,0,0,0,0,0
XLU STK SMART,20150325,131901,44.12,2,0,0,0,0,0
XLU STK SMART,20150325,131906,44.13,1,0,0,0,0,0
XLU STK SMART,20150325,131916,44.13,3,0,0,0,0,0
XLU STK SMART,20150325,131941,44.14,1,0,0,0,0,0
XLU STK SMART,20150325,132011,44.14,1,0,0,0,0,0
XLU STK SMART,20150325,132022,44.12,2,0,0,0,0,0
XLU STK SMART,20150325,132053,44.13,1,0,0,0,0,0
XLU STK SMART,20150325,132059,44.12,1,0,0,0,0,0
XLU STK SMART,20150325,132141,44.11,2,0,0,0,0,0
XLU STK SMART,20150325,132143,44.1,1,0,0,0,0,0
XLU STK SMART,20150325,132229,44.1,2,0,0,0,0,0
XLU STK SMART,20150325,132240,44.11,2,0,0,0,0,0
XLU STK SMART,20150325,132251,44.12,2,0,0,0,0,0
XLU STK SMART,20150325,132316,44.12,1,0,0,0,0,0
XLU STK SMART,20150325,132347,44.11,2,0,0,0,0,0
XLU STK SMART,20150325,132408,44.12,1,0,0,0,0,0
XLU STK SMART,20150325,132419,44.12,2,0,0,0,0,0
XLU STK SMART,20150325,132428,44.12,1,0,0,0,0,0
XLU STK SMART,20150325,132503,44.12,2,0,0,0,0,0
XLU STK SMART,20150325,132504,44.13,1,0,0,0,0,0
XLU STK SMART,20150325,132518,44.14,1,0,0,0,0,0
XLU STK SMART,20150325,132532,44.15,5,0,0,0,0,0
XLU STK SMART,20150325,132542,44.14,2,0,0,0,0,0
XLU STK SMART,20150325,132643,44.14,1,0,0,0,0,0
XLU STK SMART,20150325,132653,44.14,3,0,0,0,0,0
XLU STK SMART,20150325,132654,44.14,2,0,0,0,0,0
XLU STK SMART,20150325,132706,44.14,1,0,0,0,0,0
XLU STK SMART,20150325,132721,44.15,1,0,0,0,0,0
XLU STK SMART,20150325,132751,44.16,1,0,0,0,0,0
XLU STK SMART,20150325,132756,44.17,1,0,0,0,0,0
XLU STK SMART,20150325,132813,44.18,1,0,0,0,0,0
XLU STK SMART,20150325,132824,44.18,1,0,0,0,0,0
XLU STK SMART,20150325,132833,44.17,1,0,0,0,0,0
XLU STK SMART,20150325,132842,44.18,1,0,0,0,0,0
XLU STK SMART,20150325,132857,44.17,3,0,0,0,0,0
XLU STK SMART,20150325,132905,44.17,1,0,0,0,0,0
XLU STK SMART,20150325,132918,44.17,1,0,0,0,0,0
XLU STK SMART,20150325,132953,44.17,1,0,0,0,0,0
XLU STK SMART,20150325,133002,44.17,1,0,0,0,0,0
XLU STK SMART,20150325,133014,44.16,1,0,0,0,0,0
XLU STK SMART,20150325,133024,44.15,1,0,0,0,0,0
XLU STK SMART,20150325,133041,44.14,2,0,0,0,0,0
XLU STK SMART,20150325,133048,44.14,1,0,0,0,0,0
XLU STK SMART,20150325,133101,44.14,1,0,0,0,0,0
XLU STK SMART,20150325,133121,44.13,2,0,0,0,0,0
XLU STK SMART,20150325,133131,44.12,1,0,0,0,0,0
XLU STK SMART,20150325,133142,44.12,4,0,0,0,0,0
XLU STK SMART,20150325,133145,44.12,2,0,0,0,0,0
XLU STK SMART,20150325,133200,44.13,3,0,0,0,0,0
XLU STK SMART,20150325,133219,44.12,2,0,0,0,0,0
XLU STK SMART,20150325,133229,44.12,1,0,0,0,0,0
XLU STK SMART,20150325,133322,44.11,1,0,0,0,0,0
XLU STK SMART,20150325,133343,44.1,1,0,0,0,0,0
XLU STK SMART,20150325,133402,44.11,1,0,0,0,0,0
XLU STK SMART,20150325,133411,44.11,2,0,0,0,0,0
XLU STK SMART,20150325,133418,44.11,3,0,0,0,0,0
XLU STK SMART,20150325,133425,44.11,3,0,0,0,0,0
XLU STK SMART,20150325,133438,44.12,2,0,0,0,0,0
XLU STK SMART,20150325,133501,44.1,2,0,0,0,0,0
XLU STK SMART,20150325,133511,44.1,1,0,0,0,0,0
XLU STK SMART,20150325,133520,44.11,1,0,0,0,0,0
XLU STK SMART,20150325,133527,44.11,1,0,0,0,0,0
XLU STK SMART,20150325,133553,44.1,1,0,0,0,0,0
XLU STK SMART,20150325,133654,44.1,1,0,0,0,0,0
XLU STK SMART,20150325,133723,44.09,1,0,0,0,0,0
XLU STK SMART,20150325,133734,44.1,1,0,0,0,0,0
XLU STK SMART,20150325,133804,44.1,1,0,0,0,0,0
XLU STK SMART,20150325,133814,44.11,1,0,0,0,0,0
XLU STK SMART,20150325,133820,44.12,2,0,0,0,0,0
XLU STK SMART,20150325,133843,44.13,2,0,0,0,0,0
XLU STK SMART,20150325,133903,44.14,1,0,0,0,0,0
XLU STK SMART,20150325,133907,44.14,3,0,0,0,0,0
XLU STK SMART,20150325,133923,44.13,1,0,0,0,0,0
XLU STK SMART,20150325,133943,44.12,2,0,0,0,0,0
XLU STK SMART,20150325,133953,44.12,1,0,0,0,0,0
XLU STK SMART,20150325,134003,44.13,1,0,0,0,0,0
XLU STK SMART,20150325,134011,44.13,2,0,0,0,0,0
XLU STK SMART,20150325,134022,44.13,1,0,0,0,0,0
XLU STK SMART,20150325,134052,44.14,1,0,0,0,0,0
XLU STK SMART,20150325,134058,44.13,1,0,0,0,0,0
XLU STK SMART,20150325,134142,44.14,2,0,0,0,0,0
XLU STK SMART,20150325,134147,44.15,2,0,0,0,0,0
XLU STK SMART,20150325,134204,44.16,1,0,0,0,0,0
XLU STK SMART,20150325,134205,44.16,1,0,0,0,0,0
XLU STK SMART,20150325,134223,44.17,1,0,0,0,0,0
XLU STK SMART,20150325,134238,44.17,3,0,0,0,0,0
XLU STK SMART,20150325,134254,44.16,2,0,0,0,0,0
XLU STK SMART,20150325,134300,44.16,2,0,0,0,0,0
XLU STK SMART,20150325,134305,44.17,1,0,0,0,0,0
XLU STK SMART,20150325,134324,44.16,2,0,0,0,0,0
XLU STK SMART,20150325,134334,44.15,2,0,0,0,0,0
XLU STK SMART,20150325,134342,44.16,1,0,0,0,0,0
XLU STK SMART,20150325,134348,44.17,1,0,0,0,0,0
XLU STK SMART,20150325,134401,44.17,2,0,0,0,0,0
XLU STK SMART,20150325,134423,44.17,5,0,0,0,0,0
XLU STK SMART,20150325,134426,44.18,1,0,0,0,0,0
XLU STK SMART,20150325,134444,44.17,1,0,0,0,0,0
XLU STK SMART,20150325,134503,44.17,2,0,0,0,0,0
XLU STK SMART,20150325,134506,44.17,2,0,0,0,0,0
XLU STK SMART,20150325,134518,44.17,3,0,0,0,0,0
XLU STK SMART,20150325,134528,44.16,4,0,0,0,0,0
XLU STK SMART,20150325,134548,44.16,1,0,0,0,0,0
XLU STK SMART,20150325,134604,44.16,4,0,0,0,0,0
XLU STK SMART,20150325,134614,44.15,4,0,0,0,0,0
XLU STK SMART,20150325,134615,44.15,1,0,0,0,0,0
XLU STK SMART,20150325,134700,44.17,1,0,0,0,0,0
XLU STK SMART,20150325,134738,44.18,1,0,0,0,0,0
XLU STK SMART,20150325,134754,44.19,2,0,0,0,0,0
XLU STK SMART,20150325,134804,44.19,1,0,0,0,0,0
XLU STK SMART,20150325,134832,44.19,2,0,0,0,0,0
XLU STK SMART,20150325,134839,44.19,1,0,0,0,0,0
XLU STK SMART,20150325,134850,44.19,3,0,0,0,0,0
XLU STK SMART,20150325,134859,44.2,1,0,0,0,0,0
XLU STK SMART,20150325,134914,44.19,2,0,0,0,0,0
XLU STK SMART,20150325,134929,44.2,4,0,0,0,0,0
XLU STK SMART,20150325,134944,44.2,3,0,0,0,0,0
XLU STK SMART,20150325,134952,44.2,2,0,0,0,0,0
XLU STK SMART,20150325,135001,44.2,4,0,0,0,0,0
XLU STK SMART,20150325,135009,44.2,3,0,0,0,0,0
XLU STK SMART,20150325,135023,44.19,1,0,0,0,0,0
XLU STK SMART,20150325,135043,44.19,2,0,0,0,0,0
XLU STK SMART,20150325,135052,44.19,2,0,0,0,0,0
XLU STK SMART,20150325,135105,44.19,1,0,0,0,0,0
XLU STK SMART,20150325,135124,44.19,1,0,0,0,0,0
XLU STK SMART,20150325,135152,44.2,5,0,0,0,0,0
XLU STK SMART,20150325,135200,44.2,1,0,0,0,0,0
XLU STK SMART,20150325,135225,44.21,1,0,0,0,0,0
XLU STK SMART,20150325,135231,44.21,2,0,0,0,0,0
XLU STK SMART,20150325,135241,44.19,3,0,0,0,0,0
XLU STK SMART,20150325,135249,44.19,1,0,0,0,0,0
XLU STK SMART,20150325,135324,44.2,1,0,0,0,0,0
XLU STK SMART,20150325,135335,44.19,1,0,0,0,0,0
XLU STK SMART,20150325,135335,44.19,2,0,0,0,0,0
XLU STK SMART,20150325,135351,44.19,13,0,0,0,0,0
XLU STK SMART,20150325,135405,44.18,13,0,0,0,0,0
XLU STK SMART,20150325,135407,44.19,1,0,0,0,0,0
XLU STK SMART,20150325,135555,44.16,4,0,0,0,0,0
XLU STK SMART,20150325,135559,44.16,1,0,0,0,0,0
XLU STK SMART,20150325,135624,44.16,2,0,0,0,0,0
XLU STK SMART,20150325,135626,44.16,1,0,0,0,0,0
XLU STK SMART,20150325,135645,44.18,5,0,0,0,0,0
XLU STK SMART,20150325,135712,44.17,1,0,0,0,0,0
XLU STK SMART,20150325,135752,44.17,1,0,0,0,0,0
XLU STK SMART,20150325,135804,44.16,1,0,0,0,0,0
XLU STK SMART,20150325,135808,44.16,1,0,0,0,0,0
XLU STK SMART,20150325,135848,44.17,1,0,0,0,0,0
XLU STK SMART,20150325,135856,44.17,1,0,0,0,0,0
XLU STK SMART,20150325,135910,44.17,1,0,0,0,0,0
XLU STK SMART,20150325,135920,44.16,5,0,0,0,0,0
XLU STK SMART,20150325,135935,44.15,1,0,0,0,0,0
XLU STK SMART,20150325,135945,44.16,2,0,0,0,0,0
XLU STK SMART,20150325,135946,44.16,1,0,0,0,0,0
XLU STK SMART,20150325,140005,44.16,2,0,0,0,0,0
XLU STK SMART,20150325,140030,44.16,1,0,0,0,0,0
XLU STK SMART,20150325,140101,44.17,1,0,0,0,0,0
XLU STK SMART,20150325,140115,44.17,2,0,0,0,0,0
XLU STK SMART,20150325,140117,44.17,4,0,0,0,0,0
XLU STK SMART,20150325,140204,44.17,1,0,0,0,0,0
XLU STK SMART,20150325,140223,44.18,1,0,0,0,0,0
XLU STK SMART,20150325,140237,44.17,1,0,0,0,0,0
XLU STK SMART,20150325,140251,44.17,1,0,0,0,0,0
XLU STK SMART,20150325,140303,44.17,2,0,0,0,0,0
XLU STK SMART,20150325,140322,44.18,1,0,0,0,0,0
XLU STK SMART,20150325,140332,44.18,2,0,0,0,0,0
XLU STK SMART,20150325,140356,44.17,1,0,0,0,0,0
XLU STK SMART,20150325,140414,44.2,2,0,0,0,0,0
XLU STK SMART,20150325,140417,44.2,1,0,0,0,0,0
XLU STK SMART,20150325,140428,44.2,1,0,0,0,0,0
XLU STK SMART,20150325,140442,44.19,1,0,0,0,0,0
XLU STK SMART,20150325,140504,44.19,2,0,0,0,0,0
XLU STK SMART,20150325,140513,44.19,1,0,0,0,0,0
XLU STK SMART,20150325,140525,44.2,4,0,0,0,0,0
XLU STK SMART,20150325,140530,44.21,1,0,0,0,0,0
XLU STK SMART,20150325,140555,44.2,2,0,0,0,0,0
XLU STK SMART,20150325,140557,44.19,1,0,0,0,0,0
XLU STK SMART,20150325,140612,44.19,2,0,0,0,0,0
XLU STK SMART,20150325,140619,44.2,2,0,0,0,0,0
XLU STK SMART,20150325,140627,44.19,1,0,0,0,0,0
XLU STK SMART,20150325,140724,44.2,1,0,0,0,0,0
XLU STK SMART,20150325,140732,44.21,1,0,0,0,0,0
XLU STK SMART,20150325,140813,44.2,2,0,0,0,0,0
XLU STK SMART,20150325,140819,44.19,1,0,0,0,0,0
XLU STK SMART,20150325,140833,44.2,1,0,0,0,0,0
XLU STK SMART,20150325,140844,44.2,2,0,0,0,0,0
XLU STK SMART,20150325,140902,44.19,1,0,0,0,0,0
XLU STK SMART,20150325,140914,44.19,1,0,0,0,0,0
XLU STK SMART,20150325,140922,44.19,1,0,0,0,0,0
XLU STK SMART,20150325,141012,44.21,1,0,0,0,0,0
XLU STK SMART,20150325,141019,44.22,1,0,0,0,0,0
XLU STK SMART,20150325,141032,44.22,2,0,0,0,0,0
XLU STK SMART,20150325,141044,44.22,1,0,0,0,0,0
XLU STK SMART,20150325,141106,44.23,1,0,0,0,0,0
XLU STK SMART,20150325,141133,44.22,4,0,0,0,0,0
XLU STK SMART,20150325,141154,44.23,1,0,0,0,0,0
XLU STK SMART,20150325,141204,44.23,1,0,0,0,0,0
XLU STK SMART,20150325,141207,44.24,1,0,0,0,0,0
XLU STK SMART,20150325,141219,44.24,1,0,0,0,0,0
XLU STK SMART,20150325,141231,44.23,1,0,0,0,0,0
XLU STK SMART,20150325,141301,44.23,1,0,0,0,0,0
XLU STK SMART,20150325,141308,44.24,1,0,0,0,0,0
XLU STK SMART,20150325,141325,44.24,1,0,0,0,0,0
XLU STK SMART,20150325,141333,44.24,1,0,0,0,0,0
XLU STK SMART,20150325,141414,44.24,2,0,0,0,0,0
XLU STK SMART,20150325,141424,44.23,1,0,0,0,0,0
XLU STK SMART,20150325,141434,44.25,5,0,0,0,0,0
XLU STK SMART,20150325,141438,44.25,15,0,0,0,0,0
XLU STK SMART,20150325,141451,44.25,1,0,0,0,0,0
XLU STK SMART,20150325,141515,44.26,1,0,0,0,0,0
XLU STK SMART,20150325,141527,44.26,4,0,0,0,0,0
XLU STK SMART,20150325,141538,44.28,2,0,0,0,0,0
XLU STK SMART,20150325,141615,44.3,1,0,0,0,0,0
XLU STK SMART,20150325,141620,44.29,1,0,0,0,0,0
XLU STK SMART,20150325,141630,44.29,1,0,0,0,0,0
XLU STK SMART,20150325,141646,44.29,9,0,0,0,0,0
XLU STK SMART,20150325,141654,44.29,1,0,0,0,0,0
XLU STK SMART,20150325,141702,44.3,4,0,0,0,0,0
XLU STK SMART,20150325,141706,44.29,1,0,0,0,0,0
XLU STK SMART,20150325,141716,44.29,2,0,0,0,0,0
XLU STK SMART,20150325,141735,44.28,1,0,0,0,0,0
XLU STK SMART,20150325,141746,44.28,2,0,0,0,0,0
XLU STK SMART,20150325,141754,44.28,1,0,0,0,0,0
XLU STK SMART,20150325,141901,44.29,1,0,0,0,0,0
XLU STK SMART,20150325,141924,44.29,1,0,0,0,0,0
XLU STK SMART,20150325,141932,44.31,4,0,0,0,0,0
XLU STK SMART,20150325,141941,44.3,2,0,0,0,0,0
XLU STK SMART,20150325,142000,44.29,1,0,0,0,0,0
XLU STK SMART,20150325,142016,44.29,3,0,0,0,0,0
XLU STK SMART,20150325,142020,44.29,1,0,0,0,0,0
XLU STK SMART,20150325,142035,44.28,6,0,0,0,0,0
XLU STK SMART,20150325,142054,44.29,2,0,0,0,0,0
XLU STK SMART,20150325,142105,44.3,4,0,0,0,0,0
XLU STK SMART,20150325,142115,44.3,1,0,0,0,0,0
XLU STK SMART,20150325,142122,44.31,1,0,0,0,0,0
XLU STK SMART,20150325,142129,44.31,3,0,0,0,0,0
XLU STK SMART,20150325,142203,44.31,1,0,0,0,0,0
XLU STK SMART,20150325,142236,44.31,2,0,0,0,0,0
XLU STK SMART,20150325,142242,44.3,1,0,0,0,0,0
XLU STK SMART,20150325,142303,44.3,1,0,0,0,0,0
XLU STK SMART,20150325,142326,44.3,1,0,0,0,0,0
XLU STK SMART,20150325,142356,44.29,2,0,0,0,0,0
XLU STK SMART,20150325,142406,44.29,4,0,0,0,0,0
XLU STK SMART,20150325,142411,44.29,1,0,0,0,0,0
XLU STK SMART,20150325,142425,44.29,4,0,0,0,0,0
XLU STK SMART,20150325,142436,44.29,1,0,0,0,0,0
XLU STK SMART,20150325,142445,44.28,1,0,0,0,0,0
XLU STK SMART,20150325,142513,44.27,1,0,0,0,0,0
XLU STK SMART,20150325,142543,44.27,1,0,0,0,0,0
XLU STK SMART,20150325,142604,44.26,1,0,0,0,0,0
XLU STK SMART,20150325,142626,44.28,5,0,0,0,0,0
XLU STK SMART,20150325,142627,44.28,2,0,0,0,0,0
XLU STK SMART,20150325,142641,44.27,1,0,0,0,0,0
XLU STK SMART,20150325,142705,44.27,1,0,0,0,0,0
XLU STK SMART,20150325,142734,44.26,2,0,0,0,0,0
XLU STK SMART,20150325,142806,44.27,1,0,0,0,0,0
XLU STK SMART,20150325,142815,44.27,2,0,0,0,0,0
XLU STK SMART,20150325,142836,44.29,11,0,0,0,0,0
XLU STK SMART,20150325,142848,44.28,2,0,0,0,0,0
XLU STK SMART,20150325,142901,44.29,2,0,0,0,0,0
XLU STK SMART,20150325,142937,44.29,1,0,0,0,0,0
XLU STK SMART,20150325,142952,44.3,2,0,0,0,0,0
XLU STK SMART,20150325,143003,44.3,4,0,0,0,0,0
XLU STK SMART,20150325,143021,44.3,2,0,0,0,0,0
XLU STK SMART,20150325,143027,44.29,1,0,0,0,0,0
XLU STK SMART,20150325,143047,44.29,4,0,0,0,0,0
XLU STK SMART,20150325,143052,44.28,1,0,0,0,0,0
XLU STK SMART,20150325,143106,44.28,4,0,0,0,0,0
XLU STK SMART,20150325,143121,44.28,2,0,0,0,0,0
XLU STK SMART,20150325,143133,44.28,1,0,0,0,0,0
XLU STK SMART,20150325,143154,44.28,2,0,0,0,0,0
XLU STK SMART,20150325,143211,44.27,1,0,0,0,0,0
XLU STK SMART,20150325,143221,44.28,1,0,0,0,0,0
XLU STK SMART,20150325,143230,44.27,1,0,0,0,0,0
XLU STK SMART,20150325,143307,44.27,2,0,0,0,0,0
XLU STK SMART,20150325,143308,44.27,5,0,0,0,0,0
XLU STK SMART,20150325,143340,44.27,1,0,0,0,0,0
XLU STK SMART,20150325,143359,44.28,2,0,0,0,0,0
XLU STK SMART,20150325,143436,44.28,1,0,0,0,0,0
XLU STK SMART,20150325,143441,44.29,2,0,0,0,0,0
XLU STK SMART,20150325,143457,44.3,1,0,0,0,0,0
XLU STK SMART,20150325,143506,44.31,1,0,0,0,0,0
XLU STK SMART,20150325,143519,44.31,2,0,0,0,0,0
XLU STK SMART,20150325,143543,44.29,3,0,0,0,0,0
XLU STK SMART,20150325,143605,44.29,3,0,0,0,0,0
XLU STK SMART,20150325,143613,44.29,1,0,0,0,0,0
XLU STK SMART,20150325,143642,44.29,13,0,0,0,0,0
XLU STK SMART,20150325,143652,44.29,1,0,0,0,0,0
XLU STK SMART,20150325,143703,44.29,3,0,0,0,0,0
XLU STK SMART,20150325,143717,44.28,2,0,0,0,0,0
XLU STK SMART,20150325,143727,44.29,1,0,0,0,0,0
XLU STK SMART,20150325,143728,44.29,1,0,0,0,0,0
XLU STK SMART,20150325,143756,44.3,1,0,0,0,0,0
XLU STK SMART,20150325,143813,44.3,1,0,0,0,0,0
XLU STK SMART,20150325,143915,44.31,1,0,0,0,0,0
XLU STK SMART,20150325,143918,44.32,1,0,0,0,0,0
XLU STK SMART,20150325,143931,44.31,1,0,0,0,0,0
XLU STK SMART,20150325,143946,44.3,1,0,0,0,0,0
XLU STK SMART,20150325,143950,44.3,1,0,0,0,0,0
XLU STK SMART,20150325,144001,44.31,5,0,0,0,0,0
XLU STK SMART,20150325,144016,44.29,1,0,0,0,0,0
XLU STK SMART,20150325,144037,44.29,3,0,0,0,0,0
XLU STK SMART,20150325,144045,44.29,4,0,0,0,0,0
XLU STK SMART,20150325,144047,44.3,1,0,0,0,0,0
XLU STK SMART,20150325,144102,44.29,1,0,0,0,0,0
XLU STK SMART,20150325,144137,44.29,3,0,0,0,0,0
XLU STK SMART,20150325,144148,44.3,1,0,0,0,0,0
XLU STK SMART,20150325,144226,44.3,2,0,0,0,0,0
XLU STK SMART,20150325,144231,44.3,1,0,0,0,0,0
XLU STK SMART,20150325,144318,44.31,1,0,0,0,0,0
XLU STK SMART,20150325,144333,44.3,1,0,0,0,0,0
XLU STK SMART,20150325,144437,44.3,3,0,0,0,0,0
XLU STK SMART,20150325,144446,44.3,1,0,0,0,0,0
XLU STK SMART,20150325,144525,44.29,1,0,0,0,0,0
XLU STK SMART,20150325,144535,44.28,5,0,0,0,0,0
XLU STK SMART,20150325,144545,44.27,8,0,0,0,0,0
XLU STK SMART,20150325,144551,44.27,3,0,0,0,0,0
XLU STK SMART,20150325,144601,44.26,1,0,0,0,0,0
XLU STK SMART,20150325,144637,44.25,1,0,0,0,0,0
XLU STK SMART,20150325,144647,44.26,7,0,0,0,0,0
XLU STK SMART,20150325,144656,44.25,2,0,0,0,0,0
XLU STK SMART,20150325,144658,44.26,1,0,0,0,0,0
XLU STK SMART,20150325,144716,44.26,1,0,0,0,0,0
XLU STK SMART,20150325,144742,44.25,1,0,0,0,0,0
XLU STK SMART,20150325,144755,44.24,2,0,0,0,0,0
XLU STK SMART,20150325,144808,44.25,1,0,0,0,0,0
XLU STK SMART,20150325,144836,44.24,1,0,0,0,0,0
XLU STK SMART,20150325,144848,44.25,5,0,0,0,0,0
XLU STK SMART,20150325,144853,44.27,3,0,0,0,0,0
XLU STK SMART,20150325,144916,44.27,2,0,0,0,0,0
XLU STK SMART,20150325,144926,44.27,1,0,0,0,0,0
XLU STK SMART,20150325,144930,44.26,1,0,0,0,0,0
XLU STK SMART,20150325,144955,44.26,2,0,0,0,0,0
XLU STK SMART,20150325,145009,44.26,1,0,0,0,0,0
XLU STK SMART,20150325,145037,44.26,2,0,0,0,0,0
XLU STK SMART,20150325,145047,44.27,4,0,0,0,0,0
XLU STK SMART,20150325,145058,44.27,1,0,0,0,0,0
XLU STK SMART,20150325,145104,44.29,2,0,0,0,0,0
XLU STK SMART,20150325,145111,44.29,1,0,0,0,0,0
XLU STK SMART,20150325,145123,44.29,3,0,0,0,0,0
XLU STK SMART,20150325,145133,44.29,1,0,0,0,0,0
XLU STK SMART,20150325,145212,44.3,1,0,0,0,0,0
XLU STK SMART,20150325,145317,44.29,3,0,0,0,0,0
XLU STK SMART,20150325,145332,44.29,1,0,0,0,0,0
XLU STK SMART,20150325,145357,44.31,1,0,0,0,0,0
XLU STK SMART,20150325,145402,44.31,2,0,0,0,0,0
XLU STK SMART,20150325,145414,44.31,1,0,0,0,0,0
XLU STK SMART,20150325,145501,44.31,1,0,0,0,0,0
XLU STK SMART,20150325,145532,44.31,2,0,0,0,0,0
XLU STK SMART,20150325,145628,44.3,4,0,0,0,0,0
XLU STK SMART,20150325,145633,44.3,4,0,0,0,0,0
XLU STK SMART,20150325,145657,44.29,2,0,0,0,0,0
XLU STK SMART,20150325,145702,44.3,1,0,0,0,0,0
XLU STK SMART,20150325,145728,44.3,10,0,0,0,0,0
XLU STK SMART,20150325,145738,44.3,1,0,0,0,0,0
XLU STK SMART,20150325,145743,44.3,2,0,0,0,0,0
XLU STK SMART,20150325,145749,44.29,2,0,0,0,0,0
XLU STK SMART,20150325,145805,44.29,2,0,0,0,0,0
XLU STK SMART,20150325,145816,44.29,1,0,0,0,0,0
XLU STK SMART,20150325,145826,44.29,1,0,0,0,0,0
XLU STK SMART,20150325,145835,44.29,2,0,0,0,0,0
XLU STK SMART,20150325,145842,44.29,1,0,0,0,0,0
XLU STK SMART,20150325,145856,44.29,2,0,0,0,0,0
XLU STK SMART,20150325,145903,44.28,1,0,0,0,0,0
XLU STK SMART,20150325,145934,44.27,1,0,0,0,0,0
XLU STK SMART,20150325,145942,44.26,1,0,0,0,0,0
XLU STK SMART,20150325,150004,44.24,3,0,0,0,0,0
XLU STK SMART,20150325,150016,44.24,1,0,0,0,0,0
XLU STK SMART,20150325,150020,44.23,1,0,0,0,0,0
XLU STK SMART,20150325,150037,44.22,1,0,0,0,0,0
XLU STK SMART,20150325,150057,44.22,9,0,0,0,0,0
XLU STK SMART,20150325,150103,44.22,1,0,0,0,0,0
XLU STK SMART,20150325,150135,44.22,1,0,0,0,0,0
XLU STK SMART,20150325,150156,44.22,1,0,0,0,0,0
XLU STK SMART,20150325,150238,44.22,5,0,0,0,0,0
XLU STK SMART,20150325,150246,44.22,1,0,0,0,0,0
XLU STK SMART,20150325,150257,44.21,10,0,0,0,0,0
XLU STK SMART,20150325,150316,44.2,10,0,0,0,0,0
XLU STK SMART,20150325,150326,44.19,1,0,0,0,0,0
XLU STK SMART,20150325,150330,44.19,4,0,0,0,0,0
XLU STK SMART,20150325,150342,44.2,1,0,0,0,0,0
XLU STK SMART,20150325,150355,44.19,1,0,0,0,0,0
XLU STK SMART,20150325,150416,44.19,18,0,0,0,0,0
XLU STK SMART,20150325,150436,44.2,1,0,0,0,0,0
XLU STK SMART,20150325,150507,44.19,7,0,0,0,0,0
XLU STK SMART,20150325,150517,44.19,1,0,0,0,0,0
XLU STK SMART,20150325,150528,44.19,1,0,0,0,0,0
XLU STK SMART,20150325,150538,44.18,1,0,0,0,0,0
XLU STK SMART,20150325,150551,44.19,1,0,0,0,0,0
XLU STK SMART,20150325,150608,44.2,1,0,0,0,0,0
XLU STK SMART,20150325,150628,44.19,2,0,0,0,0,0
XLU STK SMART,20150325,150646,44.19,1,0,0,0,0,0
XLU STK SMART,20150325,150658,44.18,1,0,0,0,0,0
XLU STK SMART,20150325,150702,44.18,1,0,0,0,0,0
XLU STK SMART,20150325,150717,44.16,1,0,0,0,0,0
XLU STK SMART,20150325,150725,44.16,2,0,0,0,0,0
XLU STK SMART,20150325,150746,44.16,1,0,0,0,0,0
XLU STK SMART,20150325,150757,44.15,1,0,0,0,0,0
XLU STK SMART,20150325,150808,44.14,2,0,0,0,0,0
XLU STK SMART,20150325,150810,44.14,1,0,0,0,0,0
XLU STK SMART,20150325,150827,44.14,3,0,0,0,0,0
XLU STK SMART,20150325,150836,44.14,1,0,0,0,0,0
XLU STK SMART,20150325,150846,44.14,2,0,0,0,0,0
XLU STK SMART,20150325,150858,44.15,1,0,0,0,0,0
XLU STK SMART,20150325,150901,44.14,8,0,0,0,0,0
XLU STK SMART,20150325,150917,44.13,1,0,0,0,0,0
XLU STK SMART,20150325,150938,44.12,3,0,0,0,0,0
XLU STK SMART,20150325,150945,44.12,1,0,0,0,0,0
XLU STK SMART,20150325,150957,44.12,1,0,0,0,0,0
XLU STK SMART,20150325,151007,44.13,1,0,0,0,0,0
XLU STK SMART,20150325,151015,44.14,1,0,0,0,0,0
XLU STK SMART,20150325,151026,44.14,5,0,0,0,0,0
XLU STK SMART,20150325,151047,44.15,1,0,0,0,0,0
XLU STK SMART,20150325,151103,44.16,1,0,0,0,0,0
XLU STK SMART,20150325,151117,44.16,1,0,0,0,0,0
XLU STK SMART,20150325,151120,44.17,1,0,0,0,0,0
XLU STK SMART,20150325,151136,44.16,1,0,0,0,0,0
XLU STK SMART,20150325,151145,44.16,3,0,0,0,0,0
XLU STK SMART,20150325,151150,44.16,1,0,0,0,0,0
XLU STK SMART,20150325,151216,44.15,1,0,0,0,0,0
XLU STK SMART,20150325,151225,44.16,1,0,0,0,0,0
XLU STK SMART,20150325,151231,44.17,5,0,0,0,0,0
XLU STK SMART,20150325,151242,44.17,3,0,0,0,0,0
XLU STK SMART,20150325,151250,44.17,1,0,0,0,0,0
XLU STK SMART,20150325,151302,44.19,1,0,0,0,0,0
XLU STK SMART,20150325,151319,44.18,15,0,0,0,0,0
XLU STK SMART,20150325,151323,44.19,2,0,0,0,0,0
XLU STK SMART,20150325,151333,44.18,2,0,0,0,0,0
XLU STK SMART,20150325,151348,44.18,1,0,0,0,0,0
XLU STK SMART,20150325,151414,44.19,6,0,0,0,0,0
XLU STK SMART,20150325,151427,44.18,2,0,0,0,0,0
XLU STK SMART,20150325,151434,44.18,1,0,0,0,0,0
XLU STK SMART,20150325,151448,44.18,2,0,0,0,0,0
XLU STK SMART,20150325,151458,44.18,2,0,0,0,0,0
XLU STK SMART,20150325,151509,44.19,2,0,0,0,0,0
XLU STK SMART,20150325,151518,44.18,1,0,0,0,0,0
XLU STK SMART,20150325,151521,44.18,1,0,0,0,0,0
XLU STK SMART,20150325,151538,44.18,1,0,0,0,0,0
XLU STK SMART,20150325,151547,44.17,6,0,0,0,0,0
XLU STK SMART,20150325,151559,44.17,1,0,0,0,0,0
XLU STK SMART,20150325,151641,44.17,2,0,0,0,0,0
XLU STK SMART,20150325,151655,44.17,1,0,0,0,0,0
XLU STK SMART,20150325,151705,44.17,2,0,0,0,0,0
XLU STK SMART,20150325,151719,44.16,1,0,0,0,0,0
XLU STK SMART,20150325,151721,44.16,2,0,0,0,0,0
XLU STK SMART,20150325,151747,44.17,1,0,0,0,0,0
XLU STK SMART,20150325,151800,44.16,1,0,0,0,0,0
XLU STK SMART,20150325,151833,44.16,2,0,0,0,0,0
XLU STK SMART,20150325,151857,44.16,1,0,0,0,0,0
XLU STK SMART,20150325,151909,44.15,3,0,0,0,0,0
XLU STK SMART,20150325,151913,44.16,1,0,0,0,0,0
XLU STK SMART,20150325,151923,44.15,1,0,0,0,0,0
XLU STK SMART,20150325,151939,44.17,1,0,0,0,0,0
XLU STK SMART,20150325,151946,44.17,1,0,0,0,0,0
XLU STK SMART,20150325,152010,44.17,2,0,0,0,0,0
XLU STK SMART,20150325,152026,44.18,4,0,0,0,0,0
XLU STK SMART,20150325,152032,44.18,1,0,0,0,0,0
XLU STK SMART,20150325,152103,44.17,1,0,0,0,0,0
XLU STK SMART,20150325,152113,44.18,1,0,0,0,0,0
XLU STK SMART,20150325,152136,44.17,1,0,0,0,0,0
XLU STK SMART,20150325,152159,44.15,5,0,0,0,0,0
XLU STK SMART,20150325,152207,44.14,1,0,0,0,0,0
XLU STK SMART,20150325,152213,44.15,1,0,0,0,0,0
XLU STK SMART,20150325,152248,44.15,1,0,0,0,0,0
XLU STK SMART,20150325,152309,44.15,1,0,0,0,0,0
XLU STK SMART,20150325,152317,44.15,1,0,0,0,0,0
XLU STK SMART,20150325,152357,44.15,7,0,0,0,0,0
XLU STK SMART,20150325,152402,44.15,1,0,0,0,0,0
XLU STK SMART,20150325,152414,44.15,2,0,0,0,0,0
XLU STK SMART,20150325,152426,44.16,1,0,0,0,0,0
XLU STK SMART,20150325,152439,44.15,4,0,0,0,0,0
XLU STK SMART,20150325,152443,44.15,1,0,0,0,0,0
XLU STK SMART,20150325,152509,44.15,1,0,0,0,0,0
XLU STK SMART,20150325,152515,44.15,3,0,0,0,0,0
XLU STK SMART,20150325,152529,44.15,2,0,0,0,0,0
XLU STK SMART,20150325,152530,44.15,1,0,0,0,0,0
XLU STK SMART,20150325,152558,44.15,2,0,0,0,0,0
XLU STK SMART,20150325,152603,44.15,1,0,0,0,0,0
XLU STK SMART,20150325,152624,44.15,1,0,0,0,0,0
XLU STK SMART,20150325,152636,44.14,1,0,0,0,0,0
XLU STK SMART,20150325,152658,44.13,4,0,0,0,0,0
XLU STK SMART,20150325,152709,44.14,2,0,0,0,0,0
XLU STK SMART,20150325,152717,44.14,1,0,0,0,0,0
XLU STK SMART,20150325,152728,44.15,1,0,0,0,0,0
XLU STK SMART,20150325,152730,44.15,2,0,0,0,0,0
XLU STK SMART,20150325,152743,44.14,1,0,0,0,0,0
XLU STK SMART,20150325,152804,44.15,1,0,0,0,0,0
XLU STK SMART,20150325,152849,44.14,1,0,0,0,0,0
XLU STK SMART,20150325,152857,44.13,1,0,0,0,0,0
XLU STK SMART,20150325,152906,44.14,5,0,0,0,0,0
XLU STK SMART,20150325,152926,44.15,1,0,0,0,0,0
XLU STK SMART,20150325,152955,44.15,2,0,0,0,0,0
XLU STK SMART,20150325,153003,44.14,1,0,0,0,0,0
XLU STK SMART,20150325,153023,44.14,2,0,0,0,0,0
XLU STK SMART,20150325,153037,44.14,4,0,0,0,0,0
XLU STK SMART,20150325,153042,44.15,1,0,0,0,0,0
XLU STK SMART,20150325,153059,44.15,2,0,0,0,0,0
XLU STK SMART,20150325,153107,44.16,4,0,0,0,0,0
XLU STK SMART,20150325,153118,44.15,1,0,0,0,0,0
XLU STK SMART,20150325,153130,44.14,3,0,0,0,0,0
XLU STK SMART,20150325,153139,44.13,1,0,0,0,0,0
XLU STK SMART,20150325,153147,44.13,1,0,0,0,0,0
XLU STK SMART,20150325,153157,44.14,1,0,0,0,0,0
XLU STK SMART,20150325,153201,44.13,1,0,0,0,0,0
XLU STK SMART,20150325,153219,44.12,2,0,0,0,0,0
XLU STK SMART,20150325,153229,44.12,1,0,0,0,0,0
XLU STK SMART,20150325,153239,44.11,3,0,0,0,0,0
XLU STK SMART,20150325,153243,44.11,1,0,0,0,0,0
XLU STK SMART,20150325,153258,44.1,1,0,0,0,0,0
XLU STK SMART,20150325,153308,44.09,3,0,0,0,0,0
XLU STK SMART,20150325,153320,44.09,1,0,0,0,0,0
XLU STK SMART,20150325,153327,44.1,1,0,0,0,0,0
XLU STK SMART,20150325,153400,44.1,1,0,0,0,0,0
XLU STK SMART,20150325,153410,44.12,1,0,0,0,0,0
XLU STK SMART,20150325,153419,44.13,3,0,0,0,0,0
XLU STK SMART,20150325,153429,44.12,26,0,0,0,0,0
XLU STK SMART,20150325,153436,44.12,3,0,0,0,0,0
XLU STK SMART,20150325,153441,44.12,1,0,0,0,0,0
XLU STK SMART,20150325,153500,44.1,1,0,0,0,0,0
XLU STK SMART,20150325,153509,44.09,1,0,0,0,0,0
XLU STK SMART,20150325,153519,44.1,1,0,0,0,0,0
XLU STK SMART,20150325,153525,44.1,1,0,0,0,0,0
XLU STK SMART,20150325,153537,44.1,27,0,0,0,0,0
XLU STK SMART,20150325,153549,44.1,30,0,0,0,0,0
XLU STK SMART,20150325,153552,44.09,5,0,0,0,0,0
XLU STK SMART,20150325,153608,44.1,2,0,0,0,0,0
XLU STK SMART,20150325,153615,44.1,2,0,0,0,0,0
XLU STK SMART,20150325,153628,44.11,1,0,0,0,0,0
XLU STK SMART,20150325,153634,44.1,1,0,0,0,0,0
XLU STK SMART,20150325,153648,44.1,1,0,0,0,0,0
XLU STK SMART,20150325,153657,44.1,1,0,0,0,0,0
XLU STK SMART,20150325,153709,44.11,1,0,0,0,0,0
XLU STK SMART,20150325,153713,44.11,4,0,0,0,0,0
XLU STK SMART,20150325,153729,44.11,1,0,0,0,0,0
XLU STK SMART,20150325,153743,44.1,5,0,0,0,0,0
XLU STK SMART,20150325,153756,44.1,2,0,0,0,0,0
XLU STK SMART,20150325,153809,44.12,1,0,0,0,0,0
XLU STK SMART,20150325,153814,44.11,1,0,0,0,0,0
XLU STK SMART,20150325,153840,44.1,1,0,0,0,0,0
XLU STK SMART,20150325,153859,44.1,2,0,0,0,0,0
XLU STK SMART,20150325,153908,44.1,2,0,0,0,0,0
XLU STK SMART,20150325,153919,44.1,1,0,0,0,0,0
XLU STK SMART,20150325,153926,44.08,10,0,0,0,0,0
XLU STK SMART,20150325,153939,44.06,1,0,0,0,0,0
XLU STK SMART,20150325,153958,44.07,1,0,0,0,0,0
XLU STK SMART,20150325,154010,44.04,10,0,0,0,0,0
XLU STK SMART,20150325,154016,44.05,1,0,0,0,0,0
XLU STK SMART,20150325,154031,44.06,1,0,0,0,0,0
XLU STK SMART,20150325,154048,44.04,1,0,0,0,0,0
XLU STK SMART,20150325,154058,44.04,1,0,0,0,0,0
XLU STK SMART,20150325,154109,44.04,1,0,0,0,0,0
XLU STK SMART,20150325,154120,44.04,4,0,0,0,0,0
XLU STK SMART,20150325,154128,44.03,4,0,0,0,0,0
XLU STK SMART,20150325,154139,44.03,2,0,0,0,0,0
XLU STK SMART,20150325,154149,44.03,1,0,0,0,0,0
XLU STK SMART,20150325,154200,44.04,10,0,0,0,0,0
XLU STK SMART,20150325,154210,44.04,1,0,0,0,0,0
XLU STK SMART,20150325,154218,44.04,4,0,0,0,0,0
XLU STK SMART,20150325,154228,44.05,1,0,0,0,0,0
XLU STK SMART,20150325,154238,44.04,4,0,0,0,0,0
XLU STK SMART,20150325,154246,44.05,1,0,0,0,0,0
XLU STK SMART,20150325,154300,44.04,2,0,0,0,0,0
XLU STK SMART,20150325,154310,44.04,1,0,0,0,0,0
XLU STK SMART,20150325,154317,44.05,1,0,0,0,0,0
XLU STK SMART,20150325,154340,44.05,8,0,0,0,0,0
XLU STK SMART,20150325,154345,44.06,1,0,0,0,0,0
XLU STK SMART,20150325,154400,44.08,3,0,0,0,0,0
XLU STK SMART,20150325,154403,44.07,1,0,0,0,0,0
XLU STK SMART,20150325,154427,44.04,1,0,0,0,0,0
XLU STK SMART,20150325,154439,44.01,1,0,0,0,0,0
XLU STK SMART,20150325,154450,44.01,1,0,0,0,0,0
XLU STK SMART,20150325,154459,44,1,0,0,0,0,0
XLU STK SMART,20150325,154510,44.01,1,0,0,0,0,0
XLU STK SMART,20150325,154526,44.01,2,0,0,0,0,0
XLU STK SMART,20150325,154540,43.99,1,0,0,0,0,0
XLU STK SMART,20150325,154549,44,1,0,0,0,0,0
XLU STK SMART,20150325,154600,43.99,12,0,0,0,0,0
XLU STK SMART,20150325,154608,44,1,0,0,0,0,0
XLU STK SMART,20150325,154617,44,1,0,0,0,0,0
XLU STK SMART,20150325,154629,44,1,0,0,0,0,0
XLU STK SMART,20150325,154637,43.99,2,0,0,0,0,0
XLU STK SMART,20150325,154648,43.99,1,0,0,0,0,0
XLU STK SMART,20150325,154658,43.99,2,0,0,0,0,0
XLU STK SMART,20150325,154705,44,1,0,0,0,0,0
XLU STK SMART,20150325,154728,43.99,1,0,0,0,0,0
XLU STK SMART,20150325,154732,43.99,8,0,0,0,0,0
XLU STK SMART,20150325,154750,43.99,1,0,0,0,0,0
XLU STK SMART,20150325,154800,43.99,7,0,0,0,0,0
XLU STK SMART,20150325,154810,43.98,1,0,0,0,0,0
XLU STK SMART,20150325,154819,43.99,1,0,0,0,0,0
XLU STK SMART,20150325,154825,43.99,1,0,0,0,0,0
XLU STK SMART,20150325,154833,43.98,1,0,0,0,0,0
XLU STK SMART,20150325,154842,43.99,2,0,0,0,0,0
XLU STK SMART,20150325,154900,43.98,1,0,0,0,0,0
XLU STK SMART,20150325,154906,43.98,1,0,0,0,0,0
XLU STK SMART,20150325,154912,43.99,1,0,0,0,0,0
XLU STK SMART,20150325,154927,44,1,0,0,0,0,0
XLU STK SMART,20150325,154931,44,5,0,0,0,0,0
XLU STK SMART,20150325,154944,43.99,1,0,0,0,0,0
XLU STK SMART,20150325,154958,43.99,5,0,0,0,0,0
XLU STK SMART,20150325,155003,43.99,1,0,0,0,0,0
XLU STK SMART,20150325,155018,43.99,9,0,0,0,0,0
XLU STK SMART,20150325,155023,43.99,1,0,0,0,0,0
XLU STK SMART,20150325,155039,43.99,1,0,0,0,0,0
XLU STK SMART,20150325,155050,43.98,1,0,0,0,0,0
XLU STK SMART,20150325,155100,43.99,1,0,0,0,0,0
XLU STK SMART,20150325,155110,43.98,1,0,0,0,0,0
XLU STK SMART,20150325,155121,43.98,2,0,0,0,0,0
XLU STK SMART,20150325,155130,43.99,2,0,0,0,0,0
XLU STK SMART,20150325,155140,43.99,1,0,0,0,0,0
XLU STK SMART,20150325,155146,43.98,1,0,0,0,0,0
XLU STK SMART,20150325,155200,43.99,1,0,0,0,0,0
XLU STK SMART,20150325,155208,43.98,1,0,0,0,0,0
XLU STK SMART,20150325,155221,43.98,1,0,0,0,0,0
XLU STK SMART,20150325,155225,43.99,1,0,0,0,0,0
XLU STK SMART,20150325,155238,43.99,1,0,0,0,0,0
XLU STK SMART,20150325,155249,43.99,1,0,0,0,0,0
XLU STK SMART,20150325,155310,43.98,1,0,0,0,0,0
XLU STK SMART,20150325,155320,43.98,3,0,0,0,0,0
XLU STK SMART,20150325,155323,43.98,1,0,0,0,0,0
XLU STK SMART,20150325,155340,43.96,2,0,0,0,0,0
XLU STK SMART,20150325,155349,43.97,1,0,0,0,0,0
XLU STK SMART,20150325,155359,43.96,1,0,0,0,0,0
XLU STK SMART,20150325,155410,43.96,1,0,0,0,0,0
XLU STK SMART,20150325,155419,43.96,3,0,0,0,0,0
XLU STK SMART,20150325,155428,43.96,1,0,0,0,0,0
XLU STK SMART,20150325,155440,43.96,1,0,0,0,0,0
XLU STK SMART,20150325,155450,43.95,1,0,0,0,0,0
XLU STK SMART,20150325,155500,43.96,1,0,0,0,0,0
XLU STK SMART,20150325,155511,43.96,1,0,0,0,0,0
XLU STK SMART,20150325,155519,43.97,1,0,0,0,0,0
XLU STK SMART,20150325,155528,43.97,1,0,0,0,0,0
XLU STK SMART,20150325,155550,43.98,1,0,0,0,0,0
XLU STK SMART,20150325,155559,43.98,1,0,0,0,0,0
XLU STK SMART,20150325,155618,43.99,3,0,0,0,0,0
XLU STK SMART,20150325,155630,44,1,0,0,0,0,0
XLU STK SMART,20150325,155638,44,1,0,0,0,0,0
XLU STK SMART,20150325,155650,44,1,0,0,0,0,0
XLU STK SMART,20150325,155656,44,2,0,0,0,0,0
XLU STK SMART,20150325,155708,44.01,1,0,0,0,0,0
XLU STK SMART,20150325,155717,44.01,1,0,0,0,0,0
XLU STK SMART,20150325,155730,44.01,1,0,0,0,0,0
XLU STK SMART,20150325,155739,44.01,1,0,0,0,0,0
XLU STK SMART,20150325,155751,44,2,0,0,0,0,0
XLU STK SMART,20150325,155759,43.99,1,0,0,0,0,0
XLU STK SMART,20150325,155811,43.99,2,0,0,0,0,0
XLU STK SMART,20150325,155821,43.99,2,0,0,0,0,0
XLU STK SMART,20150325,155831,43.99,2,0,0,0,0,0
XLU STK SMART,20150325,155841,43.99,1,0,0,0,0,0
XLU STK SMART,20150325,155846,44,1,0,0,0,0,0
XLU STK SMART,20150325,155901,43.99,2,0,0,0,0,0
XLU STK SMART,20150325,155910,43.99,1,0,0,0,0,0
XLU STK SMART,20150325,155921,43.98,2,0,0,0,0,0
XLU STK SMART,20150325,155925,43.98,5,0,0,0,0,0
