1756                
XOM STK SMART,20150325,80204,84.63,1,0,0,0,0,0
XOM STK SMART,20150325,80426,84.63,5,0,0,0,0,0
XOM STK SMART,20150325,80524,84.63,1,0,0,0,0,0
XOM STK SMART,20150325,80526,84.63,3,0,0,0,0,0
XOM STK SMART,20150325,83102,84.86,1,0,0,0,0,0
XOM STK SMART,20150325,83612,84.93,1,0,0,0,0,0
XOM STK SMART,20150325,85230,84.83,5,0,0,0,0,0
XOM STK SMART,20150325,91132,84.92,2,0,0,0,0,0
XOM STK SMART,20150325,91520,84.82,1,0,0,0,0,0
XOM STK SMART,20150325,92301,84.92,3,0,0,0,0,0
XOM STK SMART,20150325,92911,85.01,1,0,0,0,0,0
XOM STK SMART,20150325,92926,85.05,1,0,0,0,0,0
XOM STK SMART,20150325,92933,85.01,2,0,0,0,0,0
XOM STK SMART,20150325,92939,85,1,0,0,0,0,0
XOM STK SMART,20150325,93018,85.07,1,0,0,0,0,0
XOM STK SMART,20150325,93022,85.11,1,0,0,0,0,0
XOM STK SMART,20150325,93046,85.15,1,0,0,0,0,0
XOM STK SMART,20150325,93057,85.18,1,0,0,0,0,0
XOM STK SMART,20150325,93104,85.14,1,0,0,0,0,0
XOM STK SMART,20150325,93117,85.18,1,0,0,0,0,0
XOM STK SMART,20150325,93125,85.18,1,0,0,0,0,0
XOM STK SMART,20150325,93138,85.22,1,0,0,0,0,0
XOM STK SMART,20150325,93147,85.2,1,0,0,0,0,0
XOM STK SMART,20150325,93157,85.26,3,0,0,0,0,0
XOM STK SMART,20150325,93208,85.22,1,0,0,0,0,0
XOM STK SMART,20150325,93218,85.18,1,0,0,0,0,0
XOM STK SMART,20150325,93228,85.21,4,0,0,0,0,0
XOM STK SMART,20150325,93238,85.27,1,0,0,0,0,0
XOM STK SMART,20150325,93245,85.27,1,0,0,0,0,0
XOM STK SMART,20150325,93257,85.26,1,0,0,0,0,0
XOM STK SMART,20150325,93302,85.21,1,0,0,0,0,0
XOM STK SMART,20150325,93316,85.2,1,0,0,0,0,0
XOM STK SMART,20150325,93328,85.21,1,0,0,0,0,0
XOM STK SMART,20150325,93337,85.2,1,0,0,0,0,0
XOM STK SMART,20150325,93348,85.19,2,0,0,0,0,0
XOM STK SMART,20150325,93357,85.24,4,0,0,0,0,0
XOM STK SMART,20150325,93408,85.21,1,0,0,0,0,0
XOM STK SMART,20150325,93415,85.2,1,0,0,0,0,0
XOM STK SMART,20150325,93426,85.29,1,0,0,0,0,0
XOM STK SMART,20150325,93435,85.29,1,0,0,0,0,0
XOM STK SMART,20150325,93448,85.24,1,0,0,0,0,0
XOM STK SMART,20150325,93457,85.28,1,0,0,0,0,0
XOM STK SMART,20150325,93506,85.24,1,0,0,0,0,0
XOM STK SMART,20150325,93518,85.2,1,0,0,0,0,0
XOM STK SMART,20150325,93519,85.12,1,0,0,0,0,0
XOM STK SMART,20150325,93537,85.16,1,0,0,0,0,0
XOM STK SMART,20150325,93547,85.14,2,0,0,0,0,0
XOM STK SMART,20150325,93558,85.13,1,0,0,0,0,0
XOM STK SMART,20150325,93605,85.16,1,0,0,0,0,0
XOM STK SMART,20150325,93618,85.1,2,0,0,0,0,0
XOM STK SMART,20150325,93622,85.07,1,0,0,0,0,0
XOM STK SMART,20150325,93637,85.06,1,0,0,0,0,0
XOM STK SMART,20150325,93639,85.08,1,0,0,0,0,0
XOM STK SMART,20150325,93708,85.09,1,0,0,0,0,0
XOM STK SMART,20150325,93718,85.12,1,0,0,0,0,0
XOM STK SMART,20150325,93727,85.11,2,0,0,0,0,0
XOM STK SMART,20150325,93738,85.08,1,0,0,0,0,0
XOM STK SMART,20150325,93748,85.02,1,0,0,0,0,0
XOM STK SMART,20150325,93755,84.93,1,0,0,0,0,0
XOM STK SMART,20150325,93808,84.92,1,0,0,0,0,0
XOM STK SMART,20150325,93818,84.92,1,0,0,0,0,0
XOM STK SMART,20150325,93828,84.93,1,0,0,0,0,0
XOM STK SMART,20150325,93836,84.94,2,0,0,0,0,0
XOM STK SMART,20150325,93857,84.96,1,0,0,0,0,0
XOM STK SMART,20150325,93906,85,1,0,0,0,0,0
XOM STK SMART,20150325,93913,85.06,1,0,0,0,0,0
XOM STK SMART,20150325,93921,85.04,1,0,0,0,0,0
XOM STK SMART,20150325,93935,84.99,1,0,0,0,0,0
XOM STK SMART,20150325,93946,84.96,1,0,0,0,0,0
XOM STK SMART,20150325,93955,84.96,1,0,0,0,0,0
XOM STK SMART,20150325,94018,84.97,1,0,0,0,0,0
XOM STK SMART,20150325,94025,84.95,1,0,0,0,0,0
XOM STK SMART,20150325,94047,84.95,1,0,0,0,0,0
XOM STK SMART,20150325,94058,84.91,2,0,0,0,0,0
XOM STK SMART,20150325,94104,84.92,1,0,0,0,0,0
XOM STK SMART,20150325,94115,84.92,1,0,0,0,0,0
XOM STK SMART,20150325,94123,84.93,1,0,0,0,0,0
XOM STK SMART,20150325,94137,84.99,1,0,0,0,0,0
XOM STK SMART,20150325,94146,84.99,1,0,0,0,0,0
XOM STK SMART,20150325,94154,84.97,1,0,0,0,0,0
XOM STK SMART,20150325,94207,84.96,1,0,0,0,0,0
XOM STK SMART,20150325,94217,84.99,1,0,0,0,0,0
XOM STK SMART,20150325,94227,85,1,0,0,0,0,0
XOM STK SMART,20150325,94237,85.03,1,0,0,0,0,0
XOM STK SMART,20150325,94248,85,1,0,0,0,0,0
XOM STK SMART,20150325,94256,84.96,1,0,0,0,0,0
XOM STK SMART,20150325,94306,84.95,1,0,0,0,0,0
XOM STK SMART,20150325,94315,84.98,1,0,0,0,0,0
XOM STK SMART,20150325,94330,85.01,1,0,0,0,0,0
XOM STK SMART,20150325,94343,85.06,1,0,0,0,0,0
XOM STK SMART,20150325,94355,85.08,1,0,0,0,0,0
XOM STK SMART,20150325,94408,85.08,1,0,0,0,0,0
XOM STK SMART,20150325,94409,85.03,1,0,0,0,0,0
XOM STK SMART,20150325,94436,85.08,1,0,0,0,0,0
XOM STK SMART,20150325,94446,85.09,1,0,0,0,0,0
XOM STK SMART,20150325,94458,85.04,1,0,0,0,0,0
XOM STK SMART,20150325,94509,85,1,0,0,0,0,0
XOM STK SMART,20150325,94512,84.99,10,0,0,0,0,0
XOM STK SMART,20150325,94527,84.98,2,0,0,0,0,0
XOM STK SMART,20150325,94536,84.92,5,0,0,0,0,0
XOM STK SMART,20150325,94540,84.96,1,0,0,0,0,0
XOM STK SMART,20150325,94555,84.94,1,0,0,0,0,0
XOM STK SMART,20150325,94608,84.95,1,0,0,0,0,0
XOM STK SMART,20150325,94619,84.94,1,0,0,0,0,0
XOM STK SMART,20150325,94619,84.95,1,0,0,0,0,0
XOM STK SMART,20150325,94631,84.94,4,0,0,0,0,0
XOM STK SMART,20150325,94641,84.94,2,0,0,0,0,0
XOM STK SMART,20150325,94655,84.91,2,0,0,0,0,0
XOM STK SMART,20150325,94717,84.92,1,0,0,0,0,0
XOM STK SMART,20150325,94725,84.96,1,0,0,0,0,0
XOM STK SMART,20150325,94739,84.93,1,0,0,0,0,0
XOM STK SMART,20150325,94741,84.95,1,0,0,0,0,0
XOM STK SMART,20150325,94751,84.96,1,0,0,0,0,0
XOM STK SMART,20150325,94807,84.95,1,0,0,0,0,0
XOM STK SMART,20150325,94814,84.96,1,0,0,0,0,0
XOM STK SMART,20150325,94829,84.94,5,0,0,0,0,0
XOM STK SMART,20150325,94836,84.96,1,0,0,0,0,0
XOM STK SMART,20150325,94845,84.97,1,0,0,0,0,0
XOM STK SMART,20150325,94856,84.93,1,0,0,0,0,0
XOM STK SMART,20150325,94916,84.96,1,0,0,0,0,0
XOM STK SMART,20150325,94928,84.94,7,0,0,0,0,0
XOM STK SMART,20150325,94935,84.95,1,0,0,0,0,0
XOM STK SMART,20150325,94948,84.98,1,0,0,0,0,0
XOM STK SMART,20150325,94951,84.98,1,0,0,0,0,0
XOM STK SMART,20150325,95006,85.01,1,0,0,0,0,0
XOM STK SMART,20150325,95028,85,1,0,0,0,0,0
XOM STK SMART,20150325,95047,85,1,0,0,0,0,0
XOM STK SMART,20150325,95109,85.01,4,0,0,0,0,0
XOM STK SMART,20150325,95119,85.05,1,0,0,0,0,0
XOM STK SMART,20150325,95125,85.02,1,0,0,0,0,0
XOM STK SMART,20150325,95139,85.04,1,0,0,0,0,0
XOM STK SMART,20150325,95147,85.07,1,0,0,0,0,0
XOM STK SMART,20150325,95152,85.04,1,0,0,0,0,0
XOM STK SMART,20150325,95209,85.05,1,0,0,0,0,0
XOM STK SMART,20150325,95215,85.06,1,0,0,0,0,0
XOM STK SMART,20150325,95229,85.08,1,0,0,0,0,0
XOM STK SMART,20150325,95231,85.09,3,0,0,0,0,0
XOM STK SMART,20150325,95242,85.09,1,0,0,0,0,0
XOM STK SMART,20150325,95258,85.09,1,0,0,0,0,0
XOM STK SMART,20150325,95307,85.11,1,0,0,0,0,0
XOM STK SMART,20150325,95317,85.1,1,0,0,0,0,0
XOM STK SMART,20150325,95328,85.1,3,0,0,0,0,0
XOM STK SMART,20150325,95335,85.1,1,0,0,0,0,0
XOM STK SMART,20150325,95348,85.09,1,0,0,0,0,0
XOM STK SMART,20150325,95356,85.08,1,0,0,0,0,0
XOM STK SMART,20150325,95407,85.1,1,0,0,0,0,0
XOM STK SMART,20150325,95417,85.09,2,0,0,0,0,0
XOM STK SMART,20150325,95424,85.14,1,0,0,0,0,0
XOM STK SMART,20150325,95449,85.14,1,0,0,0,0,0
XOM STK SMART,20150325,95459,85.14,1,0,0,0,0,0
XOM STK SMART,20150325,95505,85.15,1,0,0,0,0,0
XOM STK SMART,20150325,95519,85.15,1,0,0,0,0,0
XOM STK SMART,20150325,95519,85.16,1,0,0,0,0,0
XOM STK SMART,20150325,95536,85.18,1,0,0,0,0,0
XOM STK SMART,20150325,95546,85.22,1,0,0,0,0,0
XOM STK SMART,20150325,95559,85.21,1,0,0,0,0,0
XOM STK SMART,20150325,95609,85.23,1,0,0,0,0,0
XOM STK SMART,20150325,95616,85.22,1,0,0,0,0,0
XOM STK SMART,20150325,95626,85.25,1,0,0,0,0,0
XOM STK SMART,20150325,95638,85.24,2,0,0,0,0,0
XOM STK SMART,20150325,95651,85.24,1,0,0,0,0,0
XOM STK SMART,20150325,95705,85.26,1,0,0,0,0,0
XOM STK SMART,20150325,95714,85.27,1,0,0,0,0,0
XOM STK SMART,20150325,95738,85.28,1,0,0,0,0,0
XOM STK SMART,20150325,95747,85.26,2,0,0,0,0,0
XOM STK SMART,20150325,95754,85.27,1,0,0,0,0,0
XOM STK SMART,20150325,95809,85.27,1,0,0,0,0,0
XOM STK SMART,20150325,95817,85.28,1,0,0,0,0,0
XOM STK SMART,20150325,95829,85.26,3,0,0,0,0,0
XOM STK SMART,20150325,95830,85.25,1,0,0,0,0,0
XOM STK SMART,20150325,95843,85.25,3,0,0,0,0,0
XOM STK SMART,20150325,95858,85.28,1,0,0,0,0,0
XOM STK SMART,20150325,95908,85.26,1,0,0,0,0,0
XOM STK SMART,20150325,95910,85.25,1,0,0,0,0,0
XOM STK SMART,20150325,95928,85.28,1,0,0,0,0,0
XOM STK SMART,20150325,95938,85.28,1,0,0,0,0,0
XOM STK SMART,20150325,95948,85.25,1,0,0,0,0,0
XOM STK SMART,20150325,95958,85.25,1,0,0,0,0,0
XOM STK SMART,20150325,100009,85.24,1,0,0,0,0,0
XOM STK SMART,20150325,100016,85.25,1,0,0,0,0,0
XOM STK SMART,20150325,100032,85.25,1,0,0,0,0,0
XOM STK SMART,20150325,100048,85.3,9,0,0,0,0,0
XOM STK SMART,20150325,100059,85.29,1,0,0,0,0,0
XOM STK SMART,20150325,100106,85.31,1,0,0,0,0,0
XOM STK SMART,20150325,100119,85.32,1,0,0,0,0,0
XOM STK SMART,20150325,100128,85.3,1,0,0,0,0,0
XOM STK SMART,20150325,100134,85.31,1,0,0,0,0,0
XOM STK SMART,20150325,100159,85.27,1,0,0,0,0,0
XOM STK SMART,20150325,100208,85.28,2,0,0,0,0,0
XOM STK SMART,20150325,100214,85.29,1,0,0,0,0,0
XOM STK SMART,20150325,100224,85.34,1,0,0,0,0,0
XOM STK SMART,20150325,100236,85.33,1,0,0,0,0,0
XOM STK SMART,20150325,100243,85.33,1,0,0,0,0,0
XOM STK SMART,20150325,100309,85.36,1,0,0,0,0,0
XOM STK SMART,20150325,100326,85.37,1,0,0,0,0,0
XOM STK SMART,20150325,100339,85.36,2,0,0,0,0,0
XOM STK SMART,20150325,100350,85.37,1,0,0,0,0,0
XOM STK SMART,20150325,100354,85.37,2,0,0,0,0,0
XOM STK SMART,20150325,100402,85.4,1,0,0,0,0,0
XOM STK SMART,20150325,100411,85.39,1,0,0,0,0,0
XOM STK SMART,20150325,100439,85.39,1,0,0,0,0,0
XOM STK SMART,20150325,100447,85.4,1,0,0,0,0,0
XOM STK SMART,20150325,100456,85.41,5,0,0,0,0,0
XOM STK SMART,20150325,100509,85.43,1,0,0,0,0,0
XOM STK SMART,20150325,100524,85.43,1,0,0,0,0,0
XOM STK SMART,20150325,100536,85.43,1,0,0,0,0,0
XOM STK SMART,20150325,100541,85.43,1,0,0,0,0,0
XOM STK SMART,20150325,100600,85.46,1,0,0,0,0,0
XOM STK SMART,20150325,100600,85.46,1,0,0,0,0,0
XOM STK SMART,20150325,100615,85.44,1,0,0,0,0,0
XOM STK SMART,20150325,100627,85.44,1,0,0,0,0,0
XOM STK SMART,20150325,100639,85.46,1,0,0,0,0,0
XOM STK SMART,20150325,100645,85.44,5,0,0,0,0,0
XOM STK SMART,20150325,100650,85.45,1,0,0,0,0,0
XOM STK SMART,20150325,100705,85.44,1,0,0,0,0,0
XOM STK SMART,20150325,100726,85.46,1,0,0,0,0,0
XOM STK SMART,20150325,100732,85.46,2,0,0,0,0,0
XOM STK SMART,20150325,100744,85.44,1,0,0,0,0,0
XOM STK SMART,20150325,100753,85.43,2,0,0,0,0,0
XOM STK SMART,20150325,100810,85.44,1,0,0,0,0,0
XOM STK SMART,20150325,100813,85.44,1,0,0,0,0,0
XOM STK SMART,20150325,100839,85.43,1,0,0,0,0,0
XOM STK SMART,20150325,100844,85.44,1,0,0,0,0,0
XOM STK SMART,20150325,100851,85.44,2,0,0,0,0,0
XOM STK SMART,20150325,100908,85.44,1,0,0,0,0,0
XOM STK SMART,20150325,100934,85.44,1,0,0,0,0,0
XOM STK SMART,20150325,100956,85.43,1,0,0,0,0,0
XOM STK SMART,20150325,101002,85.43,1,0,0,0,0,0
XOM STK SMART,20150325,101028,85.44,2,0,0,0,0,0
XOM STK SMART,20150325,101039,85.44,1,0,0,0,0,0
XOM STK SMART,20150325,101045,85.43,1,0,0,0,0,0
XOM STK SMART,20150325,101056,85.44,2,0,0,0,0,0
XOM STK SMART,20150325,101110,85.44,2,0,0,0,0,0
XOM STK SMART,20150325,101110,85.44,1,0,0,0,0,0
XOM STK SMART,20150325,101134,85.44,1,0,0,0,0,0
XOM STK SMART,20150325,101145,85.45,2,0,0,0,0,0
XOM STK SMART,20150325,101157,85.44,1,0,0,0,0,0
XOM STK SMART,20150325,101214,85.43,1,0,0,0,0,0
XOM STK SMART,20150325,101231,85.43,1,0,0,0,0,0
XOM STK SMART,20150325,101248,85.44,1,0,0,0,0,0
XOM STK SMART,20150325,101306,85.46,3,0,0,0,0,0
XOM STK SMART,20150325,101311,85.46,1,0,0,0,0,0
XOM STK SMART,20150325,101325,85.46,1,0,0,0,0,0
XOM STK SMART,20150325,101340,85.48,1,0,0,0,0,0
XOM STK SMART,20150325,101346,85.49,1,0,0,0,0,0
XOM STK SMART,20150325,101400,85.49,2,0,0,0,0,0
XOM STK SMART,20150325,101401,85.49,1,0,0,0,0,0
XOM STK SMART,20150325,101419,85.49,1,0,0,0,0,0
XOM STK SMART,20150325,101430,85.47,1,0,0,0,0,0
XOM STK SMART,20150325,101440,85.48,1,0,0,0,0,0
XOM STK SMART,20150325,101447,85.49,5,0,0,0,0,0
XOM STK SMART,20150325,101500,85.48,1,0,0,0,0,0
XOM STK SMART,20150325,101507,85.49,1,0,0,0,0,0
XOM STK SMART,20150325,101520,85.48,1,0,0,0,0,0
XOM STK SMART,20150325,101521,85.49,1,0,0,0,0,0
XOM STK SMART,20150325,101538,85.46,1,0,0,0,0,0
XOM STK SMART,20150325,101549,85.47,1,0,0,0,0,0
XOM STK SMART,20150325,101559,85.44,1,0,0,0,0,0
XOM STK SMART,20150325,101606,85.46,1,0,0,0,0,0
XOM STK SMART,20150325,101616,85.47,1,0,0,0,0,0
XOM STK SMART,20150325,101635,85.49,1,0,0,0,0,0
XOM STK SMART,20150325,101650,85.49,1,0,0,0,0,0
XOM STK SMART,20150325,101705,85.48,1,0,0,0,0,0
XOM STK SMART,20150325,101716,85.49,1,0,0,0,0,0
XOM STK SMART,20150325,101740,85.51,2,0,0,0,0,0
XOM STK SMART,20150325,101745,85.51,1,0,0,0,0,0
XOM STK SMART,20150325,101757,85.52,1,0,0,0,0,0
XOM STK SMART,20150325,101806,85.5,1,0,0,0,0,0
XOM STK SMART,20150325,101811,85.5,1,0,0,0,0,0
XOM STK SMART,20150325,101822,85.5,1,0,0,0,0,0
XOM STK SMART,20150325,101840,85.52,4,0,0,0,0,0
XOM STK SMART,20150325,101847,85.52,1,0,0,0,0,0
XOM STK SMART,20150325,101900,85.51,2,0,0,0,0,0
XOM STK SMART,20150325,101910,85.52,1,0,0,0,0,0
XOM STK SMART,20150325,101925,85.53,1,0,0,0,0,0
XOM STK SMART,20150325,101958,85.55,1,0,0,0,0,0
XOM STK SMART,20150325,102008,85.55,1,0,0,0,0,0
XOM STK SMART,20150325,102020,85.54,5,0,0,0,0,0
XOM STK SMART,20150325,102027,85.53,1,0,0,0,0,0
XOM STK SMART,20150325,102042,85.54,1,0,0,0,0,0
XOM STK SMART,20150325,102052,85.52,1,0,0,0,0,0
XOM STK SMART,20150325,102115,85.51,1,0,0,0,0,0
XOM STK SMART,20150325,102127,85.5,1,0,0,0,0,0
XOM STK SMART,20150325,102134,85.47,1,0,0,0,0,0
XOM STK SMART,20150325,102150,85.49,1,0,0,0,0,0
XOM STK SMART,20150325,102209,85.49,2,0,0,0,0,0
XOM STK SMART,20150325,102220,85.48,1,0,0,0,0,0
XOM STK SMART,20150325,102227,85.47,1,0,0,0,0,0
XOM STK SMART,20150325,102339,85.46,1,0,0,0,0,0
XOM STK SMART,20150325,102350,85.45,1,0,0,0,0,0
XOM STK SMART,20150325,102358,85.46,2,0,0,0,0,0
XOM STK SMART,20150325,102421,85.46,1,0,0,0,0,0
XOM STK SMART,20150325,102447,85.46,4,0,0,0,0,0
XOM STK SMART,20150325,102457,85.46,1,0,0,0,0,0
XOM STK SMART,20150325,102508,85.44,1,0,0,0,0,0
XOM STK SMART,20150325,102520,85.45,7,0,0,0,0,0
XOM STK SMART,20150325,102521,85.46,1,0,0,0,0,0
XOM STK SMART,20150325,102540,85.45,1,0,0,0,0,0
XOM STK SMART,20150325,102610,85.44,2,0,0,0,0,0
XOM STK SMART,20150325,102619,85.45,1,0,0,0,0,0
XOM STK SMART,20150325,102631,85.43,1,0,0,0,0,0
XOM STK SMART,20150325,102631,85.43,1,0,0,0,0,0
XOM STK SMART,20150325,102646,85.45,1,0,0,0,0,0
XOM STK SMART,20150325,102651,85.46,1,0,0,0,0,0
XOM STK SMART,20150325,102714,85.45,1,0,0,0,0,0
XOM STK SMART,20150325,102730,85.44,3,0,0,0,0,0
XOM STK SMART,20150325,102736,85.44,1,0,0,0,0,0
XOM STK SMART,20150325,102750,85.42,1,0,0,0,0,0
XOM STK SMART,20150325,102757,85.38,1,0,0,0,0,0
XOM STK SMART,20150325,102811,85.35,1,0,0,0,0,0
XOM STK SMART,20150325,102814,85.35,1,0,0,0,0,0
XOM STK SMART,20150325,102827,85.37,1,0,0,0,0,0
XOM STK SMART,20150325,102913,85.36,1,0,0,0,0,0
XOM STK SMART,20150325,102930,85.17,1,0,0,0,0,0
XOM STK SMART,20150325,102941,85.14,1,0,0,0,0,0
XOM STK SMART,20150325,102951,85.11,1,0,0,0,0,0
XOM STK SMART,20150325,102957,85.14,1,0,0,0,0,0
XOM STK SMART,20150325,103027,85.15,1,0,0,0,0,0
XOM STK SMART,20150325,103033,85.14,1,0,0,0,0,0
XOM STK SMART,20150325,103059,85.15,1,0,0,0,0,0
XOM STK SMART,20150325,103106,85.13,1,0,0,0,0,0
XOM STK SMART,20150325,103117,85.11,1,0,0,0,0,0
XOM STK SMART,20150325,103123,85.1,1,0,0,0,0,0
XOM STK SMART,20150325,103137,85.09,1,0,0,0,0,0
XOM STK SMART,20150325,103159,85.09,1,0,0,0,0,0
XOM STK SMART,20150325,103203,85.08,1,0,0,0,0,0
XOM STK SMART,20150325,103221,85.08,1,0,0,0,0,0
XOM STK SMART,20150325,103228,85.12,1,0,0,0,0,0
XOM STK SMART,20150325,103232,85.1,1,0,0,0,0,0
XOM STK SMART,20150325,103243,85.06,1,0,0,0,0,0
XOM STK SMART,20150325,103301,85.07,1,0,0,0,0,0
XOM STK SMART,20150325,103306,85.06,1,0,0,0,0,0
XOM STK SMART,20150325,103321,85.05,2,0,0,0,0,0
XOM STK SMART,20150325,103323,85.04,1,0,0,0,0,0
XOM STK SMART,20150325,103351,85.05,1,0,0,0,0,0
XOM STK SMART,20150325,103359,85.06,1,0,0,0,0,0
XOM STK SMART,20150325,103416,85.05,1,0,0,0,0,0
XOM STK SMART,20150325,103440,85.08,1,0,0,0,0,0
XOM STK SMART,20150325,103505,85.08,1,0,0,0,0,0
XOM STK SMART,20150325,103518,85.1,1,0,0,0,0,0
XOM STK SMART,20150325,103529,85.08,1,0,0,0,0,0
XOM STK SMART,20150325,103540,85.09,1,0,0,0,0,0
XOM STK SMART,20150325,103551,85.08,1,0,0,0,0,0
XOM STK SMART,20150325,103554,85.08,1,0,0,0,0,0
XOM STK SMART,20150325,103612,85.08,1,0,0,0,0,0
XOM STK SMART,20150325,103637,85.09,1,0,0,0,0,0
XOM STK SMART,20150325,103645,85.09,2,0,0,0,0,0
XOM STK SMART,20150325,103700,85.1,1,0,0,0,0,0
XOM STK SMART,20150325,103703,85.11,1,0,0,0,0,0
XOM STK SMART,20150325,103721,85.12,1,0,0,0,0,0
XOM STK SMART,20150325,103730,85.12,1,0,0,0,0,0
XOM STK SMART,20150325,103739,85.12,1,0,0,0,0,0
XOM STK SMART,20150325,103749,85.12,1,0,0,0,0,0
XOM STK SMART,20150325,103801,85.13,1,0,0,0,0,0
XOM STK SMART,20150325,103807,85.14,1,0,0,0,0,0
XOM STK SMART,20150325,103821,85.15,20,0,0,0,0,0
XOM STK SMART,20150325,103826,85.17,1,0,0,0,0,0
XOM STK SMART,20150325,103838,85.17,1,0,0,0,0,0
XOM STK SMART,20150325,103851,85.15,1,0,0,0,0,0
XOM STK SMART,20150325,103856,85.13,1,0,0,0,0,0
XOM STK SMART,20150325,103904,85.14,1,0,0,0,0,0
XOM STK SMART,20150325,103913,85.11,1,0,0,0,0,0
XOM STK SMART,20150325,103931,85.07,1,0,0,0,0,0
XOM STK SMART,20150325,103937,85.03,1,0,0,0,0,0
XOM STK SMART,20150325,103951,85.04,3,0,0,0,0,0
XOM STK SMART,20150325,104001,85.04,1,0,0,0,0,0
XOM STK SMART,20150325,104010,85.03,1,0,0,0,0,0
XOM STK SMART,20150325,104038,85.02,1,0,0,0,0,0
XOM STK SMART,20150325,104048,85.03,1,0,0,0,0,0
XOM STK SMART,20150325,104059,85.02,1,0,0,0,0,0
XOM STK SMART,20150325,104111,85.01,2,0,0,0,0,0
XOM STK SMART,20150325,104121,84.98,1,0,0,0,0,0
XOM STK SMART,20150325,104131,84.94,1,0,0,0,0,0
XOM STK SMART,20150325,104140,84.96,1,0,0,0,0,0
XOM STK SMART,20150325,104147,84.99,1,0,0,0,0,0
XOM STK SMART,20150325,104153,84.98,1,0,0,0,0,0
XOM STK SMART,20150325,104210,84.99,1,0,0,0,0,0
XOM STK SMART,20150325,104221,84.98,1,0,0,0,0,0
XOM STK SMART,20150325,104237,84.99,1,0,0,0,0,0
XOM STK SMART,20150325,104251,85,2,0,0,0,0,0
XOM STK SMART,20150325,104253,85.01,1,0,0,0,0,0
XOM STK SMART,20150325,104311,85.04,1,0,0,0,0,0
XOM STK SMART,20150325,104328,85.06,1,0,0,0,0,0
XOM STK SMART,20150325,104350,85.07,1,0,0,0,0,0
XOM STK SMART,20150325,104410,85.1,1,0,0,0,0,0
XOM STK SMART,20150325,104421,85.1,4,0,0,0,0,0
XOM STK SMART,20150325,104427,85.09,1,0,0,0,0,0
XOM STK SMART,20150325,104442,85.08,1,0,0,0,0,0
XOM STK SMART,20150325,104451,85.08,2,0,0,0,0,0
XOM STK SMART,20150325,104500,85.06,1,0,0,0,0,0
XOM STK SMART,20150325,104511,85.03,1,0,0,0,0,0
XOM STK SMART,20150325,104521,85.02,1,0,0,0,0,0
XOM STK SMART,20150325,104534,85,1,0,0,0,0,0
XOM STK SMART,20150325,104550,85.01,1,0,0,0,0,0
XOM STK SMART,20150325,104601,85.01,1,0,0,0,0,0
XOM STK SMART,20150325,104609,85,1,0,0,0,0,0
XOM STK SMART,20150325,104622,84.99,1,0,0,0,0,0
XOM STK SMART,20150325,104625,84.98,2,0,0,0,0,0
XOM STK SMART,20150325,104638,84.97,1,0,0,0,0,0
XOM STK SMART,20150325,104651,84.99,1,0,0,0,0,0
XOM STK SMART,20150325,104659,84.98,1,0,0,0,0,0
XOM STK SMART,20150325,104705,84.98,1,0,0,0,0,0
XOM STK SMART,20150325,104720,84.98,1,0,0,0,0,0
XOM STK SMART,20150325,104726,84.97,1,0,0,0,0,0
XOM STK SMART,20150325,104740,84.95,1,0,0,0,0,0
XOM STK SMART,20150325,104748,84.96,1,0,0,0,0,0
XOM STK SMART,20150325,104801,84.98,1,0,0,0,0,0
XOM STK SMART,20150325,104821,84.99,1,0,0,0,0,0
XOM STK SMART,20150325,104823,85.01,1,0,0,0,0,0
XOM STK SMART,20150325,104833,85.03,1,0,0,0,0,0
XOM STK SMART,20150325,104848,85.03,1,0,0,0,0,0
XOM STK SMART,20150325,104856,85.03,1,0,0,0,0,0
XOM STK SMART,20150325,104908,85.06,1,0,0,0,0,0
XOM STK SMART,20150325,104919,85.06,1,0,0,0,0,0
XOM STK SMART,20150325,104929,85.12,1,0,0,0,0,0
XOM STK SMART,20150325,104941,85.15,1,0,0,0,0,0
XOM STK SMART,20150325,104951,85.16,1,0,0,0,0,0
XOM STK SMART,20150325,105008,85.15,1,0,0,0,0,0
XOM STK SMART,20150325,105016,85.14,1,0,0,0,0,0
XOM STK SMART,20150325,105036,85.14,1,0,0,0,0,0
XOM STK SMART,20150325,105059,85.14,1,0,0,0,0,0
XOM STK SMART,20150325,105110,85.15,1,0,0,0,0,0
XOM STK SMART,20150325,105132,85.15,4,0,0,0,0,0
XOM STK SMART,20150325,105139,85.14,1,0,0,0,0,0
XOM STK SMART,20150325,105157,85.18,1,0,0,0,0,0
XOM STK SMART,20150325,105221,85.16,1,0,0,0,0,0
XOM STK SMART,20150325,105232,85.21,1,0,0,0,0,0
XOM STK SMART,20150325,105238,85.22,1,0,0,0,0,0
XOM STK SMART,20150325,105246,85.21,1,0,0,0,0,0
XOM STK SMART,20150325,105307,85.24,1,0,0,0,0,0
XOM STK SMART,20150325,105321,85.25,1,0,0,0,0,0
XOM STK SMART,20150325,105342,85.27,1,0,0,0,0,0
XOM STK SMART,20150325,105344,85.26,1,0,0,0,0,0
XOM STK SMART,20150325,105401,85.29,1,0,0,0,0,0
XOM STK SMART,20150325,105407,85.27,1,0,0,0,0,0
XOM STK SMART,20150325,105431,85.29,1,0,0,0,0,0
XOM STK SMART,20150325,105440,85.31,1,0,0,0,0,0
XOM STK SMART,20150325,105449,85.31,1,0,0,0,0,0
XOM STK SMART,20150325,105502,85.33,1,0,0,0,0,0
XOM STK SMART,20150325,105511,85.34,1,0,0,0,0,0
XOM STK SMART,20150325,105525,85.33,1,0,0,0,0,0
XOM STK SMART,20150325,105541,85.32,1,0,0,0,0,0
XOM STK SMART,20150325,105553,85.33,2,0,0,0,0,0
XOM STK SMART,20150325,105610,85.37,1,0,0,0,0,0
XOM STK SMART,20150325,105632,85.38,1,0,0,0,0,0
XOM STK SMART,20150325,105646,85.36,2,0,0,0,0,0
XOM STK SMART,20150325,105658,85.37,1,0,0,0,0,0
XOM STK SMART,20150325,105706,85.35,1,0,0,0,0,0
XOM STK SMART,20150325,105715,85.34,2,0,0,0,0,0
XOM STK SMART,20150325,105724,85.33,1,0,0,0,0,0
XOM STK SMART,20150325,105733,85.34,1,0,0,0,0,0
XOM STK SMART,20150325,105811,85.39,1,0,0,0,0,0
XOM STK SMART,20150325,105821,85.38,1,0,0,0,0,0
XOM STK SMART,20150325,105842,85.36,1,0,0,0,0,0
XOM STK SMART,20150325,105850,85.37,1,0,0,0,0,0
XOM STK SMART,20150325,105908,85.36,1,0,0,0,0,0
XOM STK SMART,20150325,105920,85.38,1,0,0,0,0,0
XOM STK SMART,20150325,105926,85.37,1,0,0,0,0,0
XOM STK SMART,20150325,105942,85.38,1,0,0,0,0,0
XOM STK SMART,20150325,105942,85.37,1,0,0,0,0,0
XOM STK SMART,20150325,105958,85.35,1,0,0,0,0,0
XOM STK SMART,20150325,110008,85.35,1,0,0,0,0,0
XOM STK SMART,20150325,110019,85.33,1,0,0,0,0,0
XOM STK SMART,20150325,110036,85.36,1,0,0,0,0,0
XOM STK SMART,20150325,110058,85.33,1,0,0,0,0,0
XOM STK SMART,20150325,110114,85.34,1,0,0,0,0,0
XOM STK SMART,20150325,110131,85.32,1,0,0,0,0,0
XOM STK SMART,20150325,110135,85.31,1,0,0,0,0,0
XOM STK SMART,20150325,110145,85.32,1,0,0,0,0,0
XOM STK SMART,20150325,110155,85.32,1,0,0,0,0,0
XOM STK SMART,20150325,110209,85.35,10,0,0,0,0,0
XOM STK SMART,20150325,110223,85.37,1,0,0,0,0,0
XOM STK SMART,20150325,110232,85.39,1,0,0,0,0,0
XOM STK SMART,20150325,110251,85.43,1,0,0,0,0,0
XOM STK SMART,20150325,110301,85.45,1,0,0,0,0,0
XOM STK SMART,20150325,110310,85.43,1,0,0,0,0,0
XOM STK SMART,20150325,110318,85.43,1,0,0,0,0,0
XOM STK SMART,20150325,110349,85.44,1,0,0,0,0,0
XOM STK SMART,20150325,110355,85.43,1,0,0,0,0,0
XOM STK SMART,20150325,110403,85.42,1,0,0,0,0,0
XOM STK SMART,20150325,110441,85.42,1,0,0,0,0,0
XOM STK SMART,20150325,110450,85.39,1,0,0,0,0,0
XOM STK SMART,20150325,110502,85.39,1,0,0,0,0,0
XOM STK SMART,20150325,110510,85.36,1,0,0,0,0,0
XOM STK SMART,20150325,110536,85.37,1,0,0,0,0,0
XOM STK SMART,20150325,110601,85.37,1,0,0,0,0,0
XOM STK SMART,20150325,110614,85.38,1,0,0,0,0,0
XOM STK SMART,20150325,110630,85.37,1,0,0,0,0,0
XOM STK SMART,20150325,110642,85.35,1,0,0,0,0,0
XOM STK SMART,20150325,110656,85.35,2,0,0,0,0,0
XOM STK SMART,20150325,110706,85.34,1,0,0,0,0,0
XOM STK SMART,20150325,110723,85.35,1,0,0,0,0,0
XOM STK SMART,20150325,110740,85.34,1,0,0,0,0,0
XOM STK SMART,20150325,110801,85.32,1,0,0,0,0,0
XOM STK SMART,20150325,110804,85.32,2,0,0,0,0,0
XOM STK SMART,20150325,110819,85.32,1,0,0,0,0,0
XOM STK SMART,20150325,110826,85.29,1,0,0,0,0,0
XOM STK SMART,20150325,110852,85.28,1,0,0,0,0,0
XOM STK SMART,20150325,110903,85.25,1,0,0,0,0,0
XOM STK SMART,20150325,110910,85.26,1,0,0,0,0,0
XOM STK SMART,20150325,110915,85.27,1,0,0,0,0,0
XOM STK SMART,20150325,110929,85.27,2,0,0,0,0,0
XOM STK SMART,20150325,110945,85.27,1,0,0,0,0,0
XOM STK SMART,20150325,111013,85.27,1,0,0,0,0,0
XOM STK SMART,20150325,111019,85.24,1,0,0,0,0,0
XOM STK SMART,20150325,111027,85.23,1,0,0,0,0,0
XOM STK SMART,20150325,111041,85.21,1,0,0,0,0,0
XOM STK SMART,20150325,111049,85.17,1,0,0,0,0,0
XOM STK SMART,20150325,111101,85.2,1,0,0,0,0,0
XOM STK SMART,20150325,111113,85.21,1,0,0,0,0,0
XOM STK SMART,20150325,111123,85.18,1,0,0,0,0,0
XOM STK SMART,20150325,111139,85.2,1,0,0,0,0,0
XOM STK SMART,20150325,111151,85.22,1,0,0,0,0,0
XOM STK SMART,20150325,111156,85.22,1,0,0,0,0,0
XOM STK SMART,20150325,111228,85.23,1,0,0,0,0,0
XOM STK SMART,20150325,111236,85.24,1,0,0,0,0,0
XOM STK SMART,20150325,111249,85.26,1,0,0,0,0,0
XOM STK SMART,20150325,111303,85.26,1,0,0,0,0,0
XOM STK SMART,20150325,111321,85.27,1,0,0,0,0,0
XOM STK SMART,20150325,111335,85.26,1,0,0,0,0,0
XOM STK SMART,20150325,111401,85.26,1,0,0,0,0,0
XOM STK SMART,20150325,111413,85.24,1,0,0,0,0,0
XOM STK SMART,20150325,111415,85.25,1,0,0,0,0,0
XOM STK SMART,20150325,111425,85.23,1,0,0,0,0,0
XOM STK SMART,20150325,111436,85.21,1,0,0,0,0,0
XOM STK SMART,20150325,111446,85.23,1,0,0,0,0,0
XOM STK SMART,20150325,111459,85.22,1,0,0,0,0,0
XOM STK SMART,20150325,111513,85.24,1,0,0,0,0,0
XOM STK SMART,20150325,111541,85.25,2,0,0,0,0,0
XOM STK SMART,20150325,111553,85.26,1,0,0,0,0,0
XOM STK SMART,20150325,111602,85.26,2,0,0,0,0,0
XOM STK SMART,20150325,111610,85.24,1,0,0,0,0,0
XOM STK SMART,20150325,111623,85.2,1,0,0,0,0,0
XOM STK SMART,20150325,111632,85.14,1,0,0,0,0,0
XOM STK SMART,20150325,111648,85.17,1,0,0,0,0,0
XOM STK SMART,20150325,111725,85.18,1,0,0,0,0,0
XOM STK SMART,20150325,111740,85.2,1,0,0,0,0,0
XOM STK SMART,20150325,111753,85.2,3,0,0,0,0,0
XOM STK SMART,20150325,111758,85.18,1,0,0,0,0,0
XOM STK SMART,20150325,111806,85.17,1,0,0,0,0,0
XOM STK SMART,20150325,111814,85.15,1,0,0,0,0,0
XOM STK SMART,20150325,111826,85.15,1,0,0,0,0,0
XOM STK SMART,20150325,111903,85.16,1,0,0,0,0,0
XOM STK SMART,20150325,111911,85.18,2,0,0,0,0,0
XOM STK SMART,20150325,111915,85.19,1,0,0,0,0,0
XOM STK SMART,20150325,111933,85.19,1,0,0,0,0,0
XOM STK SMART,20150325,111940,85.18,1,0,0,0,0,0
XOM STK SMART,20150325,111951,85.17,1,0,0,0,0,0
XOM STK SMART,20150325,112028,85.12,1,0,0,0,0,0
XOM STK SMART,20150325,112039,85.14,1,0,0,0,0,0
XOM STK SMART,20150325,112050,85.15,1,0,0,0,0,0
XOM STK SMART,20150325,112110,85.16,1,0,0,0,0,0
XOM STK SMART,20150325,112126,85.15,1,0,0,0,0,0
XOM STK SMART,20150325,112151,85.17,1,0,0,0,0,0
XOM STK SMART,20150325,112231,85.16,2,0,0,0,0,0
XOM STK SMART,20150325,112239,85.15,1,0,0,0,0,0
XOM STK SMART,20150325,112246,85.16,1,0,0,0,0,0
XOM STK SMART,20150325,112309,85.19,1,0,0,0,0,0
XOM STK SMART,20150325,112323,85.17,1,0,0,0,0,0
XOM STK SMART,20150325,112335,85.16,1,0,0,0,0,0
XOM STK SMART,20150325,112352,85.18,1,0,0,0,0,0
XOM STK SMART,20150325,112358,85.17,1,0,0,0,0,0
XOM STK SMART,20150325,112407,85.2,1,0,0,0,0,0
XOM STK SMART,20150325,112423,85.21,2,0,0,0,0,0
XOM STK SMART,20150325,112433,85.2,1,0,0,0,0,0
XOM STK SMART,20150325,112438,85.2,2,0,0,0,0,0
XOM STK SMART,20150325,112453,85.21,1,0,0,0,0,0
XOM STK SMART,20150325,112459,85.22,1,0,0,0,0,0
XOM STK SMART,20150325,112524,85.24,2,0,0,0,0,0
XOM STK SMART,20150325,112530,85.23,1,0,0,0,0,0
XOM STK SMART,20150325,112543,85.22,1,0,0,0,0,0
XOM STK SMART,20150325,112601,85.23,1,0,0,0,0,0
XOM STK SMART,20150325,112605,85.24,1,0,0,0,0,0
XOM STK SMART,20150325,112626,85.23,1,0,0,0,0,0
XOM STK SMART,20150325,112652,85.21,1,0,0,0,0,0
XOM STK SMART,20150325,112655,85.22,1,0,0,0,0,0
XOM STK SMART,20150325,112706,85.21,1,0,0,0,0,0
XOM STK SMART,20150325,112723,85.21,1,0,0,0,0,0
XOM STK SMART,20150325,112803,85.22,1,0,0,0,0,0
XOM STK SMART,20150325,112819,85.2,1,0,0,0,0,0
XOM STK SMART,20150325,112836,85.19,1,0,0,0,0,0
XOM STK SMART,20150325,112856,85.18,1,0,0,0,0,0
XOM STK SMART,20150325,112912,85.18,1,0,0,0,0,0
XOM STK SMART,20150325,112921,85.18,1,0,0,0,0,0
XOM STK SMART,20150325,112941,85.19,1,0,0,0,0,0
XOM STK SMART,20150325,113001,85.17,1,0,0,0,0,0
XOM STK SMART,20150325,113011,85.17,1,0,0,0,0,0
XOM STK SMART,20150325,113023,85.18,1,0,0,0,0,0
XOM STK SMART,20150325,113033,85.16,1,0,0,0,0,0
XOM STK SMART,20150325,113104,85.16,1,0,0,0,0,0
XOM STK SMART,20150325,113112,85.12,1,0,0,0,0,0
XOM STK SMART,20150325,113124,85.08,1,0,0,0,0,0
XOM STK SMART,20150325,113143,85.08,1,0,0,0,0,0
XOM STK SMART,20150325,113151,85.08,1,0,0,0,0,0
XOM STK SMART,20150325,113201,85.1,1,0,0,0,0,0
XOM STK SMART,20150325,113234,85.09,1,0,0,0,0,0
XOM STK SMART,20150325,113243,85.09,1,0,0,0,0,0
XOM STK SMART,20150325,113301,85.1,1,0,0,0,0,0
XOM STK SMART,20150325,113331,85.08,1,0,0,0,0,0
XOM STK SMART,20150325,113347,85.04,1,0,0,0,0,0
XOM STK SMART,20150325,113403,85.04,1,0,0,0,0,0
XOM STK SMART,20150325,113414,85.02,1,0,0,0,0,0
XOM STK SMART,20150325,113419,85.02,1,0,0,0,0,0
XOM STK SMART,20150325,113441,85.03,1,0,0,0,0,0
XOM STK SMART,20150325,113451,85.04,1,0,0,0,0,0
XOM STK SMART,20150325,113459,85.04,1,0,0,0,0,0
XOM STK SMART,20150325,113507,85.05,1,0,0,0,0,0
XOM STK SMART,20150325,113523,85.04,1,0,0,0,0,0
XOM STK SMART,20150325,113531,85.04,2,0,0,0,0,0
XOM STK SMART,20150325,113538,85.05,1,0,0,0,0,0
XOM STK SMART,20150325,113553,85.04,1,0,0,0,0,0
XOM STK SMART,20150325,113559,85.05,1,0,0,0,0,0
XOM STK SMART,20150325,113605,85.05,3,0,0,0,0,0
XOM STK SMART,20150325,113619,85.06,1,0,0,0,0,0
XOM STK SMART,20150325,113632,85.1,1,0,0,0,0,0
XOM STK SMART,20150325,113641,85.09,2,0,0,0,0,0
XOM STK SMART,20150325,113646,85.09,1,0,0,0,0,0
XOM STK SMART,20150325,113714,85.08,1,0,0,0,0,0
XOM STK SMART,20150325,113724,85.08,1,0,0,0,0,0
XOM STK SMART,20150325,113801,85.08,2,0,0,0,0,0
XOM STK SMART,20150325,113811,85.07,1,0,0,0,0,0
XOM STK SMART,20150325,113820,85.06,1,0,0,0,0,0
XOM STK SMART,20150325,113834,85,1,0,0,0,0,0
XOM STK SMART,20150325,113844,84.95,2,0,0,0,0,0
XOM STK SMART,20150325,113853,84.93,1,0,0,0,0,0
XOM STK SMART,20150325,113858,84.94,1,0,0,0,0,0
XOM STK SMART,20150325,113904,84.93,1,0,0,0,0,0
XOM STK SMART,20150325,113921,84.88,1,0,0,0,0,0
XOM STK SMART,20150325,113931,84.9,1,0,0,0,0,0
XOM STK SMART,20150325,113942,84.88,1,0,0,0,0,0
XOM STK SMART,20150325,113951,84.92,1,0,0,0,0,0
XOM STK SMART,20150325,113958,84.94,1,0,0,0,0,0
XOM STK SMART,20150325,114012,84.93,1,0,0,0,0,0
XOM STK SMART,20150325,114024,84.9,1,0,0,0,0,0
XOM STK SMART,20150325,114025,84.89,1,0,0,0,0,0
XOM STK SMART,20150325,114041,84.89,1,0,0,0,0,0
XOM STK SMART,20150325,114052,84.87,1,0,0,0,0,0
XOM STK SMART,20150325,114102,84.88,1,0,0,0,0,0
XOM STK SMART,20150325,114114,84.87,2,0,0,0,0,0
XOM STK SMART,20150325,114124,84.82,1,0,0,0,0,0
XOM STK SMART,20150325,114134,84.83,1,0,0,0,0,0
XOM STK SMART,20150325,114140,84.86,1,0,0,0,0,0
XOM STK SMART,20150325,114149,84.86,1,0,0,0,0,0
XOM STK SMART,20150325,114205,84.84,1,0,0,0,0,0
XOM STK SMART,20150325,114213,84.86,1,0,0,0,0,0
XOM STK SMART,20150325,114231,84.9,1,0,0,0,0,0
XOM STK SMART,20150325,114243,84.88,1,0,0,0,0,0
XOM STK SMART,20150325,114252,84.89,1,0,0,0,0,0
XOM STK SMART,20150325,114257,84.89,1,0,0,0,0,0
XOM STK SMART,20150325,114331,84.89,1,0,0,0,0,0
XOM STK SMART,20150325,114340,84.9,1,0,0,0,0,0
XOM STK SMART,20150325,114353,84.86,1,0,0,0,0,0
XOM STK SMART,20150325,114409,84.88,1,0,0,0,0,0
XOM STK SMART,20150325,114422,84.89,1,0,0,0,0,0
XOM STK SMART,20150325,114435,84.88,1,0,0,0,0,0
XOM STK SMART,20150325,114455,84.88,1,0,0,0,0,0
XOM STK SMART,20150325,114503,84.87,1,0,0,0,0,0
XOM STK SMART,20150325,114512,84.84,1,0,0,0,0,0
XOM STK SMART,20150325,114519,84.84,1,0,0,0,0,0
XOM STK SMART,20150325,114528,84.86,1,0,0,0,0,0
XOM STK SMART,20150325,114541,84.88,1,0,0,0,0,0
XOM STK SMART,20150325,114556,84.88,1,0,0,0,0,0
XOM STK SMART,20150325,114611,84.87,1,0,0,0,0,0
XOM STK SMART,20150325,114621,84.86,1,0,0,0,0,0
XOM STK SMART,20150325,114635,84.85,1,0,0,0,0,0
XOM STK SMART,20150325,114643,84.88,1,0,0,0,0,0
XOM STK SMART,20150325,114654,84.88,1,0,0,0,0,0
XOM STK SMART,20150325,114703,84.88,1,0,0,0,0,0
XOM STK SMART,20150325,114725,84.92,1,0,0,0,0,0
XOM STK SMART,20150325,114728,84.91,1,0,0,0,0,0
XOM STK SMART,20150325,114743,84.94,1,0,0,0,0,0
XOM STK SMART,20150325,114754,84.95,2,0,0,0,0,0
XOM STK SMART,20150325,114804,84.92,1,0,0,0,0,0
XOM STK SMART,20150325,114825,84.94,2,0,0,0,0,0
XOM STK SMART,20150325,114832,84.92,1,0,0,0,0,0
XOM STK SMART,20150325,114837,84.93,1,0,0,0,0,0
XOM STK SMART,20150325,114847,84.91,1,0,0,0,0,0
XOM STK SMART,20150325,114856,84.92,1,0,0,0,0,0
XOM STK SMART,20150325,114909,84.93,1,0,0,0,0,0
XOM STK SMART,20150325,114924,84.92,1,0,0,0,0,0
XOM STK SMART,20150325,114934,84.9,1,0,0,0,0,0
XOM STK SMART,20150325,114941,84.91,1,0,0,0,0,0
XOM STK SMART,20150325,114952,84.89,1,0,0,0,0,0
XOM STK SMART,20150325,115005,84.89,1,0,0,0,0,0
XOM STK SMART,20150325,115012,84.9,1,0,0,0,0,0
XOM STK SMART,20150325,115021,84.91,1,0,0,0,0,0
XOM STK SMART,20150325,115030,84.9,2,0,0,0,0,0
XOM STK SMART,20150325,115039,84.92,1,0,0,0,0,0
XOM STK SMART,20150325,115050,84.92,1,0,0,0,0,0
XOM STK SMART,20150325,115101,84.94,1,0,0,0,0,0
XOM STK SMART,20150325,115112,84.93,1,0,0,0,0,0
XOM STK SMART,20150325,115115,84.94,1,0,0,0,0,0
XOM STK SMART,20150325,115130,84.93,1,0,0,0,0,0
XOM STK SMART,20150325,115139,84.92,1,0,0,0,0,0
XOM STK SMART,20150325,115153,84.9,1,0,0,0,0,0
XOM STK SMART,20150325,115211,84.91,1,0,0,0,0,0
XOM STK SMART,20150325,115222,84.93,1,0,0,0,0,0
XOM STK SMART,20150325,115244,84.94,1,0,0,0,0,0
XOM STK SMART,20150325,115304,84.93,1,0,0,0,0,0
XOM STK SMART,20150325,115306,84.94,1,0,0,0,0,0
XOM STK SMART,20150325,115328,84.93,1,0,0,0,0,0
XOM STK SMART,20150325,115352,84.94,1,0,0,0,0,0
XOM STK SMART,20150325,115414,84.95,1,0,0,0,0,0
XOM STK SMART,20150325,115424,84.94,1,0,0,0,0,0
XOM STK SMART,20150325,115430,84.93,1,0,0,0,0,0
XOM STK SMART,20150325,115455,84.93,1,0,0,0,0,0
XOM STK SMART,20150325,115505,84.95,1,0,0,0,0,0
XOM STK SMART,20150325,115510,84.94,1,0,0,0,0,0
XOM STK SMART,20150325,115521,84.93,1,0,0,0,0,0
XOM STK SMART,20150325,115534,84.89,1,0,0,0,0,0
XOM STK SMART,20150325,115545,84.87,1,0,0,0,0,0
XOM STK SMART,20150325,115554,84.85,1,0,0,0,0,0
XOM STK SMART,20150325,115604,84.8,1,0,0,0,0,0
XOM STK SMART,20150325,115614,84.83,1,0,0,0,0,0
XOM STK SMART,20150325,115620,84.82,2,0,0,0,0,0
XOM STK SMART,20150325,115631,84.85,1,0,0,0,0,0
XOM STK SMART,20150325,115643,84.81,1,0,0,0,0,0
XOM STK SMART,20150325,115654,84.81,1,0,0,0,0,0
XOM STK SMART,20150325,115703,84.78,1,0,0,0,0,0
XOM STK SMART,20150325,115713,84.82,1,0,0,0,0,0
XOM STK SMART,20150325,115719,84.84,1,0,0,0,0,0
XOM STK SMART,20150325,115731,84.87,1,0,0,0,0,0
XOM STK SMART,20150325,115741,84.88,1,0,0,0,0,0
XOM STK SMART,20150325,115755,84.87,1,0,0,0,0,0
XOM STK SMART,20150325,115805,84.89,1,0,0,0,0,0
XOM STK SMART,20150325,115812,84.88,4,0,0,0,0,0
XOM STK SMART,20150325,115825,84.88,1,0,0,0,0,0
XOM STK SMART,20150325,115841,84.89,1,0,0,0,0,0
XOM STK SMART,20150325,115915,84.9,1,0,0,0,0,0
XOM STK SMART,20150325,115925,84.89,1,0,0,0,0,0
XOM STK SMART,20150325,115943,84.91,1,0,0,0,0,0
XOM STK SMART,20150325,115953,84.9,1,0,0,0,0,0
XOM STK SMART,20150325,120009,84.92,1,0,0,0,0,0
XOM STK SMART,20150325,120024,84.93,1,0,0,0,0,0
XOM STK SMART,20150325,120031,84.94,1,0,0,0,0,0
XOM STK SMART,20150325,120055,84.92,1,0,0,0,0,0
XOM STK SMART,20150325,120105,84.95,2,0,0,0,0,0
XOM STK SMART,20150325,120115,84.94,1,0,0,0,0,0
XOM STK SMART,20150325,120153,84.96,1,0,0,0,0,0
XOM STK SMART,20150325,120156,84.95,1,0,0,0,0,0
XOM STK SMART,20150325,120214,84.95,1,0,0,0,0,0
XOM STK SMART,20150325,120216,84.94,1,0,0,0,0,0
XOM STK SMART,20150325,120231,84.95,1,0,0,0,0,0
XOM STK SMART,20150325,120245,84.91,2,0,0,0,0,0
XOM STK SMART,20150325,120252,84.87,1,0,0,0,0,0
XOM STK SMART,20150325,120259,84.9,1,0,0,0,0,0
XOM STK SMART,20150325,120325,84.86,1,0,0,0,0,0
XOM STK SMART,20150325,120328,84.87,1,0,0,0,0,0
XOM STK SMART,20150325,120338,84.88,1,0,0,0,0,0
XOM STK SMART,20150325,120354,84.85,1,0,0,0,0,0
XOM STK SMART,20150325,120404,84.89,1,0,0,0,0,0
XOM STK SMART,20150325,120425,84.89,1,0,0,0,0,0
XOM STK SMART,20150325,120437,84.89,1,0,0,0,0,0
XOM STK SMART,20150325,120448,84.9,1,0,0,0,0,0
XOM STK SMART,20150325,120502,84.93,1,0,0,0,0,0
XOM STK SMART,20150325,120509,84.94,2,0,0,0,0,0
XOM STK SMART,20150325,120523,84.93,1,0,0,0,0,0
XOM STK SMART,20150325,120541,84.94,1,0,0,0,0,0
XOM STK SMART,20150325,120552,84.95,1,0,0,0,0,0
XOM STK SMART,20150325,120602,84.94,1,0,0,0,0,0
XOM STK SMART,20150325,120618,84.95,1,0,0,0,0,0
XOM STK SMART,20150325,120639,84.94,1,0,0,0,0,0
XOM STK SMART,20150325,120647,84.93,1,0,0,0,0,0
XOM STK SMART,20150325,120703,84.96,1,0,0,0,0,0
XOM STK SMART,20150325,120721,84.97,1,0,0,0,0,0
XOM STK SMART,20150325,120735,85.01,1,0,0,0,0,0
XOM STK SMART,20150325,120745,85.02,2,0,0,0,0,0
XOM STK SMART,20150325,120746,85.01,1,0,0,0,0,0
XOM STK SMART,20150325,120802,84.97,1,0,0,0,0,0
XOM STK SMART,20150325,120832,84.93,1,0,0,0,0,0
XOM STK SMART,20150325,120838,84.94,1,0,0,0,0,0
XOM STK SMART,20150325,120850,84.92,1,0,0,0,0,0
XOM STK SMART,20150325,120905,84.89,1,0,0,0,0,0
XOM STK SMART,20150325,120913,84.9,4,0,0,0,0,0
XOM STK SMART,20150325,120924,84.88,1,0,0,0,0,0
XOM STK SMART,20150325,120936,84.88,1,0,0,0,0,0
XOM STK SMART,20150325,120940,84.91,1,0,0,0,0,0
XOM STK SMART,20150325,121005,84.88,1,0,0,0,0,0
XOM STK SMART,20150325,121009,84.89,1,0,0,0,0,0
XOM STK SMART,20150325,121025,84.89,1,0,0,0,0,0
XOM STK SMART,20150325,121046,84.92,1,0,0,0,0,0
XOM STK SMART,20150325,121101,84.92,1,0,0,0,0,0
XOM STK SMART,20150325,121114,84.92,1,0,0,0,0,0
XOM STK SMART,20150325,121132,84.93,1,0,0,0,0,0
XOM STK SMART,20150325,121149,84.92,1,0,0,0,0,0
XOM STK SMART,20150325,121204,84.93,1,0,0,0,0,0
XOM STK SMART,20150325,121226,84.94,1,0,0,0,0,0
XOM STK SMART,20150325,121229,84.93,1,0,0,0,0,0
XOM STK SMART,20150325,121243,84.92,1,0,0,0,0,0
XOM STK SMART,20150325,121300,84.96,1,0,0,0,0,0
XOM STK SMART,20150325,121316,84.93,1,0,0,0,0,0
XOM STK SMART,20150325,121344,84.94,1,0,0,0,0,0
XOM STK SMART,20150325,121425,84.97,1,0,0,0,0,0
XOM STK SMART,20150325,121431,84.96,1,0,0,0,0,0
XOM STK SMART,20150325,121442,84.97,1,0,0,0,0,0
XOM STK SMART,20150325,121450,84.96,1,0,0,0,0,0
XOM STK SMART,20150325,121457,84.97,1,0,0,0,0,0
XOM STK SMART,20150325,121523,84.97,3,0,0,0,0,0
XOM STK SMART,20150325,121534,84.97,1,0,0,0,0,0
XOM STK SMART,20150325,121543,84.99,1,0,0,0,0,0
XOM STK SMART,20150325,121551,84.97,1,0,0,0,0,0
XOM STK SMART,20150325,121559,84.98,1,0,0,0,0,0
XOM STK SMART,20150325,121630,84.99,1,0,0,0,0,0
XOM STK SMART,20150325,121700,85,1,0,0,0,0,0
XOM STK SMART,20150325,121725,84.98,1,0,0,0,0,0
XOM STK SMART,20150325,121801,84.97,1,0,0,0,0,0
XOM STK SMART,20150325,121813,84.95,1,0,0,0,0,0
XOM STK SMART,20150325,121845,84.96,1,0,0,0,0,0
XOM STK SMART,20150325,121853,84.95,1,0,0,0,0,0
XOM STK SMART,20150325,121904,84.96,1,0,0,0,0,0
XOM STK SMART,20150325,121935,84.97,2,0,0,0,0,0
XOM STK SMART,20150325,121940,84.98,1,0,0,0,0,0
XOM STK SMART,20150325,121947,84.98,1,0,0,0,0,0
XOM STK SMART,20150325,121959,84.93,1,0,0,0,0,0
XOM STK SMART,20150325,122013,84.83,1,0,0,0,0,0
XOM STK SMART,20150325,122022,84.88,1,0,0,0,0,0
XOM STK SMART,20150325,122035,84.87,1,0,0,0,0,0
XOM STK SMART,20150325,122052,84.89,1,0,0,0,0,0
XOM STK SMART,20150325,122116,84.91,1,0,0,0,0,0
XOM STK SMART,20150325,122126,84.92,1,0,0,0,0,0
XOM STK SMART,20150325,122134,84.9,1,0,0,0,0,0
XOM STK SMART,20150325,122146,84.88,1,0,0,0,0,0
XOM STK SMART,20150325,122156,84.85,1,0,0,0,0,0
XOM STK SMART,20150325,122206,84.87,1,0,0,0,0,0
XOM STK SMART,20150325,122210,84.86,1,0,0,0,0,0
XOM STK SMART,20150325,122225,84.84,1,0,0,0,0,0
XOM STK SMART,20150325,122246,84.85,1,0,0,0,0,0
XOM STK SMART,20150325,122252,84.85,1,0,0,0,0,0
XOM STK SMART,20150325,122305,84.86,1,0,0,0,0,0
XOM STK SMART,20150325,122322,84.86,1,0,0,0,0,0
XOM STK SMART,20150325,122328,84.87,1,0,0,0,0,0
XOM STK SMART,20150325,122344,84.86,1,0,0,0,0,0
XOM STK SMART,20150325,122357,84.83,1,0,0,0,0,0
XOM STK SMART,20150325,122423,84.83,1,0,0,0,0,0
XOM STK SMART,20150325,122444,84.84,1,0,0,0,0,0
XOM STK SMART,20150325,122513,84.86,1,0,0,0,0,0
XOM STK SMART,20150325,122534,84.91,1,0,0,0,0,0
XOM STK SMART,20150325,122550,84.9,1,0,0,0,0,0
XOM STK SMART,20150325,122557,84.92,1,0,0,0,0,0
XOM STK SMART,20150325,122611,84.91,2,0,0,0,0,0
XOM STK SMART,20150325,122637,84.94,1,0,0,0,0,0
XOM STK SMART,20150325,122644,84.93,1,0,0,0,0,0
XOM STK SMART,20150325,122715,84.92,1,0,0,0,0,0
XOM STK SMART,20150325,122722,84.93,1,0,0,0,0,0
XOM STK SMART,20150325,122737,84.95,1,0,0,0,0,0
XOM STK SMART,20150325,122747,84.96,1,0,0,0,0,0
XOM STK SMART,20150325,122753,84.95,1,0,0,0,0,0
XOM STK SMART,20150325,122758,84.96,1,0,0,0,0,0
XOM STK SMART,20150325,122818,84.98,1,0,0,0,0,0
XOM STK SMART,20150325,122840,84.99,1,0,0,0,0,0
XOM STK SMART,20150325,122905,84.97,1,0,0,0,0,0
XOM STK SMART,20150325,122924,84.96,1,0,0,0,0,0
XOM STK SMART,20150325,122931,84.93,2,0,0,0,0,0
XOM STK SMART,20150325,122946,84.91,1,0,0,0,0,0
XOM STK SMART,20150325,122955,84.89,1,0,0,0,0,0
XOM STK SMART,20150325,123006,84.88,1,0,0,0,0,0
XOM STK SMART,20150325,123009,84.9,1,0,0,0,0,0
XOM STK SMART,20150325,123022,84.89,1,0,0,0,0,0
XOM STK SMART,20150325,123035,84.87,1,0,0,0,0,0
XOM STK SMART,20150325,123042,84.85,1,0,0,0,0,0
XOM STK SMART,20150325,123049,84.86,1,0,0,0,0,0
XOM STK SMART,20150325,123100,84.85,1,0,0,0,0,0
XOM STK SMART,20150325,123108,84.87,1,0,0,0,0,0
XOM STK SMART,20150325,123122,84.86,1,0,0,0,0,0
XOM STK SMART,20150325,123206,84.88,1,0,0,0,0,0
XOM STK SMART,20150325,123224,84.86,1,0,0,0,0,0
XOM STK SMART,20150325,123233,84.86,1,0,0,0,0,0
XOM STK SMART,20150325,123245,84.88,1,0,0,0,0,0
XOM STK SMART,20150325,123322,84.85,1,0,0,0,0,0
XOM STK SMART,20150325,123346,84.8,1,0,0,0,0,0
XOM STK SMART,20150325,123353,84.83,1,0,0,0,0,0
XOM STK SMART,20150325,123402,84.84,1,0,0,0,0,0
XOM STK SMART,20150325,123417,84.88,1,0,0,0,0,0
XOM STK SMART,20150325,123428,84.87,1,0,0,0,0,0
XOM STK SMART,20150325,123515,84.84,1,0,0,0,0,0
XOM STK SMART,20150325,123530,84.84,2,0,0,0,0,0
XOM STK SMART,20150325,123545,84.82,1,0,0,0,0,0
XOM STK SMART,20150325,123548,84.84,1,0,0,0,0,0
XOM STK SMART,20150325,123608,84.85,1,0,0,0,0,0
XOM STK SMART,20150325,123625,84.83,1,0,0,0,0,0
XOM STK SMART,20150325,123636,84.86,1,0,0,0,0,0
XOM STK SMART,20150325,123657,84.88,4,0,0,0,0,0
XOM STK SMART,20150325,123707,84.87,1,0,0,0,0,0
XOM STK SMART,20150325,123708,84.87,1,0,0,0,0,0
XOM STK SMART,20150325,123725,84.89,1,0,0,0,0,0
XOM STK SMART,20150325,123735,84.85,1,0,0,0,0,0
XOM STK SMART,20150325,123741,84.87,1,0,0,0,0,0
XOM STK SMART,20150325,123806,84.89,1,0,0,0,0,0
XOM STK SMART,20150325,123821,84.9,1,0,0,0,0,0
XOM STK SMART,20150325,123845,84.93,1,0,0,0,0,0
XOM STK SMART,20150325,123858,84.92,1,0,0,0,0,0
XOM STK SMART,20150325,123914,84.91,1,0,0,0,0,0
XOM STK SMART,20150325,123919,84.9,1,0,0,0,0,0
XOM STK SMART,20150325,123936,84.88,2,0,0,0,0,0
XOM STK SMART,20150325,123944,84.86,1,0,0,0,0,0
XOM STK SMART,20150325,123950,84.87,1,0,0,0,0,0
XOM STK SMART,20150325,124001,84.85,1,0,0,0,0,0
XOM STK SMART,20150325,124013,84.84,1,0,0,0,0,0
XOM STK SMART,20150325,124027,84.85,1,0,0,0,0,0
XOM STK SMART,20150325,124037,84.81,1,0,0,0,0,0
XOM STK SMART,20150325,124046,84.82,1,0,0,0,0,0
XOM STK SMART,20150325,124057,84.81,1,0,0,0,0,0
XOM STK SMART,20150325,124104,84.83,1,0,0,0,0,0
XOM STK SMART,20150325,124116,84.82,1,0,0,0,0,0
XOM STK SMART,20150325,124122,84.83,1,0,0,0,0,0
XOM STK SMART,20150325,124137,84.84,1,0,0,0,0,0
XOM STK SMART,20150325,124156,84.83,1,0,0,0,0,0
XOM STK SMART,20150325,124206,84.85,1,0,0,0,0,0
XOM STK SMART,20150325,124217,84.84,1,0,0,0,0,0
XOM STK SMART,20150325,124232,84.85,1,0,0,0,0,0
XOM STK SMART,20150325,124247,84.85,2,0,0,0,0,0
XOM STK SMART,20150325,124307,84.85,1,0,0,0,0,0
XOM STK SMART,20150325,124317,84.85,1,0,0,0,0,0
XOM STK SMART,20150325,124325,84.83,1,0,0,0,0,0
XOM STK SMART,20150325,124345,84.83,1,0,0,0,0,0
XOM STK SMART,20150325,124402,84.82,1,0,0,0,0,0
XOM STK SMART,20150325,124417,84.83,1,0,0,0,0,0
XOM STK SMART,20150325,124427,84.84,1,0,0,0,0,0
XOM STK SMART,20150325,124436,84.86,2,0,0,0,0,0
XOM STK SMART,20150325,124454,84.88,1,0,0,0,0,0
XOM STK SMART,20150325,124507,84.86,1,0,0,0,0,0
XOM STK SMART,20150325,124517,84.89,1,0,0,0,0,0
XOM STK SMART,20150325,124521,84.9,1,0,0,0,0,0
XOM STK SMART,20150325,124532,84.9,1,0,0,0,0,0
XOM STK SMART,20150325,124556,84.89,1,0,0,0,0,0
XOM STK SMART,20150325,124605,84.9,1,0,0,0,0,0
XOM STK SMART,20150325,124623,84.9,1,0,0,0,0,0
XOM STK SMART,20150325,124635,84.92,1,0,0,0,0,0
XOM STK SMART,20150325,124647,84.92,3,0,0,0,0,0
XOM STK SMART,20150325,124707,84.92,1,0,0,0,0,0
XOM STK SMART,20150325,124715,84.95,1,0,0,0,0,0
XOM STK SMART,20150325,124721,84.96,1,0,0,0,0,0
XOM STK SMART,20150325,124739,84.95,1,0,0,0,0,0
XOM STK SMART,20150325,124748,84.96,1,0,0,0,0,0
XOM STK SMART,20150325,124809,84.95,1,0,0,0,0,0
XOM STK SMART,20150325,124833,84.95,1,0,0,0,0,0
XOM STK SMART,20150325,124846,84.95,1,0,0,0,0,0
XOM STK SMART,20150325,124851,84.96,1,0,0,0,0,0
XOM STK SMART,20150325,124901,84.97,1,0,0,0,0,0
XOM STK SMART,20150325,124925,84.96,1,0,0,0,0,0
XOM STK SMART,20150325,124951,84.96,1,0,0,0,0,0
XOM STK SMART,20150325,125019,84.97,1,0,0,0,0,0
XOM STK SMART,20150325,125034,84.98,1,0,0,0,0,0
XOM STK SMART,20150325,125044,84.98,2,0,0,0,0,0
XOM STK SMART,20150325,125105,84.98,1,0,0,0,0,0
XOM STK SMART,20150325,125134,84.99,1,0,0,0,0,0
XOM STK SMART,20150325,125143,84.98,1,0,0,0,0,0
XOM STK SMART,20150325,125157,84.97,1,0,0,0,0,0
XOM STK SMART,20150325,125208,84.97,1,0,0,0,0,0
XOM STK SMART,20150325,125214,84.96,2,0,0,0,0,0
XOM STK SMART,20150325,125225,84.96,1,0,0,0,0,0
XOM STK SMART,20150325,125233,84.95,2,0,0,0,0,0
XOM STK SMART,20150325,125248,84.96,1,0,0,0,0,0
XOM STK SMART,20150325,125254,84.98,1,0,0,0,0,0
XOM STK SMART,20150325,125325,84.98,1,0,0,0,0,0
XOM STK SMART,20150325,125407,84.97,1,0,0,0,0,0
XOM STK SMART,20150325,125438,84.98,1,0,0,0,0,0
XOM STK SMART,20150325,125446,84.97,1,0,0,0,0,0
XOM STK SMART,20150325,125502,84.98,1,0,0,0,0,0
XOM STK SMART,20150325,125514,85,1,0,0,0,0,0
XOM STK SMART,20150325,125521,85,5,0,0,0,0,0
XOM STK SMART,20150325,125542,84.99,2,0,0,0,0,0
XOM STK SMART,20150325,125549,84.98,1,0,0,0,0,0
XOM STK SMART,20150325,125607,84.98,1,0,0,0,0,0
XOM STK SMART,20150325,125626,84.99,1,0,0,0,0,0
XOM STK SMART,20150325,125634,85,1,0,0,0,0,0
XOM STK SMART,20150325,125644,85,1,0,0,0,0,0
XOM STK SMART,20150325,125658,85.01,1,0,0,0,0,0
XOM STK SMART,20150325,125819,85.02,1,0,0,0,0,0
XOM STK SMART,20150325,125834,85.03,1,0,0,0,0,0
XOM STK SMART,20150325,125842,85.02,1,0,0,0,0,0
XOM STK SMART,20150325,125906,85.01,1,0,0,0,0,0
XOM STK SMART,20150325,125912,85.02,1,0,0,0,0,0
XOM STK SMART,20150325,125927,85.03,1,0,0,0,0,0
XOM STK SMART,20150325,125936,85.02,1,0,0,0,0,0
XOM STK SMART,20150325,125939,85.01,1,0,0,0,0,0
XOM STK SMART,20150325,125950,85.02,1,0,0,0,0,0
XOM STK SMART,20150325,130006,85.03,1,0,0,0,0,0
XOM STK SMART,20150325,130032,85.02,1,0,0,0,0,0
XOM STK SMART,20150325,130048,85,1,0,0,0,0,0
XOM STK SMART,20150325,130050,85.01,1,0,0,0,0,0
XOM STK SMART,20150325,130115,84.99,1,0,0,0,0,0
XOM STK SMART,20150325,130152,85,1,0,0,0,0,0
XOM STK SMART,20150325,130200,85.02,1,0,0,0,0,0
XOM STK SMART,20150325,130217,85.03,1,0,0,0,0,0
XOM STK SMART,20150325,130235,85.02,1,0,0,0,0,0
XOM STK SMART,20150325,130252,85.03,1,0,0,0,0,0
XOM STK SMART,20150325,130305,85.03,1,0,0,0,0,0
XOM STK SMART,20150325,130331,85.01,1,0,0,0,0,0
XOM STK SMART,20150325,130346,85,1,0,0,0,0,0
XOM STK SMART,20150325,130351,84.99,1,0,0,0,0,0
XOM STK SMART,20150325,130419,85,1,0,0,0,0,0
XOM STK SMART,20150325,130436,84.99,1,0,0,0,0,0
XOM STK SMART,20150325,130447,84.98,1,0,0,0,0,0
XOM STK SMART,20150325,130458,84.95,1,0,0,0,0,0
XOM STK SMART,20150325,130508,84.96,1,0,0,0,0,0
XOM STK SMART,20150325,130521,84.97,1,0,0,0,0,0
XOM STK SMART,20150325,130529,84.98,1,0,0,0,0,0
XOM STK SMART,20150325,130549,84.99,2,0,0,0,0,0
XOM STK SMART,20150325,130555,84.97,1,0,0,0,0,0
XOM STK SMART,20150325,130636,84.98,1,0,0,0,0,0
XOM STK SMART,20150325,130701,84.97,1,0,0,0,0,0
XOM STK SMART,20150325,130717,84.96,1,0,0,0,0,0
XOM STK SMART,20150325,130721,84.97,1,0,0,0,0,0
XOM STK SMART,20150325,130747,84.96,1,0,0,0,0,0
XOM STK SMART,20150325,130817,84.96,2,0,0,0,0,0
XOM STK SMART,20150325,130909,84.97,1,0,0,0,0,0
XOM STK SMART,20150325,130925,84.96,1,0,0,0,0,0
XOM STK SMART,20150325,130947,84.94,2,0,0,0,0,0
XOM STK SMART,20150325,130957,84.95,1,0,0,0,0,0
XOM STK SMART,20150325,130959,84.96,1,0,0,0,0,0
XOM STK SMART,20150325,131027,84.95,1,0,0,0,0,0
XOM STK SMART,20150325,131039,84.98,1,0,0,0,0,0
XOM STK SMART,20150325,131039,84.98,2,0,0,0,0,0
XOM STK SMART,20150325,131052,84.97,1,0,0,0,0,0
XOM STK SMART,20150325,131109,84.97,1,0,0,0,0,0
XOM STK SMART,20150325,131149,84.96,1,0,0,0,0,0
XOM STK SMART,20150325,131156,84.94,1,0,0,0,0,0
XOM STK SMART,20150325,131207,84.95,1,0,0,0,0,0
XOM STK SMART,20150325,131218,84.96,1,0,0,0,0,0
XOM STK SMART,20150325,131222,84.97,1,0,0,0,0,0
XOM STK SMART,20150325,131235,84.95,1,0,0,0,0,0
XOM STK SMART,20150325,131241,84.96,1,0,0,0,0,0
XOM STK SMART,20150325,131256,84.96,1,0,0,0,0,0
XOM STK SMART,20150325,131304,84.95,1,0,0,0,0,0
XOM STK SMART,20150325,131319,84.93,1,0,0,0,0,0
XOM STK SMART,20150325,131323,84.94,2,0,0,0,0,0
XOM STK SMART,20150325,131338,84.98,1,0,0,0,0,0
XOM STK SMART,20150325,131357,84.97,1,0,0,0,0,0
XOM STK SMART,20150325,131426,84.97,4,0,0,0,0,0
XOM STK SMART,20150325,131432,84.97,1,0,0,0,0,0
XOM STK SMART,20150325,131447,84.95,1,0,0,0,0,0
XOM STK SMART,20150325,131455,84.94,1,0,0,0,0,0
XOM STK SMART,20150325,131509,84.95,1,0,0,0,0,0
XOM STK SMART,20150325,131516,84.94,1,0,0,0,0,0
XOM STK SMART,20150325,131528,84.95,1,0,0,0,0,0
XOM STK SMART,20150325,131558,84.94,1,0,0,0,0,0
XOM STK SMART,20150325,131618,84.93,2,0,0,0,0,0
XOM STK SMART,20150325,131620,84.94,1,0,0,0,0,0
XOM STK SMART,20150325,131637,84.94,1,0,0,0,0,0
XOM STK SMART,20150325,131645,84.92,1,0,0,0,0,0
XOM STK SMART,20150325,131707,84.91,1,0,0,0,0,0
XOM STK SMART,20150325,131710,84.92,1,0,0,0,0,0
XOM STK SMART,20150325,131726,84.93,1,0,0,0,0,0
XOM STK SMART,20150325,131737,84.92,1,0,0,0,0,0
XOM STK SMART,20150325,131745,84.91,1,0,0,0,0,0
XOM STK SMART,20150325,131755,84.9,1,0,0,0,0,0
XOM STK SMART,20150325,131819,84.88,3,0,0,0,0,0
XOM STK SMART,20150325,131828,84.91,1,0,0,0,0,0
XOM STK SMART,20150325,131840,84.92,1,0,0,0,0,0
XOM STK SMART,20150325,131858,84.94,1,0,0,0,0,0
XOM STK SMART,20150325,131916,84.95,1,0,0,0,0,0
XOM STK SMART,20150325,131932,84.96,1,0,0,0,0,0
XOM STK SMART,20150325,131945,84.96,1,0,0,0,0,0
XOM STK SMART,20150325,131956,84.97,1,0,0,0,0,0
XOM STK SMART,20150325,132029,84.98,1,0,0,0,0,0
XOM STK SMART,20150325,132039,84.98,1,0,0,0,0,0
XOM STK SMART,20150325,132046,84.98,1,0,0,0,0,0
XOM STK SMART,20150325,132107,84.98,1,0,0,0,0,0
XOM STK SMART,20150325,132117,84.98,1,0,0,0,0,0
XOM STK SMART,20150325,132133,84.97,1,0,0,0,0,0
XOM STK SMART,20150325,132141,84.95,1,0,0,0,0,0
XOM STK SMART,20150325,132150,84.96,1,0,0,0,0,0
XOM STK SMART,20150325,132229,84.96,3,0,0,0,0,0
XOM STK SMART,20150325,132235,84.96,1,0,0,0,0,0
XOM STK SMART,20150325,132244,85,1,0,0,0,0,0
XOM STK SMART,20150325,132259,85.03,1,0,0,0,0,0
XOM STK SMART,20150325,132306,85.04,1,0,0,0,0,0
XOM STK SMART,20150325,132318,85.03,1,0,0,0,0,0
XOM STK SMART,20150325,132325,85.03,1,0,0,0,0,0
XOM STK SMART,20150325,132333,85.02,1,0,0,0,0,0
XOM STK SMART,20150325,132347,85.04,1,0,0,0,0,0
XOM STK SMART,20150325,132357,85.06,1,0,0,0,0,0
XOM STK SMART,20150325,132417,85.08,1,0,0,0,0,0
XOM STK SMART,20150325,132426,85.09,1,0,0,0,0,0
XOM STK SMART,20150325,132431,85.09,1,0,0,0,0,0
XOM STK SMART,20150325,132449,85.1,1,0,0,0,0,0
XOM STK SMART,20150325,132454,85.1,1,0,0,0,0,0
XOM STK SMART,20150325,132518,85.12,1,0,0,0,0,0
XOM STK SMART,20150325,132552,85.1,1,0,0,0,0,0
XOM STK SMART,20150325,132609,85.09,1,0,0,0,0,0
XOM STK SMART,20150325,132616,85.1,1,0,0,0,0,0
XOM STK SMART,20150325,132629,85.12,1,0,0,0,0,0
XOM STK SMART,20150325,132633,85.11,2,0,0,0,0,0
XOM STK SMART,20150325,132702,85.1,1,0,0,0,0,0
XOM STK SMART,20150325,132720,85.11,1,0,0,0,0,0
XOM STK SMART,20150325,132724,85.12,1,0,0,0,0,0
XOM STK SMART,20150325,132737,85.12,1,0,0,0,0,0
XOM STK SMART,20150325,132742,85.11,1,0,0,0,0,0
XOM STK SMART,20150325,132758,85.15,1,0,0,0,0,0
XOM STK SMART,20150325,132806,85.18,1,0,0,0,0,0
XOM STK SMART,20150325,132819,85.18,1,0,0,0,0,0
XOM STK SMART,20150325,132836,85.15,1,0,0,0,0,0
XOM STK SMART,20150325,132846,85.16,1,0,0,0,0,0
XOM STK SMART,20150325,132907,85.18,1,0,0,0,0,0
XOM STK SMART,20150325,132917,85.16,1,0,0,0,0,0
XOM STK SMART,20150325,132928,85.16,1,0,0,0,0,0
XOM STK SMART,20150325,132934,85.15,1,0,0,0,0,0
XOM STK SMART,20150325,132955,85.16,1,0,0,0,0,0
XOM STK SMART,20150325,133018,85.14,1,0,0,0,0,0
XOM STK SMART,20150325,133033,85.12,1,0,0,0,0,0
XOM STK SMART,20150325,133049,85.13,1,0,0,0,0,0
XOM STK SMART,20150325,133130,85.12,1,0,0,0,0,0
XOM STK SMART,20150325,133147,85.1,1,0,0,0,0,0
XOM STK SMART,20150325,133158,85.11,1,0,0,0,0,0
XOM STK SMART,20150325,133210,85.12,1,0,0,0,0,0
XOM STK SMART,20150325,133216,85.11,1,0,0,0,0,0
XOM STK SMART,20150325,133239,85.12,1,0,0,0,0,0
XOM STK SMART,20150325,133257,85.09,2,0,0,0,0,0
XOM STK SMART,20150325,133318,85.1,1,0,0,0,0,0
XOM STK SMART,20150325,133344,85.09,1,0,0,0,0,0
XOM STK SMART,20150325,133407,85.11,1,0,0,0,0,0
XOM STK SMART,20150325,133423,85.09,1,0,0,0,0,0
XOM STK SMART,20150325,133439,85.08,1,0,0,0,0,0
XOM STK SMART,20150325,133504,85.07,1,0,0,0,0,0
XOM STK SMART,20150325,133511,85.07,2,0,0,0,0,0
XOM STK SMART,20150325,133531,85.08,1,0,0,0,0,0
XOM STK SMART,20150325,133558,85.09,1,0,0,0,0,0
XOM STK SMART,20150325,133601,85.1,1,0,0,0,0,0
XOM STK SMART,20150325,133620,85.11,1,0,0,0,0,0
XOM STK SMART,20150325,133627,85.11,1,0,0,0,0,0
XOM STK SMART,20150325,133639,85.13,1,0,0,0,0,0
XOM STK SMART,20150325,133700,85.11,1,0,0,0,0,0
XOM STK SMART,20150325,133709,85.11,2,0,0,0,0,0
XOM STK SMART,20150325,133720,85.12,1,0,0,0,0,0
XOM STK SMART,20150325,133726,85.11,1,0,0,0,0,0
XOM STK SMART,20150325,133739,85.15,1,0,0,0,0,0
XOM STK SMART,20150325,133746,85.17,1,0,0,0,0,0
XOM STK SMART,20150325,133756,85.18,1,0,0,0,0,0
XOM STK SMART,20150325,133809,85.2,1,0,0,0,0,0
XOM STK SMART,20150325,133819,85.22,1,0,0,0,0,0
XOM STK SMART,20150325,133824,85.23,1,0,0,0,0,0
XOM STK SMART,20150325,133844,85.24,1,0,0,0,0,0
XOM STK SMART,20150325,133854,85.23,1,0,0,0,0,0
XOM STK SMART,20150325,133920,85.22,1,0,0,0,0,0
XOM STK SMART,20150325,133943,85.21,1,0,0,0,0,0
XOM STK SMART,20150325,134001,85.2,1,0,0,0,0,0
XOM STK SMART,20150325,134008,85.21,1,0,0,0,0,0
XOM STK SMART,20150325,134016,85.2,1,0,0,0,0,0
XOM STK SMART,20150325,134058,85.21,1,0,0,0,0,0
XOM STK SMART,20150325,134109,85.2,1,0,0,0,0,0
XOM STK SMART,20150325,134135,85.21,1,0,0,0,0,0
XOM STK SMART,20150325,134147,85.24,1,0,0,0,0,0
XOM STK SMART,20150325,134240,85.24,1,0,0,0,0,0
XOM STK SMART,20150325,134247,85.25,1,0,0,0,0,0
XOM STK SMART,20150325,134252,85.24,1,0,0,0,0,0
XOM STK SMART,20150325,134302,85.25,1,0,0,0,0,0
XOM STK SMART,20150325,134320,85.26,1,0,0,0,0,0
XOM STK SMART,20150325,134327,85.25,1,0,0,0,0,0
XOM STK SMART,20150325,134338,85.26,1,0,0,0,0,0
XOM STK SMART,20150325,134350,85.32,1,0,0,0,0,0
XOM STK SMART,20150325,134400,85.32,2,0,0,0,0,0
XOM STK SMART,20150325,134409,85.33,1,0,0,0,0,0
XOM STK SMART,20150325,134413,85.32,1,0,0,0,0,0
XOM STK SMART,20150325,134424,85.32,1,0,0,0,0,0
XOM STK SMART,20150325,134436,85.31,1,0,0,0,0,0
XOM STK SMART,20150325,134445,85.29,1,0,0,0,0,0
XOM STK SMART,20150325,134458,85.31,1,0,0,0,0,0
XOM STK SMART,20150325,134508,85.3,1,0,0,0,0,0
XOM STK SMART,20150325,134530,85.27,1,0,0,0,0,0
XOM STK SMART,20150325,134540,85.28,1,0,0,0,0,0
XOM STK SMART,20150325,134548,85.28,1,0,0,0,0,0
XOM STK SMART,20150325,134614,85.27,1,0,0,0,0,0
XOM STK SMART,20150325,134647,85.27,1,0,0,0,0,0
XOM STK SMART,20150325,134653,85.27,1,0,0,0,0,0
XOM STK SMART,20150325,134710,85.29,1,0,0,0,0,0
XOM STK SMART,20150325,134740,85.29,1,0,0,0,0,0
XOM STK SMART,20150325,134757,85.3,1,0,0,0,0,0
XOM STK SMART,20150325,134808,85.32,2,0,0,0,0,0
XOM STK SMART,20150325,134819,85.33,1,0,0,0,0,0
XOM STK SMART,20150325,134824,85.34,1,0,0,0,0,0
XOM STK SMART,20150325,134839,85.33,1,0,0,0,0,0
XOM STK SMART,20150325,134857,85.34,1,0,0,0,0,0
XOM STK SMART,20150325,134919,85.33,1,0,0,0,0,0
XOM STK SMART,20150325,134930,85.31,2,0,0,0,0,0
XOM STK SMART,20150325,134940,85.29,1,0,0,0,0,0
XOM STK SMART,20150325,134948,85.28,1,0,0,0,0,0
XOM STK SMART,20150325,135008,85.26,1,0,0,0,0,0
XOM STK SMART,20150325,135021,85.24,1,0,0,0,0,0
XOM STK SMART,20150325,135028,85.23,1,0,0,0,0,0
XOM STK SMART,20150325,135040,85.24,1,0,0,0,0,0
XOM STK SMART,20150325,135043,85.25,1,0,0,0,0,0
XOM STK SMART,20150325,135106,85.24,1,0,0,0,0,0
XOM STK SMART,20150325,135118,85.25,1,0,0,0,0,0
XOM STK SMART,20150325,135137,85.24,1,0,0,0,0,0
XOM STK SMART,20150325,135159,85.26,1,0,0,0,0,0
XOM STK SMART,20150325,135202,85.27,1,0,0,0,0,0
XOM STK SMART,20150325,135214,85.27,1,0,0,0,0,0
XOM STK SMART,20150325,135225,85.28,2,0,0,0,0,0
XOM STK SMART,20150325,135241,85.28,1,0,0,0,0,0
XOM STK SMART,20150325,135326,85.29,1,0,0,0,0,0
XOM STK SMART,20150325,135340,85.3,1,0,0,0,0,0
XOM STK SMART,20150325,135356,85.25,1,0,0,0,0,0
XOM STK SMART,20150325,135410,85.28,1,0,0,0,0,0
XOM STK SMART,20150325,135418,85.29,1,0,0,0,0,0
XOM STK SMART,20150325,135422,85.28,1,0,0,0,0,0
XOM STK SMART,20150325,135432,85.27,1,0,0,0,0,0
XOM STK SMART,20150325,135443,85.26,1,0,0,0,0,0
XOM STK SMART,20150325,135455,85.27,1,0,0,0,0,0
XOM STK SMART,20150325,135519,85.26,1,0,0,0,0,0
XOM STK SMART,20150325,135533,85.25,1,0,0,0,0,0
XOM STK SMART,20150325,135550,85.22,2,0,0,0,0,0
XOM STK SMART,20150325,135559,85.22,1,0,0,0,0,0
XOM STK SMART,20150325,135626,85.23,2,0,0,0,0,0
XOM STK SMART,20150325,135658,85.22,1,0,0,0,0,0
XOM STK SMART,20150325,135710,85.24,1,0,0,0,0,0
XOM STK SMART,20150325,135749,85.24,1,0,0,0,0,0
XOM STK SMART,20150325,135753,85.23,1,0,0,0,0,0
XOM STK SMART,20150325,135812,85.21,1,0,0,0,0,0
XOM STK SMART,20150325,135838,85.21,1,0,0,0,0,0
XOM STK SMART,20150325,135849,85.22,1,0,0,0,0,0
XOM STK SMART,20150325,135909,85.23,1,0,0,0,0,0
XOM STK SMART,20150325,135918,85.2,1,0,0,0,0,0
XOM STK SMART,20150325,135931,85.17,1,0,0,0,0,0
XOM STK SMART,20150325,135934,85.16,1,0,0,0,0,0
XOM STK SMART,20150325,135955,85.16,1,0,0,0,0,0
XOM STK SMART,20150325,140049,85.17,1,0,0,0,0,0
XOM STK SMART,20150325,140105,85.17,1,0,0,0,0,0
XOM STK SMART,20150325,140126,85.18,1,0,0,0,0,0
XOM STK SMART,20150325,140138,85.17,1,0,0,0,0,0
XOM STK SMART,20150325,140222,85.18,1,0,0,0,0,0
XOM STK SMART,20150325,140230,85.19,1,0,0,0,0,0
XOM STK SMART,20150325,140251,85.15,1,0,0,0,0,0
XOM STK SMART,20150325,140259,85.16,1,0,0,0,0,0
XOM STK SMART,20150325,140303,85.18,1,0,0,0,0,0
XOM STK SMART,20150325,140346,85.19,1,0,0,0,0,0
XOM STK SMART,20150325,140356,85.19,1,0,0,0,0,0
XOM STK SMART,20150325,140410,85.22,1,0,0,0,0,0
XOM STK SMART,20150325,140421,85.21,1,0,0,0,0,0
XOM STK SMART,20150325,140427,85.2,1,0,0,0,0,0
XOM STK SMART,20150325,140445,85.19,1,0,0,0,0,0
XOM STK SMART,20150325,140457,85.18,1,0,0,0,0,0
XOM STK SMART,20150325,140508,85.19,1,0,0,0,0,0
XOM STK SMART,20150325,140520,85.17,1,0,0,0,0,0
XOM STK SMART,20150325,140530,85.2,1,0,0,0,0,0
XOM STK SMART,20150325,140552,85.21,1,0,0,0,0,0
XOM STK SMART,20150325,140557,85.18,1,0,0,0,0,0
XOM STK SMART,20150325,140612,85.16,1,0,0,0,0,0
XOM STK SMART,20150325,140621,85.17,1,0,0,0,0,0
XOM STK SMART,20150325,140635,85.18,1,0,0,0,0,0
XOM STK SMART,20150325,140648,85.17,1,0,0,0,0,0
XOM STK SMART,20150325,140711,85.16,1,0,0,0,0,0
XOM STK SMART,20150325,140712,85.15,2,0,0,0,0,0
XOM STK SMART,20150325,140724,85.17,1,0,0,0,0,0
XOM STK SMART,20150325,140742,85.18,2,0,0,0,0,0
XOM STK SMART,20150325,140742,85.18,1,0,0,0,0,0
XOM STK SMART,20150325,140816,85.18,1,0,0,0,0,0
XOM STK SMART,20150325,140826,85.17,1,0,0,0,0,0
XOM STK SMART,20150325,140849,85.18,1,0,0,0,0,0
XOM STK SMART,20150325,140900,85.18,1,0,0,0,0,0
XOM STK SMART,20150325,140910,85.17,1,0,0,0,0,0
XOM STK SMART,20150325,140916,85.16,1,0,0,0,0,0
XOM STK SMART,20150325,140929,85.18,1,0,0,0,0,0
XOM STK SMART,20150325,140933,85.18,1,0,0,0,0,0
XOM STK SMART,20150325,140947,85.19,1,0,0,0,0,0
XOM STK SMART,20150325,141002,85.2,1,0,0,0,0,0
XOM STK SMART,20150325,141017,85.23,2,0,0,0,0,0
XOM STK SMART,20150325,141039,85.23,1,0,0,0,0,0
XOM STK SMART,20150325,141106,85.24,1,0,0,0,0,0
XOM STK SMART,20150325,141120,85.25,1,0,0,0,0,0
XOM STK SMART,20150325,141129,85.24,1,0,0,0,0,0
XOM STK SMART,20150325,141133,85.23,1,0,0,0,0,0
XOM STK SMART,20150325,141150,85.18,1,0,0,0,0,0
XOM STK SMART,20150325,141154,85.2,1,0,0,0,0,0
XOM STK SMART,20150325,141203,85.21,1,0,0,0,0,0
XOM STK SMART,20150325,141220,85.22,1,0,0,0,0,0
XOM STK SMART,20150325,141232,85.21,1,0,0,0,0,0
XOM STK SMART,20150325,141241,85.22,1,0,0,0,0,0
XOM STK SMART,20150325,141250,85.23,1,0,0,0,0,0
XOM STK SMART,20150325,141257,85.23,1,0,0,0,0,0
XOM STK SMART,20150325,141311,85.24,1,0,0,0,0,0
XOM STK SMART,20150325,141326,85.24,1,0,0,0,0,0
XOM STK SMART,20150325,141338,85.22,2,0,0,0,0,0
XOM STK SMART,20150325,141350,85.2,1,0,0,0,0,0
XOM STK SMART,20150325,141359,85.2,1,0,0,0,0,0
XOM STK SMART,20150325,141409,85.21,1,0,0,0,0,0
XOM STK SMART,20150325,141421,85.22,2,0,0,0,0,0
XOM STK SMART,20150325,141428,85.19,1,0,0,0,0,0
XOM STK SMART,20150325,141433,85.22,1,0,0,0,0,0
XOM STK SMART,20150325,141509,85.23,1,0,0,0,0,0
XOM STK SMART,20150325,141513,85.24,1,0,0,0,0,0
XOM STK SMART,20150325,141530,85.24,1,0,0,0,0,0
XOM STK SMART,20150325,141542,85.28,1,0,0,0,0,0
XOM STK SMART,20150325,141547,85.27,1,0,0,0,0,0
XOM STK SMART,20150325,141603,85.26,1,0,0,0,0,0
XOM STK SMART,20150325,141624,85.27,1,0,0,0,0,0
XOM STK SMART,20150325,141642,85.26,1,0,0,0,0,0
XOM STK SMART,20150325,141646,85.26,1,0,0,0,0,0
XOM STK SMART,20150325,141658,85.27,1,0,0,0,0,0
XOM STK SMART,20150325,141706,85.26,2,0,0,0,0,0
XOM STK SMART,20150325,141717,85.26,1,0,0,0,0,0
XOM STK SMART,20150325,141740,85.26,1,0,0,0,0,0
XOM STK SMART,20150325,141800,85.27,1,0,0,0,0,0
XOM STK SMART,20150325,141818,85.26,1,0,0,0,0,0
XOM STK SMART,20150325,141841,85.25,1,0,0,0,0,0
XOM STK SMART,20150325,141848,85.27,1,0,0,0,0,0
XOM STK SMART,20150325,141918,85.29,1,0,0,0,0,0
XOM STK SMART,20150325,141924,85.27,1,0,0,0,0,0
XOM STK SMART,20150325,141940,85.28,1,0,0,0,0,0
XOM STK SMART,20150325,142003,85.25,1,0,0,0,0,0
XOM STK SMART,20150325,142017,85.22,1,0,0,0,0,0
XOM STK SMART,20150325,142023,85.21,1,0,0,0,0,0
XOM STK SMART,20150325,142051,85.23,1,0,0,0,0,0
XOM STK SMART,20150325,142111,85.26,4,0,0,0,0,0
XOM STK SMART,20150325,142133,85.26,1,0,0,0,0,0
XOM STK SMART,20150325,142133,85.26,2,0,0,0,0,0
XOM STK SMART,20150325,142143,85.26,1,0,0,0,0,0
XOM STK SMART,20150325,142153,85.27,1,0,0,0,0,0
XOM STK SMART,20150325,142210,85.25,1,0,0,0,0,0
XOM STK SMART,20150325,142221,85.23,1,0,0,0,0,0
XOM STK SMART,20150325,142228,85.23,1,0,0,0,0,0
XOM STK SMART,20150325,142250,85.24,1,0,0,0,0,0
XOM STK SMART,20150325,142301,85.22,2,0,0,0,0,0
XOM STK SMART,20150325,142310,85.24,1,0,0,0,0,0
XOM STK SMART,20150325,142317,85.25,1,0,0,0,0,0
XOM STK SMART,20150325,142342,85.28,1,0,0,0,0,0
XOM STK SMART,20150325,142400,85.27,1,0,0,0,0,0
XOM STK SMART,20150325,142430,85.26,1,0,0,0,0,0
XOM STK SMART,20150325,142444,85.23,1,0,0,0,0,0
XOM STK SMART,20150325,142528,85.22,1,0,0,0,0,0
XOM STK SMART,20150325,142541,85.23,1,0,0,0,0,0
XOM STK SMART,20150325,142557,85.23,1,0,0,0,0,0
XOM STK SMART,20150325,142614,85.22,1,0,0,0,0,0
XOM STK SMART,20150325,142630,85.23,1,0,0,0,0,0
XOM STK SMART,20150325,142641,85.24,1,0,0,0,0,0
XOM STK SMART,20150325,142651,85.23,1,0,0,0,0,0
XOM STK SMART,20150325,142723,85.21,3,0,0,0,0,0
XOM STK SMART,20150325,142728,85.22,1,0,0,0,0,0
XOM STK SMART,20150325,142804,85.21,1,0,0,0,0,0
XOM STK SMART,20150325,142831,85.22,1,0,0,0,0,0
XOM STK SMART,20150325,142843,85.23,1,0,0,0,0,0
XOM STK SMART,20150325,142912,85.24,2,0,0,0,0,0
XOM STK SMART,20150325,142931,85.26,3,0,0,0,0,0
XOM STK SMART,20150325,142940,85.26,3,0,0,0,0,0
XOM STK SMART,20150325,142952,85.27,1,0,0,0,0,0
XOM STK SMART,20150325,143001,85.26,1,0,0,0,0,0
XOM STK SMART,20150325,143009,85.26,2,0,0,0,0,0
XOM STK SMART,20150325,143020,85.25,1,0,0,0,0,0
XOM STK SMART,20150325,143041,85.23,1,0,0,0,0,0
XOM STK SMART,20150325,143052,85.27,1,0,0,0,0,0
XOM STK SMART,20150325,143101,85.26,1,0,0,0,0,0
XOM STK SMART,20150325,143117,85.26,1,0,0,0,0,0
XOM STK SMART,20150325,143126,85.26,1,0,0,0,0,0
XOM STK SMART,20150325,143142,85.26,3,0,0,0,0,0
XOM STK SMART,20150325,143153,85.26,1,0,0,0,0,0
XOM STK SMART,20150325,143159,85.27,1,0,0,0,0,0
XOM STK SMART,20150325,143211,85.26,1,0,0,0,0,0
XOM STK SMART,20150325,143221,85.24,2,0,0,0,0,0
XOM STK SMART,20150325,143226,85.22,1,0,0,0,0,0
XOM STK SMART,20150325,143242,85.22,1,0,0,0,0,0
XOM STK SMART,20150325,143248,85.24,1,0,0,0,0,0
XOM STK SMART,20150325,143303,85.21,2,0,0,0,0,0
XOM STK SMART,20150325,143308,85.22,1,0,0,0,0,0
XOM STK SMART,20150325,143325,85.21,1,0,0,0,0,0
XOM STK SMART,20150325,143337,85.21,2,0,0,0,0,0
XOM STK SMART,20150325,143351,85.21,1,0,0,0,0,0
XOM STK SMART,20150325,143422,85.21,1,0,0,0,0,0
XOM STK SMART,20150325,143457,85.21,2,0,0,0,0,0
XOM STK SMART,20150325,143507,85.21,1,0,0,0,0,0
XOM STK SMART,20150325,143522,85.22,13,0,0,0,0,0
XOM STK SMART,20150325,143532,85.24,1,0,0,0,0,0
XOM STK SMART,20150325,143547,85.25,1,0,0,0,0,0
XOM STK SMART,20150325,143611,85.24,1,0,0,0,0,0
XOM STK SMART,20150325,143622,85.25,1,0,0,0,0,0
XOM STK SMART,20150325,143643,85.24,3,0,0,0,0,0
XOM STK SMART,20150325,143647,85.24,1,0,0,0,0,0
XOM STK SMART,20150325,143721,85.23,1,0,0,0,0,0
XOM STK SMART,20150325,143732,85.23,1,0,0,0,0,0
XOM STK SMART,20150325,143748,85.24,1,0,0,0,0,0
XOM STK SMART,20150325,143754,85.23,1,0,0,0,0,0
XOM STK SMART,20150325,143810,85.24,1,0,0,0,0,0
XOM STK SMART,20150325,143819,85.24,1,0,0,0,0,0
XOM STK SMART,20150325,143826,85.23,4,0,0,0,0,0
XOM STK SMART,20150325,143842,85.23,1,0,0,0,0,0
XOM STK SMART,20150325,143848,85.23,1,0,0,0,0,0
XOM STK SMART,20150325,143930,85.21,1,0,0,0,0,0
XOM STK SMART,20150325,143941,85.18,1,0,0,0,0,0
XOM STK SMART,20150325,143944,85.17,1,0,0,0,0,0
XOM STK SMART,20150325,144003,85.2,1,0,0,0,0,0
XOM STK SMART,20150325,144010,85.19,1,0,0,0,0,0
XOM STK SMART,20150325,144031,85.18,1,0,0,0,0,0
XOM STK SMART,20150325,144048,85.19,1,0,0,0,0,0
XOM STK SMART,20150325,144101,85.18,1,0,0,0,0,0
XOM STK SMART,20150325,144131,85.19,1,0,0,0,0,0
XOM STK SMART,20150325,144230,85.18,1,0,0,0,0,0
XOM STK SMART,20150325,144252,85.17,1,0,0,0,0,0
XOM STK SMART,20150325,144310,85.18,1,0,0,0,0,0
XOM STK SMART,20150325,144332,85.18,3,0,0,0,0,0
XOM STK SMART,20150325,144337,85.17,1,0,0,0,0,0
XOM STK SMART,20150325,144347,85.18,2,0,0,0,0,0
XOM STK SMART,20150325,144401,85.17,1,0,0,0,0,0
XOM STK SMART,20150325,144409,85.18,1,0,0,0,0,0
XOM STK SMART,20150325,144425,85.17,1,0,0,0,0,0
XOM STK SMART,20150325,144453,85.16,3,0,0,0,0,0
XOM STK SMART,20150325,144458,85.18,1,0,0,0,0,0
XOM STK SMART,20150325,144524,85.17,1,0,0,0,0,0
XOM STK SMART,20150325,144531,85.17,1,0,0,0,0,0
XOM STK SMART,20150325,144539,85.13,1,0,0,0,0,0
XOM STK SMART,20150325,144553,85.12,1,0,0,0,0,0
XOM STK SMART,20150325,144602,85.11,1,0,0,0,0,0
XOM STK SMART,20150325,144620,85.13,1,0,0,0,0,0
XOM STK SMART,20150325,144634,85.11,1,0,0,0,0,0
XOM STK SMART,20150325,144644,85.14,1,0,0,0,0,0
XOM STK SMART,20150325,144649,85.15,1,0,0,0,0,0
XOM STK SMART,20150325,144702,85.14,1,0,0,0,0,0
XOM STK SMART,20150325,144801,85.14,1,0,0,0,0,0
XOM STK SMART,20150325,144843,85.15,1,0,0,0,0,0
XOM STK SMART,20150325,144853,85.18,1,0,0,0,0,0
XOM STK SMART,20150325,144912,85.18,1,0,0,0,0,0
XOM STK SMART,20150325,144924,85.19,1,0,0,0,0,0
XOM STK SMART,20150325,144931,85.19,2,0,0,0,0,0
XOM STK SMART,20150325,144946,85.18,1,0,0,0,0,0
XOM STK SMART,20150325,145029,85.18,4,0,0,0,0,0
XOM STK SMART,20150325,145051,85.2,1,0,0,0,0,0
XOM STK SMART,20150325,145103,85.23,1,0,0,0,0,0
XOM STK SMART,20150325,145110,85.24,1,0,0,0,0,0
XOM STK SMART,20150325,145152,85.24,1,0,0,0,0,0
XOM STK SMART,20150325,145208,85.25,1,0,0,0,0,0
XOM STK SMART,20150325,145224,85.26,1,0,0,0,0,0
XOM STK SMART,20150325,145234,85.27,1,0,0,0,0,0
XOM STK SMART,20150325,145244,85.28,1,0,0,0,0,0
XOM STK SMART,20150325,145254,85.27,1,0,0,0,0,0
XOM STK SMART,20150325,145321,85.28,1,0,0,0,0,0
XOM STK SMART,20150325,145342,85.29,1,0,0,0,0,0
XOM STK SMART,20150325,145354,85.31,1,0,0,0,0,0
XOM STK SMART,20150325,145407,85.3,1,0,0,0,0,0
XOM STK SMART,20150325,145443,85.3,1,0,0,0,0,0
XOM STK SMART,20150325,145450,85.3,3,0,0,0,0,0
XOM STK SMART,20150325,145459,85.31,2,0,0,0,0,0
XOM STK SMART,20150325,145506,85.31,1,0,0,0,0,0
XOM STK SMART,20150325,145537,85.3,1,0,0,0,0,0
XOM STK SMART,20150325,145551,85.31,1,0,0,0,0,0
XOM STK SMART,20150325,145558,85.32,1,0,0,0,0,0
XOM STK SMART,20150325,145619,85.32,1,0,0,0,0,0
XOM STK SMART,20150325,145642,85.32,1,0,0,0,0,0
XOM STK SMART,20150325,145654,85.32,1,0,0,0,0,0
XOM STK SMART,20150325,145712,85.33,1,0,0,0,0,0
XOM STK SMART,20150325,145731,85.33,1,0,0,0,0,0
XOM STK SMART,20150325,145744,85.31,1,0,0,0,0,0
XOM STK SMART,20150325,145804,85.28,1,0,0,0,0,0
XOM STK SMART,20150325,145811,85.27,2,0,0,0,0,0
XOM STK SMART,20150325,145825,85.27,1,0,0,0,0,0
XOM STK SMART,20150325,145903,85.28,1,0,0,0,0,0
XOM STK SMART,20150325,145923,85.25,1,0,0,0,0,0
XOM STK SMART,20150325,145934,85.25,1,0,0,0,0,0
XOM STK SMART,20150325,145944,85.21,1,0,0,0,0,0
XOM STK SMART,20150325,145954,85.18,1,0,0,0,0,0
XOM STK SMART,20150325,145955,85.17,1,0,0,0,0,0
XOM STK SMART,20150325,150009,85.17,1,0,0,0,0,0
XOM STK SMART,20150325,150017,85.18,1,0,0,0,0,0
XOM STK SMART,20150325,150032,85.15,1,0,0,0,0,0
XOM STK SMART,20150325,150037,85.13,1,0,0,0,0,0
XOM STK SMART,20150325,150054,85.14,1,0,0,0,0,0
XOM STK SMART,20150325,150103,85.18,1,0,0,0,0,0
XOM STK SMART,20150325,150105,85.19,1,0,0,0,0,0
XOM STK SMART,20150325,150125,85.2,1,0,0,0,0,0
XOM STK SMART,20150325,150134,85.19,1,0,0,0,0,0
XOM STK SMART,20150325,150149,85.2,1,0,0,0,0,0
XOM STK SMART,20150325,150204,85.19,1,0,0,0,0,0
XOM STK SMART,20150325,150216,85.19,1,0,0,0,0,0
XOM STK SMART,20150325,150229,85.18,1,0,0,0,0,0
XOM STK SMART,20150325,150242,85.18,4,0,0,0,0,0
XOM STK SMART,20150325,150253,85.17,1,0,0,0,0,0
XOM STK SMART,20150325,150315,85.13,1,0,0,0,0,0
XOM STK SMART,20150325,150321,85.14,2,0,0,0,0,0
XOM STK SMART,20150325,150334,85.14,1,0,0,0,0,0
XOM STK SMART,20150325,150358,85.15,1,0,0,0,0,0
XOM STK SMART,20150325,150408,85.15,1,0,0,0,0,0
XOM STK SMART,20150325,150422,85.14,1,0,0,0,0,0
XOM STK SMART,20150325,150433,85.15,1,0,0,0,0,0
XOM STK SMART,20150325,150442,85.14,1,0,0,0,0,0
XOM STK SMART,20150325,150502,85.11,1,0,0,0,0,0
XOM STK SMART,20150325,150515,85.09,1,0,0,0,0,0
XOM STK SMART,20150325,150520,85.14,1,0,0,0,0,0
XOM STK SMART,20150325,150526,85.13,1,0,0,0,0,0
XOM STK SMART,20150325,150552,85.16,1,0,0,0,0,0
XOM STK SMART,20150325,150602,85.18,1,0,0,0,0,0
XOM STK SMART,20150325,150605,85.19,1,0,0,0,0,0
XOM STK SMART,20150325,150620,85.19,1,0,0,0,0,0
XOM STK SMART,20150325,150627,85.17,1,0,0,0,0,0
XOM STK SMART,20150325,150704,85.15,1,0,0,0,0,0
XOM STK SMART,20150325,150710,85.17,1,0,0,0,0,0
XOM STK SMART,20150325,150715,85.17,2,0,0,0,0,0
XOM STK SMART,20150325,150735,85.15,1,0,0,0,0,0
XOM STK SMART,20150325,150749,85.15,2,0,0,0,0,0
XOM STK SMART,20150325,150800,85.14,1,0,0,0,0,0
XOM STK SMART,20150325,150811,85.12,1,0,0,0,0,0
XOM STK SMART,20150325,150817,85.11,1,0,0,0,0,0
XOM STK SMART,20150325,150837,85.13,1,0,0,0,0,0
XOM STK SMART,20150325,150854,85.14,1,0,0,0,0,0
XOM STK SMART,20150325,150902,85.16,1,0,0,0,0,0
XOM STK SMART,20150325,150909,85.15,1,0,0,0,0,0
XOM STK SMART,20150325,150939,85.13,1,0,0,0,0,0
XOM STK SMART,20150325,150954,85.1,1,0,0,0,0,0
XOM STK SMART,20150325,151004,85.14,1,0,0,0,0,0
XOM STK SMART,20150325,151024,85.17,1,0,0,0,0,0
XOM STK SMART,20150325,151045,85.18,1,0,0,0,0,0
XOM STK SMART,20150325,151046,85.18,1,0,0,0,0,0
XOM STK SMART,20150325,151103,85.2,1,0,0,0,0,0
XOM STK SMART,20150325,151109,85.18,1,0,0,0,0,0
XOM STK SMART,20150325,151121,85.21,1,0,0,0,0,0
XOM STK SMART,20150325,151128,85.2,1,0,0,0,0,0
XOM STK SMART,20150325,151144,85.21,1,0,0,0,0,0
XOM STK SMART,20150325,151203,85.21,1,0,0,0,0,0
XOM STK SMART,20150325,151211,85.2,1,0,0,0,0,0
XOM STK SMART,20150325,151225,85.19,1,0,0,0,0,0
XOM STK SMART,20150325,151226,85.18,1,0,0,0,0,0
XOM STK SMART,20150325,151250,85.21,1,0,0,0,0,0
XOM STK SMART,20150325,151305,85.23,1,0,0,0,0,0
XOM STK SMART,20150325,151311,85.22,1,0,0,0,0,0
XOM STK SMART,20150325,151323,85.24,1,0,0,0,0,0
XOM STK SMART,20150325,151334,85.21,1,0,0,0,0,0
XOM STK SMART,20150325,151338,85.22,1,0,0,0,0,0
XOM STK SMART,20150325,151347,85.21,1,0,0,0,0,0
XOM STK SMART,20150325,151357,85.22,1,0,0,0,0,0
XOM STK SMART,20150325,151412,85.22,1,0,0,0,0,0
XOM STK SMART,20150325,151419,85.23,1,0,0,0,0,0
XOM STK SMART,20150325,151434,85.22,1,0,0,0,0,0
XOM STK SMART,20150325,151439,85.23,1,0,0,0,0,0
XOM STK SMART,20150325,151454,85.21,1,0,0,0,0,0
XOM STK SMART,20150325,151518,85.19,1,0,0,0,0,0
XOM STK SMART,20150325,151537,85.19,1,0,0,0,0,0
XOM STK SMART,20150325,151554,85.17,1,0,0,0,0,0
XOM STK SMART,20150325,151609,85.18,1,0,0,0,0,0
XOM STK SMART,20150325,151641,85.17,1,0,0,0,0,0
XOM STK SMART,20150325,151655,85.16,1,0,0,0,0,0
XOM STK SMART,20150325,151705,85.16,1,0,0,0,0,0
XOM STK SMART,20150325,151710,85.15,1,0,0,0,0,0
XOM STK SMART,20150325,151724,85.13,1,0,0,0,0,0
XOM STK SMART,20150325,151733,85.12,1,0,0,0,0,0
XOM STK SMART,20150325,151741,85.12,3,0,0,0,0,0
XOM STK SMART,20150325,151755,85.14,1,0,0,0,0,0
XOM STK SMART,20150325,151758,85.13,1,0,0,0,0,0
XOM STK SMART,20150325,151824,85.16,1,0,0,0,0,0
XOM STK SMART,20150325,151834,85.15,1,0,0,0,0,0
XOM STK SMART,20150325,151842,85.16,1,0,0,0,0,0
XOM STK SMART,20150325,151854,85.15,2,0,0,0,0,0
XOM STK SMART,20150325,151905,85.12,1,0,0,0,0,0
XOM STK SMART,20150325,151913,85.13,1,0,0,0,0,0
XOM STK SMART,20150325,151919,85.12,1,0,0,0,0,0
XOM STK SMART,20150325,151932,85.14,1,0,0,0,0,0
XOM STK SMART,20150325,151945,85.14,1,0,0,0,0,0
XOM STK SMART,20150325,151946,85.13,1,0,0,0,0,0
XOM STK SMART,20150325,151958,85.12,1,0,0,0,0,0
XOM STK SMART,20150325,152012,85.11,1,0,0,0,0,0
XOM STK SMART,20150325,152022,85.12,1,0,0,0,0,0
XOM STK SMART,20150325,152027,85.13,1,0,0,0,0,0
XOM STK SMART,20150325,152042,85.12,1,0,0,0,0,0
XOM STK SMART,20150325,152054,85.1,1,0,0,0,0,0
XOM STK SMART,20150325,152135,85.08,2,0,0,0,0,0
XOM STK SMART,20150325,152144,85.07,1,0,0,0,0,0
XOM STK SMART,20150325,152155,85.03,1,0,0,0,0,0
XOM STK SMART,20150325,152203,85.05,1,0,0,0,0,0
XOM STK SMART,20150325,152206,85.03,1,0,0,0,0,0
XOM STK SMART,20150325,152256,85.01,1,0,0,0,0,0
XOM STK SMART,20150325,152302,85.02,1,0,0,0,0,0
XOM STK SMART,20150325,152310,85.04,1,0,0,0,0,0
XOM STK SMART,20150325,152333,85.03,1,0,0,0,0,0
XOM STK SMART,20150325,152346,85.04,1,0,0,0,0,0
XOM STK SMART,20150325,152348,85.05,1,0,0,0,0,0
XOM STK SMART,20150325,152400,85.06,1,0,0,0,0,0
XOM STK SMART,20150325,152413,85.07,1,0,0,0,0,0
XOM STK SMART,20150325,152425,85.08,1,0,0,0,0,0
XOM STK SMART,20150325,152434,85.07,1,0,0,0,0,0
XOM STK SMART,20150325,152444,85.06,1,0,0,0,0,0
XOM STK SMART,20150325,152450,85.05,1,0,0,0,0,0
XOM STK SMART,20150325,152457,85.04,1,0,0,0,0,0
XOM STK SMART,20150325,152510,85.03,1,0,0,0,0,0
XOM STK SMART,20150325,152518,85.02,1,0,0,0,0,0
XOM STK SMART,20150325,152530,85.04,1,0,0,0,0,0
XOM STK SMART,20150325,152544,85.03,1,0,0,0,0,0
XOM STK SMART,20150325,152554,85.03,1,0,0,0,0,0
XOM STK SMART,20150325,152612,85.02,1,0,0,0,0,0
XOM STK SMART,20150325,152621,85.03,1,0,0,0,0,0
XOM STK SMART,20150325,152650,85.02,1,0,0,0,0,0
XOM STK SMART,20150325,152714,85.02,2,0,0,0,0,0
XOM STK SMART,20150325,152724,84.96,1,0,0,0,0,0
XOM STK SMART,20150325,152731,84.96,1,0,0,0,0,0
XOM STK SMART,20150325,152759,84.95,1,0,0,0,0,0
XOM STK SMART,20150325,152818,84.96,1,0,0,0,0,0
XOM STK SMART,20150325,152842,84.95,1,0,0,0,0,0
XOM STK SMART,20150325,152852,84.94,1,0,0,0,0,0
XOM STK SMART,20150325,152903,84.94,1,0,0,0,0,0
XOM STK SMART,20150325,152924,84.97,1,0,0,0,0,0
XOM STK SMART,20150325,152932,84.96,1,0,0,0,0,0
XOM STK SMART,20150325,152945,84.96,1,0,0,0,0,0
XOM STK SMART,20150325,152955,84.96,1,0,0,0,0,0
XOM STK SMART,20150325,153005,84.95,1,0,0,0,0,0
XOM STK SMART,20150325,153010,84.94,1,0,0,0,0,0
XOM STK SMART,20150325,153022,84.95,1,0,0,0,0,0
XOM STK SMART,20150325,153041,84.96,1,0,0,0,0,0
XOM STK SMART,20150325,153050,84.99,1,0,0,0,0,0
XOM STK SMART,20150325,153105,85.01,1,0,0,0,0,0
XOM STK SMART,20150325,153107,85.02,1,0,0,0,0,0
XOM STK SMART,20150325,153118,84.99,1,0,0,0,0,0
XOM STK SMART,20150325,153146,84.98,1,0,0,0,0,0
XOM STK SMART,20150325,153151,84.98,1,0,0,0,0,0
XOM STK SMART,20150325,153201,84.97,1,0,0,0,0,0
XOM STK SMART,20150325,153210,84.96,1,0,0,0,0,0
XOM STK SMART,20150325,153218,84.95,1,0,0,0,0,0
XOM STK SMART,20150325,153236,84.96,1,0,0,0,0,0
XOM STK SMART,20150325,153238,84.95,1,0,0,0,0,0
XOM STK SMART,20150325,153256,84.92,1,0,0,0,0,0
XOM STK SMART,20150325,153302,84.92,1,0,0,0,0,0
XOM STK SMART,20150325,153315,84.91,1,0,0,0,0,0
XOM STK SMART,20150325,153321,84.93,1,0,0,0,0,0
XOM STK SMART,20150325,153331,84.95,1,0,0,0,0,0
XOM STK SMART,20150325,153337,84.94,1,0,0,0,0,0
XOM STK SMART,20150325,153356,84.93,1,0,0,0,0,0
XOM STK SMART,20150325,153411,84.93,1,0,0,0,0,0
XOM STK SMART,20150325,153425,84.96,1,0,0,0,0,0
XOM STK SMART,20150325,153427,84.94,1,0,0,0,0,0
XOM STK SMART,20150325,153456,84.91,1,0,0,0,0,0
XOM STK SMART,20150325,153502,84.93,1,0,0,0,0,0
XOM STK SMART,20150325,153512,84.94,1,0,0,0,0,0
XOM STK SMART,20150325,153538,84.96,1,0,0,0,0,0
XOM STK SMART,20150325,153549,84.97,1,0,0,0,0,0
XOM STK SMART,20150325,153600,84.97,2,0,0,0,0,0
XOM STK SMART,20150325,153614,84.96,1,0,0,0,0,0
XOM STK SMART,20150325,153619,84.96,1,0,0,0,0,0
XOM STK SMART,20150325,153633,84.96,1,0,0,0,0,0
XOM STK SMART,20150325,153651,84.96,1,0,0,0,0,0
XOM STK SMART,20150325,153702,84.98,1,0,0,0,0,0
XOM STK SMART,20150325,153716,84.99,1,0,0,0,0,0
XOM STK SMART,20150325,153732,85,1,0,0,0,0,0
XOM STK SMART,20150325,153745,84.99,1,0,0,0,0,0
XOM STK SMART,20150325,153755,84.98,1,0,0,0,0,0
XOM STK SMART,20150325,153803,84.99,1,0,0,0,0,0
XOM STK SMART,20150325,153812,85.01,1,0,0,0,0,0
XOM STK SMART,20150325,153820,85,1,0,0,0,0,0
XOM STK SMART,20150325,153833,84.99,2,0,0,0,0,0
XOM STK SMART,20150325,153844,84.98,2,0,0,0,0,0
XOM STK SMART,20150325,153856,84.98,1,0,0,0,0,0
XOM STK SMART,20150325,153907,84.97,1,0,0,0,0,0
XOM STK SMART,20150325,153916,84.97,1,0,0,0,0,0
XOM STK SMART,20150325,153927,84.97,1,0,0,0,0,0
XOM STK SMART,20150325,153935,84.96,1,0,0,0,0,0
XOM STK SMART,20150325,153944,84.96,1,0,0,0,0,0
XOM STK SMART,20150325,153955,84.96,2,0,0,0,0,0
XOM STK SMART,20150325,154005,84.94,1,0,0,0,0,0
XOM STK SMART,20150325,154016,84.96,1,0,0,0,0,0
XOM STK SMART,20150325,154026,84.96,5,0,0,0,0,0
XOM STK SMART,20150325,154030,84.95,1,0,0,0,0,0
XOM STK SMART,20150325,154037,84.96,2,0,0,0,0,0
XOM STK SMART,20150325,154054,84.95,1,0,0,0,0,0
XOM STK SMART,20150325,154117,84.94,2,0,0,0,0,0
XOM STK SMART,20150325,154125,84.92,1,0,0,0,0,0
XOM STK SMART,20150325,154128,84.91,1,0,0,0,0,0
XOM STK SMART,20150325,154147,84.89,1,0,0,0,0,0
XOM STK SMART,20150325,154152,84.91,1,0,0,0,0,0
XOM STK SMART,20150325,154159,84.92,1,0,0,0,0,0
XOM STK SMART,20150325,154216,84.94,1,0,0,0,0,0
XOM STK SMART,20150325,154219,84.95,1,0,0,0,0,0
XOM STK SMART,20150325,154233,84.94,5,0,0,0,0,0
XOM STK SMART,20150325,154246,84.96,1,0,0,0,0,0
XOM STK SMART,20150325,154256,84.96,1,0,0,0,0,0
XOM STK SMART,20150325,154305,84.95,1,0,0,0,0,0
XOM STK SMART,20150325,154317,84.97,1,0,0,0,0,0
XOM STK SMART,20150325,154324,84.98,2,0,0,0,0,0
XOM STK SMART,20150325,154332,84.99,1,0,0,0,0,0
XOM STK SMART,20150325,154346,85.02,1,0,0,0,0,0
XOM STK SMART,20150325,154353,85.03,1,0,0,0,0,0
XOM STK SMART,20150325,154405,85.04,1,0,0,0,0,0
XOM STK SMART,20150325,154417,85.03,1,0,0,0,0,0
XOM STK SMART,20150325,154426,84.98,1,0,0,0,0,0
XOM STK SMART,20150325,154437,84.97,1,0,0,0,0,0
XOM STK SMART,20150325,154446,84.93,1,0,0,0,0,0
XOM STK SMART,20150325,154451,84.93,1,0,0,0,0,0
XOM STK SMART,20150325,154505,84.91,1,0,0,0,0,0
XOM STK SMART,20150325,154516,84.92,2,0,0,0,0,0
XOM STK SMART,20150325,154526,84.93,1,0,0,0,0,0
XOM STK SMART,20150325,154528,84.92,1,0,0,0,0,0
XOM STK SMART,20150325,154543,84.9,1,0,0,0,0,0
XOM STK SMART,20150325,154557,84.9,1,0,0,0,0,0
XOM STK SMART,20150325,154607,84.92,1,0,0,0,0,0
XOM STK SMART,20150325,154616,84.91,1,0,0,0,0,0
XOM STK SMART,20150325,154623,84.91,1,0,0,0,0,0
XOM STK SMART,20150325,154637,84.88,1,0,0,0,0,0
XOM STK SMART,20150325,154642,84.87,1,0,0,0,0,0
XOM STK SMART,20150325,154656,84.89,1,0,0,0,0,0
XOM STK SMART,20150325,154705,84.9,1,0,0,0,0,0
XOM STK SMART,20150325,154717,84.92,1,0,0,0,0,0
XOM STK SMART,20150325,154723,84.92,2,0,0,0,0,0
XOM STK SMART,20150325,154728,84.91,1,0,0,0,0,0
XOM STK SMART,20150325,154739,84.92,1,0,0,0,0,0
XOM STK SMART,20150325,154750,84.91,1,0,0,0,0,0
XOM STK SMART,20150325,154804,84.9,1,0,0,0,0,0
XOM STK SMART,20150325,154817,84.92,1,0,0,0,0,0
XOM STK SMART,20150325,154826,84.93,1,0,0,0,0,0
XOM STK SMART,20150325,154837,84.91,2,0,0,0,0,0
XOM STK SMART,20150325,154843,84.93,1,0,0,0,0,0
XOM STK SMART,20150325,154854,84.94,3,0,0,0,0,0
XOM STK SMART,20150325,154907,84.96,2,0,0,0,0,0
XOM STK SMART,20150325,154915,84.96,1,0,0,0,0,0
XOM STK SMART,20150325,154925,84.94,1,0,0,0,0,0
XOM STK SMART,20150325,154936,84.94,1,0,0,0,0,0
XOM STK SMART,20150325,154940,84.94,1,0,0,0,0,0
XOM STK SMART,20150325,154955,84.95,1,0,0,0,0,0
XOM STK SMART,20150325,155004,84.92,1,0,0,0,0,0
XOM STK SMART,20150325,155016,84.93,1,0,0,0,0,0
XOM STK SMART,20150325,155021,84.92,1,0,0,0,0,0
XOM STK SMART,20150325,155036,84.92,1,0,0,0,0,0
XOM STK SMART,20150325,155047,84.92,2,0,0,0,0,0
XOM STK SMART,20150325,155054,84.92,1,0,0,0,0,0
XOM STK SMART,20150325,155105,84.92,1,0,0,0,0,0
XOM STK SMART,20150325,155115,84.9,2,0,0,0,0,0
XOM STK SMART,20150325,155127,84.92,1,0,0,0,0,0
XOM STK SMART,20150325,155134,84.92,1,0,0,0,0,0
XOM STK SMART,20150325,155144,84.89,1,0,0,0,0,0
XOM STK SMART,20150325,155156,84.88,1,0,0,0,0,0
XOM STK SMART,20150325,155205,84.9,1,0,0,0,0,0
XOM STK SMART,20150325,155217,84.91,1,0,0,0,0,0
XOM STK SMART,20150325,155227,84.89,3,0,0,0,0,0
XOM STK SMART,20150325,155232,84.89,1,0,0,0,0,0
XOM STK SMART,20150325,155246,84.87,1,0,0,0,0,0
XOM STK SMART,20150325,155257,84.87,2,0,0,0,0,0
XOM STK SMART,20150325,155300,84.88,1,0,0,0,0,0
XOM STK SMART,20150325,155317,84.87,1,0,0,0,0,0
XOM STK SMART,20150325,155320,84.88,1,0,0,0,0,0
XOM STK SMART,20150325,155337,84.84,1,0,0,0,0,0
XOM STK SMART,20150325,155347,84.85,1,0,0,0,0,0
XOM STK SMART,20150325,155355,84.83,1,0,0,0,0,0
XOM STK SMART,20150325,155407,84.85,1,0,0,0,0,0
XOM STK SMART,20150325,155417,84.86,1,0,0,0,0,0
XOM STK SMART,20150325,155426,84.87,1,0,0,0,0,0
XOM STK SMART,20150325,155437,84.88,1,0,0,0,0,0
XOM STK SMART,20150325,155445,84.86,1,0,0,0,0,0
XOM STK SMART,20150325,155453,84.85,2,0,0,0,0,0
XOM STK SMART,20150325,155507,84.87,1,0,0,0,0,0
XOM STK SMART,20150325,155516,84.88,1,0,0,0,0,0
XOM STK SMART,20150325,155527,84.88,2,0,0,0,0,0
XOM STK SMART,20150325,155536,84.88,1,0,0,0,0,0
XOM STK SMART,20150325,155546,84.89,1,0,0,0,0,0
XOM STK SMART,20150325,155556,84.9,2,0,0,0,0,0
XOM STK SMART,20150325,155606,84.9,4,0,0,0,0,0
XOM STK SMART,20150325,155617,84.92,2,0,0,0,0,0
XOM STK SMART,20150325,155625,84.92,1,0,0,0,0,0
XOM STK SMART,20150325,155637,84.92,1,0,0,0,0,0
XOM STK SMART,20150325,155647,84.93,1,0,0,0,0,0
XOM STK SMART,20150325,155657,84.93,1,0,0,0,0,0
XOM STK SMART,20150325,155706,84.94,4,0,0,0,0,0
XOM STK SMART,20150325,155717,84.94,1,0,0,0,0,0
XOM STK SMART,20150325,155727,84.94,1,0,0,0,0,0
XOM STK SMART,20150325,155733,84.93,1,0,0,0,0,0
XOM STK SMART,20150325,155746,84.92,1,0,0,0,0,0
XOM STK SMART,20150325,155757,84.92,4,0,0,0,0,0
XOM STK SMART,20150325,155806,84.91,2,0,0,0,0,0
XOM STK SMART,20150325,155817,84.91,4,0,0,0,0,0
XOM STK SMART,20150325,155827,84.92,1,0,0,0,0,0
XOM STK SMART,20150325,155836,84.93,1,0,0,0,0,0
XOM STK SMART,20150325,155843,84.94,1,0,0,0,0,0
XOM STK SMART,20150325,155857,84.91,1,0,0,0,0,0
XOM STK SMART,20150325,155907,84.9,10,0,0,0,0,0
XOM STK SMART,20150325,155916,84.85,1,0,0,0,0,0
XOM STK SMART,20150325,155923,84.84,1,0,0,0,0,0
XOM STK SMART,20150325,191502,84.95,4,0,0,0,0,0
